OpenDSS Value (p.u.),Bus
0.0,udt8894-udt9916x
0.0,udt9916
