0.22103314940492805
0.28619624898242096
0.18721785311670203
0.2506479045890089
0.28619624898242096
0.18721785311670203
0.2506479045890089
0.2880282768184182
0.1908819087886964
0.2561439880970004
0.29352436032640966
0.19637799229668793
0.26164007160499203
0.2990204438344013
0.20187407580467945
0.26943581082824936
0.3091158387729244
0.2490808391126302
0.38842521814516345
0.4104708584911569
0.4325164988371503
0.4552065244196722
0.47789655000219405
0.5005865755847159
0.5232766011672378
0.5274082847185009
0.5315399682697639
0.4463315406710761
0.45046322422233914
0.4545949077736022
0.45759010340421014
0.42525134373899376
0.4269888019292621
0.4287262601195303
0.4575726643846305
0.4674138822762065
0.46915134046647483
0.4708887986567431
0.4726262568470113
0.4743637150372796
0.47610117322754786
0.47783863141781613
0.4778132379595455
0.4762453493088033
0.47224501919168554
0.46600771165459753
0.4632961074145871
0.4636694935595198
0.46404287970445246
0.4644162658493853
0.46302680034577914
0.46009483964970144
0.45872659132486515
0.45872659132486515
0.45872659132486515
0.45872659132486515
0.45872659132486515
0.45872659132486515
0.4495525095352881
0.4289823065896751
0.43254866813812054
0.4361150296865659
0.47384145557158147
0.47846045855959635
0.4820268201080417
0.574933292806438
0.5784996543548833
0.5811149861570766
0.5439741321945049
0.5060011272039625
0.4680281222134201
0.4300551172228779
0.4146997349792925
0.3993443527357071
0.3839889704921216
0.34343008319800605
0.3340724292937472
0.20019723585596672
0.33301456090715525
0.3341299861961399
0.22897860236557754
0.36049283377406477
0.3574803249234211
0.21994107581364628
0.35210685404348413
0.349745892014191
0.21521915175505996
0.349745892014191
0.32008369239166123
0.17056259786174768
0.19559863548839646
0.21566961993006026
0.17355977240320986
0.2553698286475952
0.2085867338421808
0.19609164149941125
0.2506479045890089
0.20622577181288762
0.20718619179236936
0.2858606103651486
0.2532879257201647
0.2629225237551814
0.2506479045890089
0.24360614404229686
0.23530404156481766
0.2561439880970004
0.24910222755028838
0.24080012507280918
0.26164007160499203
0.25459831105827996
0.2462962085808007
0.26943581082824936
0.26469370599680314
0.2766106089334327
0.36385430634643673
0.4104708584911569
0.4325164988371503
0.4552065244196722
0.47789655000219405
0.5005865755847159
0.5232766011672378
0.5274082847185009
0.5315399682697639
0.4463315406710761
0.45046322422233914
0.4545949077736022
0.45872659132486515
0.4604640495151334
0.4622015077054017
0.4341611344457525
0.4304637183097986
0.4322011765000669
0.45619082796423
0.4708887986567431
0.4726262568470113
0.4743637150372796
0.47610117322754786
0.47783863141781613
0.4778132379595455
0.4762453493088033
0.47224501919168554
0.46600771165459753
0.4632961074145871
0.4636694935595198
0.46404287970445246
0.4644162658493853
0.46302680034577914
0.46009483964970144
0.45872659132486515
0.45872659132486515
0.45872659132486515
0.45872659132486515
0.45872659132486515
0.460706519086201
0.46217222557923593
0.4659035330651672
0.4404933305231786
0.4361150296865659
0.4396813912350113
0.46162882208828127
0.4820268201080417
0.574933292806438
0.5784996543548833
0.5811149861570766
0.5439741321945049
0.5060011272039625
0.4680281222134201
0.4300551172228779
0.4146997349792925
0.3993443527357071
0.3839889704921216
0.3418214360699532
0.3619029485316884
0.20019723585596672
0.33301456090715525
0.33130514569921266
0.2005005099742791
0.36049283377406477
0.3574803249234211
0.21994107581364628
0.35210685404348413
0.349745892014191
0.21521915175505998
0.349745892014191
0.34502396795560464
0.17264090020559694
0.1658406738031614
0.1611133568404626
0.15875239481116943
0.21094769587147394
0.2085867338421808
0.15166950872328996
0.20622577181288765
0.20622577181288765
0.15166950872328996
0.20622577181288765
0.20622577181288765
0.15166950872328996
0.23864026955088813
0.24327050542502443
0.19054627017142395
0.2216876982460484
0.21355388315687632
0.1735216858393105
0.261640071604992
0.21904996666486792
0.18536378831531936
0.3049841552216614
0.2646937059968032
0.24106226454002064
0.35321251236902385
0.3978339626455857
0.4325164988371503
0.4552065244196722
0.47789655000219405
0.5005865755847159
0.5232766011672378
0.5274082847185009
0.5315399682697639
0.4463315406710761
0.45046322422233914
0.4545949077736022
0.45872659132486515
0.4604640495151334
0.4622015077054017
0.46393896589566996
0.4432753938904754
0.4322011765000669
0.43393863469033517
0.4516583345023957
0.4726262568470113
0.4743637150372796
0.47610117322754786
0.47783863141781613
0.4778132379595455
0.4762453493088033
0.47224501919168554
0.46600771165459753
0.4632961074145871
0.4636694935595198
0.46404287970445246
0.4644162658493853
0.46302680034577914
0.46009483964970144
0.45872659132486515
0.45872659132486515
0.45872659132486515
0.45872659132486515
0.45872659132486515
0.45872659132486515
0.4606286508173694
0.4641950123658148
0.467095857668264
0.4361150296865659
0.4396813912350113
0.44324775278345674
0.4728980540642181
0.574933292806438
0.5784996543548833
0.5811149861570766
0.5439741321945049
0.5060011272039625
0.4680281222134201
0.4300551172228779
0.4146997349792925
0.3993443527357071
0.3839889704921216
0.3516260797832819
0.3692851350698868
0.20752398171567696
0.33301456090715525
0.33130514569921266
0.19376589658943788
0.35176430410027676
0.3574803249234211
0.21994107581364628
0.35210685404348413
0.349745892014191
0.21521915175505998
0.349745892014191
0.34502396795560464
0.18553730429886564
0.17675192642108092
0.21566961993006026
0.15875239481116943
0.21094769587147394
0.2085867338421808
0.19609164149941125
0.2506479045890089
0.21807521994402498
0.2316399858928233
0.2506479045890089
0.24177411620629968
0.2316399858928233
0.2506479045890089
0.254817987159978
0.2705167473409573
0.29135669387314006
0.2802664218986299
0.24080012507280918
0.26164007160499203
0.25459831105827996
0.2462962085808007
0.26943581082824936
0.2646937059968032
0.2766106089334327
0.3532125123690238
0.3869718523351708
0.4325164988371503
0.4552065244196722
0.47789655000219405
0.5005865755847159
0.5232766011672378
0.5274082847185009
0.5315399682697639
0.4463315406710761
0.45046322422233914
0.4545949077736022
0.45872659132486515
0.4604640495151334
0.4622015077054017
0.46393896589566996
0.4632915127348303
0.4322011765000669
0.43393863469033517
0.43567609288060344
0.46911377422380807
0.4743637150372796
0.47610117322754786
0.47783863141781613
0.4778132379595455
0.4762453493088033
0.47224501919168554
0.46600771165459753
0.4632961074145871
0.4636694935595198
0.46404287970445246
0.4644162658493853
0.46302680034577914
0.46009483964970144
0.45872659132486515
0.45872659132486515
0.45872659132486515
0.45872659132486515
0.45872659132486515
0.45872659132486515
0.4606286508173694
0.4641950123658148
0.4677613739142602
0.44891683718339626
0.4396813912350113
0.44324775278345674
0.45977577624237614
0.574933292806438
0.5784996543548833
0.5811149861570766
0.5439741321945049
0.5060011272039625
0.4680281222134201
0.4300551172228779
0.4146997349792925
0.3993443527357071
0.3839889704921216
0.3572952492717
0.3692851350698868
0.21408287882397087
0.33301456090715525
0.33130514569921266
0.19376589658943788
0.34502827276819586
0.3574803249234211
0.2199410758136463
0.3521068540434842
0.349745892014191
0.21521915175505998
0.34974589201419104
0.34502396795560464
0.1910614586597603
0.2648190696688803
0.29564009709959355
0.1943007392045815
0.2553698286475952
0.28855721101171417
0.18721785311670203
0.2506479045890089
0.28619624898242096
0.18721785311670203
0.2506479045890089
0.28619624898242096
0.18721785311670203
0.2506479045890089
0.2880282768184182
0.21316406536067542
0.29135669387314006
0.3287370661025493
0.21647313422827683
0.26164007160499203
0.2990204438344013
0.20187407580467942
0.26943581082824936
0.3091158387729244
0.2321884761573114
0.35321251236902385
0.38235123672424093
0.4325164988371503
0.4552065244196722
0.47789655000219405
0.5005865755847159
0.5232766011672378
0.5274082847185009
0.5315399682697639
0.4463315406710761
0.45046322422233914
0.4545949077736022
0.45872659132486515
0.4604640495151334
0.4622015077054017
0.46393896589566996
0.4656764240859383
0.438705128367092
0.43393863469033517
0.43567609288060344
0.460460247125007
0.4743637150372796
0.47610117322754786
0.47783863141781613
0.4778132379595455
0.4762453493088033
0.47224501919168554
0.46600771165459753
0.4632961074145871
0.4636694935595198
0.46404287970445246
0.4644162658493853
0.46302680034577914
0.46009483964970144
0.45872659132486515
0.45872659132486515
0.45872659132486515
0.45872659132486515
0.45872659132486515
0.45872659132486515
0.4606286508173694
0.4641950123658148
0.4677613739142602
0.45467033987780536
0.4396813912350113
0.44324775278345674
0.4541676801211624
0.574933292806438
0.5784996543548833
0.5811149861570766
0.5439741321945049
0.5060011272039625
0.4680281222134201
0.4300551172228779
0.4146997349792925
0.3993443527357071
0.3839889704921216
0.34913384120956675
0.3692851350698868
0.21688690642071254
0.33301456090715525
0.33130514569921266
0.19376589658943788
0.34214999463400786
0.3574803249234211
0.21994107581364628
0.35210685404348413
0.349745892014191
0.21521915175505996
0.349745892014191
0.34502396795560464
0.19342302337310507
0.19559863548839646
0.21566961993006026
0.17355977240320986
0.2553698286475952
0.2085867338421808
0.19609164149941125
0.23742651722496724
0.2167032807111207
0.21841859852878168
0.23742651722496727
0.22855272884225802
0.21841859852878165
0.23742651722496727
0.22855272884225805
0.23037343106458236
0.27263922300110693
0.2637654346183977
0.24883944616733644
0.23742651722496727
0.22855272884225802
0.21841859852878165
0.23742651722496727
0.22855272884225802
0.21841859852878162
0.23872961086766845
0.2311589161276604
0.22516103389203704
0.24830520066607562
0.240961473075817
0.23235740355479115
0.25289538304342735
0.24555165545316873
0.24085686686024654
0.1759640161270356
0.17607101250882026
0.22947393004943542
0.2332423402431246
0.25873979861774316
0.27599186640664247
0.27976027660033154
0.2715785515538325
0.2572967657823749
0.2572967657823749
0.2572967657823749
0.2572967657823749
0.2572967657823749
0.25428653919502614
0.2512763126076774
0.250872273305731
0.2504682340037847
0.2500641947018383
0.24966015539989186
0.2440437415271408
0.23842732765438956
0.23281091378163848
0.22719449990888724
0.22418427332153845
0.22117404673418975
0.19671081440592325
0.21515359355949215
0.10911877474695215
0.24434584616093424
0.24434584616093427
0.08548453151407916
0.20913314038479455
0.20913314038479464
0.07301275075589073
0.20594584164524882
0.2056552859181772
0.07083798993197452
0.20507417446403384
0.2941237298869129
0.15670024661530782
0.2883302438619647
0.2854335008494907
0.14801001757788557
0.28699682631662154
0.27934945909747083
0.14928278731794478
0.14163542009879407
0.19459803381861887
0.1990581022982238
0.14451066960137335
0.22821709022498562
0.27869294085048474
0.21808295991150925
0.19411012915417267
0.2434802350743451
0.21841859852878168
0.22855272884225802
0.24348023507434505
0.21841859852878165
0.22855272884225805
0.24348023507434505
0.21841859852878165
0.22855272884225802
0.24348023507434505
0.21841859852878165
0.22855272884225802
0.24348023507434505
0.21841859852878165
0.22855272884225802
0.23742651722496724
0.2167032807111207
0.21841859852878168
0.23742651722496727
0.22855272884225802
0.21841859852878165
0.23742651722496727
0.22855272884225805
0.23037343106458236
0.27263922300110693
0.2637654346183977
0.24883944616733644
0.23742651722496727
0.22855272884225802
0.21841859852878165
0.23742651722496727
0.22855272884225802
0.21841859852878162
0.23872961086766845
0.2311589161276604
0.22516103389203704
0.24830520066607562
0.240961473075817
0.23235740355479115
0.25289538304342735
0.24555165545316873
0.24085686686024654
0.1759640161270356
0.17607101250882026
0.22947393004943542
0.2332423402431246
0.25873979861774316
0.27599186640664247
0.27976027660033154
0.2715785515538325
0.2572967657823749
0.2572967657823749
0.2572967657823749
0.2572967657823749
0.2572967657823749
0.25428653919502614
0.2512763126076774
0.250872273305731
0.2504682340037847
0.2500641947018383
0.24966015539989186
0.2440437415271408
0.23842732765438956
0.23281091378163848
0.22719449990888724
0.22418427332153845
0.22117404673418975
0.19671081440592325
0.21515359355949215
0.10911877474695215
0.24434584616093424
0.24434584616093427
0.08548453151407916
0.20913314038479455
0.20913314038479464
0.07301275075589073
0.20594584164524882
0.2056552859181772
0.07083798993197452
0.20507417446403384
0.2941237298869129
0.15670024661530782
0.2883302438619647
0.2854335008494907
0.14801001757788557
0.28699682631662154
0.27934945909747083
0.14928278731794478
0.14163542009879407
0.19459803381861887
0.1990581022982238
0.14451066960137335
0.22821709022498562
0.27869294085048474
0.21808295991150925
0.19411012915417267
0.2434802350743451
0.21841859852878168
0.22855272884225802
0.24348023507434505
0.21841859852878165
0.22855272884225805
0.24348023507434505
0.21841859852878165
0.22855272884225802
0.24348023507434505
0.21841859852878165
0.22855272884225802
0.24348023507434505
0.21841859852878165
0.22855272884225802
0.28586061036514854
0.25429818170073787
0.24177411620629968
0.2506479045890089
0.2316399858928233
0.24177411620629968
0.2506479045890089
0.23347201372882045
0.24543817187829403
0.2561439880970004
0.23896809723681195
0.25093425538628555
0.261640071604992
0.24446418074480353
0.2564303388942771
0.26943581082824936
0.25455957568332677
0.2918887673194263
0.38842521814516345
0.4104708584911569
0.4325164988371503
0.4552065244196722
0.47789655000219405
0.5005865755847159
0.5232766011672378
0.5274082847185009
0.5315399682697639
0.4463315406710761
0.45046322422233914
0.4545949077736022
0.45872659132486515
0.44714162569724625
0.4269888019292621
0.4287262601195303
0.434916122992343
0.4674138822762065
0.46915134046647483
0.4708887986567431
0.4726262568470113
0.4743637150372796
0.47610117322754786
0.47783863141781613
0.4778132379595455
0.4762453493088033
0.47224501919168554
0.46600771165459753
0.4632961074145871
0.4636694935595198
0.46404287970445246
0.4644162658493853
0.46302680034577914
0.46009483964970144
0.45872659132486515
0.45872659132486515
0.45872659132486515
0.45872659132486515
0.45872659132486515
0.45872659132486515
0.4606286508173694
0.43383862860826117
0.43254866813812054
0.4361150296865659
0.45841132756565467
0.47846045855959635
0.4820268201080417
0.4855931816564872
0.5784996543548833
0.5811149861570766
0.5439741321945049
0.5060011272039625
0.4680281222134201
0.4300551172228779
0.4146997349792925
0.3993443527357071
0.3839889704921216
0.3473742026669683
0.3417211845469517
0.20019723585596672
0.33301456090715525
0.33130514569921266
0.2220588909184653
0.36049283377406477
0.3574803249234211
0.2199410758136463
0.35210685404348413
0.349745892014191
0.21521915175505998
0.349745892014191
0.32856663318605495
0.17056259786174768
0.1658406738031614
0.1611133568404626
0.17693781584103532
0.21094769587147394
0.15403047075258314
0.20622577181288765
0.20622577181288762
0.15166950872328996
0.20622577181288765
0.21499729583474317
0.18688221449942966
0.28586061036514854
0.2842579796674949
0.15350153655928714
0.2543119602610033
0.2561439880970004
0.15899762006727863
0.2598080437689948
0.26164007160499203
0.16449370357527024
0.2653041272769863
0.3049841552216614
0.21013744290720549
0.2956185276296183
0.35644411391643477
0.4104708584911569
0.4325164988371503
0.4552065244196722
0.47789655000219405
0.5005865755847159
0.5232766011672378
0.5274082847185009
0.5315399682697639
0.4463315406710761
0.45046322422233914
0.4545949077736022
0.45872659132486515
0.4604640495151334
0.4622015077054017
0.4479054218567429
0.4304637183097986
0.4322011765000669
0.4427865117864877
0.4708887986567431
0.4726262568470113
0.4743637150372796
0.47610117322754786
0.47783863141781613
0.47991538596146427
0.4790954166780595
0.47545190103928076
0.46948948209662006
0.4649026850186403
0.4680971120562659
0.4673933440085902
0.4680350807692616
0.4708100754859093
0.47632367700700273
0.4789124321767223
0.48351778437622095
0.48721793506689226
0.49003772427545117
0.4925964900737764
0.4949761420229167
0.49841739293270804
0.50201507897416
0.48466475129735714
0.46961536835431916
0.46970772442493897
0.4785125514193027
0.504883450352615
0.5052018263577476
0.5944791753231983
0.5928978384828761
0.5500631826048014
0.5060011272039625
0.4692696515671736
0.4300551172228779
0.41594126433304596
0.3993443527357071
0.3839889704921216
0.24719782547429592
0.2679856060884799
0.20019723585596672
0.2175035221984836
0.2323267498334936
0.19509969484768885
0.2894039278415145
0.3302021933786222
0.27449733890324396
0.2987921203076398
0.349745892014191
0.2697754148446576
0.2964311582783467
0.34502396795560464
0.231745651455352
0.1670822031569148
0.1611133568404626
0.15875239481116943
0.1576329621356297
0.15403047075258314
0.15166950872328996
0.15166950872328996
0.15166950872328996
0.15166950872328996
0.15166950872328996
0.15166950872328996
0.15166950872328996
0.16415858642445685
0.18871424233542677
0.19054627017142395
0.18706250732487706
0.15899762006727863
0.16082964790327586
0.16266167573927307
0.16449370357527024
0.16632573141126736
0.3049841552216614
0.3091158387729244
0.19664013176389936
0.3532125123690238
0.3939787776843061
0.4325164988371503
0.4552065244196722
0.47789655000219405
0.5005865755847159
0.5232766011672378
0.5274082847185009
0.5315399682697639
0.4463315406710761
0.45046322422233914
0.4545949077736022
0.45872659132486515
0.4604640495151334
0.4622015077054017
0.46393896589566996
0.4502505182924959
0.4322011765000669
0.43393863469033517
0.44485474349201765
0.4726262568470113
0.4743637150372796
0.47610117322754786
0.47783863141781613
0.4778132379595455
0.4762453493088033
0.47224501919168554
0.46600771165459753
0.4632961074145871
0.4636694935595198
0.46404287970445246
0.4644162658493853
0.46302680034577914
0.46009483964970144
0.45872659132486515
0.45872659132486515
0.45872659132486515
0.45872659132486515
0.45872659132486515
0.45872659132486515
0.4606286508173694
0.4641950123658148
0.4677613739142602
0.4401683576967953
0.441338607361143
0.4491499243802203
0.47611938507820833
0.4918844931982728
0.5840552731223375
0.5811149861570766
0.5439741321945049
0.5060011272039625
0.4697488975737392
0.4300551172228779
0.41642051033961164
0.3993443527357071
0.3839889704921216
0.30309099347928975
0.3692851350698868
0.20980323080003707
0.33473533626747437
0.33130514569921266
0.19376589658943788
0.35116063500734007
0.3574803249234211
0.21994107581364628
0.35382762940380325
0.349745892014191
0.21521915175505996
0.35146666737451016
0.34502396795560464
0.18742827282206131
0.16756144916348048
0.1611133568404626
0.15875239481116943
0.15811220814219537
0.15403047075258314
0.15166950872328996
0.15166950872328996
0.15166950872328996
0.15166950872328996
0.15166950872328996
0.15166950872328996
0.15166950872328996
0.15166950872328996
0.15643113354126184
0.19054627017142395
0.19237829800742115
0.19421032584341827
0.21963061747290039
0.21721793882887072
0.16449370357527024
0.22088199450086504
0.3049841552216614
0.25455957568332677
0.251196394853497
0.3532125123690238
0.3853506884537512
0.4325164988371503
0.4552065244196722
0.47789655000219405
0.5005865755847159
0.5232766011672378
0.5274082847185009
0.5315399682697639
0.4463315406710761
0.45046322422233914
0.4545949077736022
0.45872659132486515
0.4604640495151334
0.4622015077054017
0.46393896589566996
0.4656764240859383
0.4327007199669266
0.43393863469033517
0.43567609288060344
0.46631904784670397
0.4743637150372796
0.47610117322754786
0.47783863141781613
0.4778132379595455
0.4762453493088033
0.47224501919168554
0.46600771165459753
0.4632961074145871
0.4636694935595198
0.46404287970445246
0.4644162658493853
0.46302680034577914
0.46009483964970144
0.45872659132486515
0.45872659132486515
0.45872659132486515
0.45872659132486515
0.45872659132486515
0.45872659132486515
0.4606286508173694
0.4641950123658148
0.4677613739142602
0.45077420643150123
0.4396813912350113
0.44324775278345674
0.4579653178189374
0.4855931816564872
0.5784996543548833
0.5811149861570766
0.5439741321945049
0.5060011272039625
0.4680281222134201
0.4300551172228779
0.4146997349792925
0.3993443527357071
0.3839889704921216
0.3148228921448838
0.3692851350698868
0.21499029919080476
0.33301456090715525
0.33130514569921266
0.19376589658943788
0.34409817023512496
0.3574803249234211
0.21994107581364628
0.35210685404348413
0.349745892014191
0.21521915175505996
0.349745892014191
0.34502396795560464
0.19182343727557472
0.1658406738031614
0.1611133568404626
0.15875239481116943
0.15639143278187626
0.15403047075258314
0.15166950872328996
0.16159389809622868
0.16074752881365006
0.15166950872328996
0.16159389809622868
0.16074752881365006
0.15166950872328996
0.16159389809622868
0.16257955664964724
0.17425913691262984
0.2023026873803598
0.2032883459337784
0.18428952389328476
0.17258606511221172
0.17357172366563028
0.16632573141126736
0.3149085445946001
0.3181938588632845
0.19664013176389936
0.36313690174196256
0.390708038128561
0.4325164988371503
0.4651309137926109
0.48697457009255407
0.5005865755847159
0.5332009905401764
0.536486304808861
0.5315399682697639
0.45625593004401477
0.45954124431269927
0.4545949077736022
0.4686509806978038
0.46954206960549355
0.4622015077054017
0.4738633552686086
0.4747544441762984
0.4435913835975023
0.43730816644090387
0.43567609288060344
0.46283245308521564
0.4743637150372796
0.4792467337762344
0.47783863141781613
0.4778132379595455
0.4762453493088033
0.47224501919168554
0.46600771165459753
0.4632961074145871
0.4636694935595198
0.46722033670926916
0.4644162658493853
0.46302680034577914
0.46009483964970144
0.45872659132486515
0.45872659132486515
0.45872659132486515
0.45872659132486515
0.45872659132486515
0.45872659132486515
0.4606286508173694
0.4641950123658148
0.4773542480388686
0.45849206077364757
0.4451523624425611
0.44324775278345674
0.45340837472257656
0.4855931816564872
0.5784996543548833
0.5811149861570766
0.5439741321945049
0.5060011272039625
0.4680281222134201
0.4300551172228779
0.4146997349792925
0.3993443527357071
0.3839889704921216
0.27662561915254097
0.3692851350698868
0.21726925017239782
0.33301456090715525
0.33130514569921266
0.19376589658943788
0.3417698544842148
0.3574803249234211
0.21994107581364628
0.35210685404348413
0.34974589201419104
0.21521915175505998
0.349745892014191
0.34502396795560464
0.1937191548714911
0.1658406738031614
0.1611133568404626
0.15875239481116943
0.15639143278187626
0.15403047075258314
0.15166950872328996
0.1384481213592483
0.1384481213592483
0.1384481213592483
0.1384481213592483
0.1384481213592483
0.1384481213592483
0.1384481213592483
0.1384481213592483
0.14908641359450278
0.17366082713538797
0.17366082713538797
0.17019610874241647
0.1384481213592483
0.1384481213592483
0.1384481213592483
0.1384481213592483
0.1384481213592483
0.1384481213592483
0.19430747809154716
0.19561057173424837
0.14519055672250372
0.20388306788995436
0.20541312868240497
0.15238692638525783
0.2884437274368394
0.28997378822929
0.16088638969071323
0.21151236052044767
0.22049314528494157
0.22947393004943542
0.2332423402431246
0.2574204221463849
0.27599186640664247
0.27976027660033154
0.2728979194372858
0.2572967657823749
0.2572967657823749
0.2572967657823749
0.2572967657823749
0.2572967657823749
0.25428653919502614
0.2512763126076774
0.250872273305731
0.2504682340037847
0.2500641947018383
0.24966015539989186
0.2440437415271408
0.23842732765438956
0.23281091378163848
0.22719449990888724
0.22418427332153845
0.22117404673418975
0.08363707988770992
0.08062685330036115
0.10780045081779427
0.1669814628309516
0.21032330022035203
0.1322188201671822
0.16893813367063062
0.2122409675988902
0.11847118602617442
0.1659080318769266
0.20925132092319987
0.11619926880524722
0.16492542777114302
0.2047836187369622
0.20168258283097806
0.24390811108584343
0.2854335008494907
0.19428459984617186
0.23652097569112238
0.27934945909747083
0.18765120224468826
0.14163542009879407
0.1400417707290212
0.1384481213592483
0.14318945944045544
0.17366082713538797
0.17366082713538797
0.17366082713538797
0.1954328525196579
0.193004384448846
0.1384481213592483
0.193004384448846
0.193004384448846
0.1384481213592483
0.193004384448846
0.193004384448846
0.1384481213592483
0.193004384448846
0.193004384448846
0.1384481213592483
0.193004384448846
0.193004384448846
0.1384481213592483
0.193004384448846
0.1384481213592483
0.1384481213592483
0.1384481213592483
0.1384481213592483
0.1384481213592483
0.1384481213592483
0.1384481213592483
0.1384481213592483
0.14908641359450278
0.17366082713538797
0.17366082713538797
0.17019610874241647
0.1384481213592483
0.1384481213592483
0.1384481213592483
0.1384481213592483
0.1384481213592483
0.1384481213592483
0.19430747809154716
0.19561057173424837
0.14519055672250372
0.20388306788995436
0.20541312868240497
0.15238692638525783
0.2884437274368394
0.28997378822929
0.16088638969071323
0.21151236052044767
0.22049314528494157
0.22947393004943542
0.2332423402431246
0.2574204221463849
0.27599186640664247
0.27976027660033154
0.2728979194372858
0.2572967657823749
0.2572967657823749
0.2572967657823749
0.2572967657823749
0.2572967657823749
0.25428653919502614
0.2512763126076774
0.250872273305731
0.2504682340037847
0.2500641947018383
0.24966015539989186
0.2440437415271408
0.23842732765438956
0.23281091378163848
0.22719449990888724
0.22418427332153845
0.22117404673418975
0.08363707988770992
0.08062685330036115
0.10780045081779427
0.1669814628309516
0.21032330022035203
0.1322188201671822
0.16893813367063062
0.2122409675988902
0.11847118602617442
0.1659080318769266
0.20925132092319987
0.11619926880524722
0.16492542777114302
0.2047836187369622
0.20168258283097806
0.24390811108584343
0.2854335008494907
0.19428459984617186
0.23652097569112238
0.27934945909747083
0.18765120224468826
0.14163542009879407
0.1400417707290212
0.1384481213592483
0.14318945944045544
0.17366082713538797
0.17366082713538797
0.17366082713538797
0.1954328525196579
0.193004384448846
0.1384481213592483
0.193004384448846
0.193004384448846
0.1384481213592483
0.193004384448846
0.193004384448846
0.1384481213592483
0.193004384448846
0.193004384448846
0.1384481213592483
0.193004384448846
0.193004384448846
0.1384481213592483
0.193004384448846
0.28586061036514854
0.2112023194771087
0.28619624898242096
0.2506479045890089
0.18721785311670203
0.28619624898242096
0.2506479045890089
0.1890498809526992
0.28986030465441537
0.2561439880970004
0.19454596446069072
0.2953563881624069
0.26164007160499203
0.20004204796868233
0.30085247167039836
0.26943581082824936
0.21013744290720549
0.3360415131921702
0.3884252181451635
0.4104708584911569
0.4325164988371503
0.4552065244196722
0.47789655000219405
0.5005865755847159
0.5232766011672378
0.5274082847185009
0.5315399682697639
0.4463315406710761
0.45046322422233914
0.4545949077736022
0.45872659132486515
0.4472942438314331
0.4269888019292621
0.4287262601195303
0.4347681871267078
0.4674138822762065
0.46915134046647483
0.4708887986567431
0.4726262568470113
0.4743637150372796
0.47610117322754786
0.47783863141781613
0.4778132379595455
0.4762453493088033
0.47224501919168554
0.46600771165459753
0.4632961074145871
0.4636694935595198
0.46404287970445246
0.4644162658493853
0.46302680034577914
0.46009483964970144
0.45872659132486515
0.45872659132486515
0.45872659132486515
0.45872659132486515
0.45872659132486515
0.45872659132486515
0.4606286508173694
0.4339466051814083
0.43405678769242345
0.4361150296865659
0.4605294503662223
0.47846045855959635
0.483977687535222
0.4855931816564872
0.5784996543548833
0.5811149861570766
0.5439741321945049
0.5060011272039625
0.4680281222134201
0.4300551172228779
0.4146997349792925
0.3993443527357071
0.3839889704921216
0.3379911286158699
0.3417820117991958
0.20019723585596672
0.33301456090715525
0.33130514569921266
0.22199441260725955
0.3604928337740648
0.3574803249234211
0.21994107581364628
0.35210685404348413
0.349745892014191
0.21521915175505996
0.349745892014191
0.3286208992969834
0.17056259786174768
0.1658406738031614
0.1611133568404626
0.15875239481116943
0.15639143278187626
0.18130860229738197
0.20622577181288765
0.15166950872328996
0.20622577181288765
0.20622577181288765
0.16019398456225822
0.2414384775890273
0.2414384775890273
0.18552575621815248
0.2080577996488848
0.209889827484882
0.1571655922312815
0.21355388315687632
0.21538591099287352
0.20708380851539435
0.26347209944098915
0.22088199450086504
0.25042789213206373
0.3091158387729244
0.25119639485349704
0.3563956690691125
0.4104708584911569
0.4325164988371503
0.4552065244196722
0.47789655000219405
0.5005865755847159
0.5232766011672378
0.5274082847185009
0.5315399682697639
0.4463315406710761
0.45046322422233914
0.4545949077736022
0.45872659132486515
0.4604640495151334
0.4622015077054017
0.44799648515586565
0.4304637183097986
0.4322011765000669
0.4426977055579631
0.4708887986567431
0.4726262568470113
0.4743637150372796
0.47610117322754786
0.47783863141781613
0.4778132379595455
0.4762453493088033
0.47224501919168554
0.46600771165459753
0.4632961074145871
0.4636694935595198
0.46404287970445246
0.4644162658493853
0.46302680034577914
0.46009483964970144
0.45872659132486515
0.45872659132486515
0.45872659132486515
0.45872659132486515
0.45872659132486515
0.45872659132486515
0.4606286508173694
0.4641950123658148
0.4481858930805508
0.4361150296865659
0.4396813912350113
0.4524688787073292
0.4820268201080417
0.4855931816564872
0.5784996543548833
0.5811149861570766
0.5439741321945049
0.5060011272039625
0.4680281222134201
0.4300551172228779
0.4146997349792925
0.3993443527357071
0.3839889704921216
0.33288405201042554
0.3669816178375086
0.20019723585596672
0.33301456090715525
0.33130514569921266
0.19508633817709445
0.3604928337740648
0.3574803249234211
0.21994107581364628
0.3521068540434842
0.349745892014191
0.21521915175505996
0.34974589201419104
0.34502396795560464
0.17721852032941282
0.1658406738031614
0.1611133568404626
0.15875239481116943
0.15639143278187626
0.15403047075258314
0.15166950872328996
0.15166950872328996
0.15166950872328996
0.15166950872328996
0.15166950872328996
0.20622577181288765
0.20622577181288765
0.16401393653663499
0.24327050542502443
0.24510253326102163
0.18720530032881516
0.21355388315687632
0.21538591099287352
0.16266167573927307
0.21904996666486792
0.22088199450086504
0.25042789213206373
0.3091158387729244
0.25119639485349704
0.3532125123690238
0.39396107887421317
0.4325164988371503
0.4552065244196722
0.47789655000219405
0.5005865755847159
0.5232766011672378
0.5274082847185009
0.5315399682697639
0.4463315406710761
0.45046322422233914
0.4545949077736022
0.45872659132486515
0.4604640495151334
0.4622015077054017
0.46393896589566996
0.4503568171279882
0.4322011765000669
0.43393863469033517
0.44475098731657625
0.4726262568470113
0.4743637150372796
0.47610117322754786
0.47783863141781613
0.4778132379595455
0.4762453493088033
0.47224501919168554
0.46600771165459753
0.4632961074145871
0.4636694935595198
0.46404287970445246
0.4644162658493853
0.46302680034577914
0.46009483964970144
0.45872659132486515
0.45872659132486515
0.45872659132486515
0.45872659132486515
0.45872659132486515
0.45872659132486515
0.4606286508173694
0.4641950123658148
0.4677613739142602
0.44024081143079574
0.4396813912350113
0.44324775278345674
0.46823303065410443
0.4855931816564872
0.5784996543548833
0.5811149861570766
0.5439741321945049
0.5060011272039625
0.4680281222134201
0.4300551172228779
0.4146997349792925
0.3993443527357071
0.3839889704921216
0.35966513889792745
0.3692851350698868
0.2098566037869859
0.33301456090715525
0.33130514569921266
0.19376589658943788
0.3493673614318237
0.3574803249234211
0.2199410758136463
0.3521068540434842
0.349745892014191
0.21521915175505998
0.34974589201419104
0.34502396795560464
0.18750283598025433
0.2790384074262451
0.29564009709959366
0.15875239481116943
0.2909181730410073
0.28855721101171417
0.15166950872328996
0.28619624898242096
0.28619624898242096
0.15166950872328996
0.28619624898242096
0.28619624898242096
0.15166950872328996
0.28619624898242096
0.29065467171729387
0.190546270171424
0.32690503826655215
0.3287370661025493
0.16536996794739445
0.29718841599840407
0.2990204438344013
0.16632573141126736
0.3049841552216614
0.3091158387729244
0.19664013176389936
0.35321251236902385
0.38533724444422496
0.4325164988371503
0.4552065244196722
0.47789655000219405
0.5005865755847159
0.5232766011672378
0.5274082847185009
0.5315399682697639
0.4463315406710761
0.45046322422233914
0.4545949077736022
0.45872659132486515
0.4604640495151334
0.4622015077054017
0.46393896589566996
0.4656764240859383
0.43293943113709493
0.43393863469033517
0.43567609288060344
0.46608600144240975
0.4743637150372796
0.47610117322754786
0.47783863141781613
0.4778132379595455
0.4762453493088033
0.47224501919168554
0.46600771165459753
0.4632961074145871
0.4636694935595198
0.46404287970445246
0.4644162658493853
0.46302680034577914
0.46009483964970144
0.45872659132486515
0.45872659132486515
0.45872659132486515
0.45872659132486515
0.45872659132486515
0.45872659132486515
0.4606286508173694
0.4641950123658148
0.4677613739142602
0.450929089599292
0.4396813912350113
0.44324775278345674
0.45781434774158564
0.4855931816564872
0.5784996543548833
0.5811149861570766
0.5439741321945049
0.5060011272039625
0.4680281222134201
0.4300551172228779
0.4146997349792925
0.3993443527357071
0.3839889704921216
0.3471838665056698
0.3692851350698868
0.21506833193694352
0.33301456090715525
0.33130514569921266
0.19376589658943788
0.3440162952856335
0.3574803249234211
0.21994107581364628
0.35210685404348413
0.349745892014191
0.21521915175505998
0.349745892014191
0.34502396795560464
0.19188820734285103
0.17796428782307197
0.21566961993006026
0.15875239481116943
0.21094769587147394
0.2085867338421808
0.15166950872328996
0.20622577181288765
0.20622577181288762
0.15166950872328996
0.20622577181288765
0.20622577181288765
0.19609164149941125
0.2506479045890089
0.2080577996488848
0.21842013951147266
0.30913086606984613
0.28431493332642804
0.22896370063242907
0.297188415998404
0.25459831105827996
0.21074786418738867
0.30498415522166133
0.26469370599680314
0.24106226454002064
0.35321251236902385
0.38161990199576895
0.4325164988371503
0.4552065244196722
0.47789655000219405
0.5005865755847159
0.5232766011672378
0.5274082847185009
0.5315399682697639
0.4463315406710761
0.45046322422233914
0.4545949077736022
0.45872659132486515
0.4604640495151334
0.4622015077054017
0.46393896589566996
0.4656764240859383
0.4400549290133231
0.43393863469033517
0.43567609288060344
0.45914329850303054
0.4743637150372796
0.47610117322754786
0.47783863141781613
0.4778132379595455
0.4762453493088033
0.47224501919168554
0.46600771165459753
0.4632961074145871
0.4636694935595198
0.46580534253354067
0.4671079252200838
0.4654583532935122
0.46489832071784987
0.4612307004285068
0.46037435294913825
0.46254806243518487
0.4611709476310187
0.46097904614798174
0.4604368641335754
0.4606286508173694
0.4641950123658148
0.4677613739142602
0.4555414690493869
0.4396813912350113
0.44324775278345674
0.45331844469232063
0.4855931816564872
0.5784996543548833
0.5811149861570766
0.5439741321945049
0.506587903073903
0.4692746374950489
0.4300551172228779
0.41594625026092125
0.3993443527357071
0.3839889704921216
0.3026167334005994
0.3692851350698868
0.21732199661696586
0.3342610761887839
0.33130514569921266
0.19376589658943788
0.34294744516154907
0.3574803249234211
0.21994107581364628
0.3533533693251128
0.349745892014191
0.21521915175505996
0.3509924072958197
0.34502396795560464
0.19379363583918416
0.1670871890847901
0.1611133568404626
0.15875239481116943
0.15763794806350498
0.15403047075258314
0.15166950872328996
0.193004384448846
0.193004384448846
0.1384481213592483
0.193004384448846
0.193004384448846
0.1384481213592483
0.193004384448846
0.193004384448846
0.14877107472341666
0.22821709022498562
0.22821709022498565
0.17050690280952177
0.193004384448846
0.193004384448846
0.1384481213592483
0.193004384448846
0.193004384448846
0.1384481213592483
0.19430747809154716
0.19561057173424837
0.14519055672250372
0.20388306788995433
0.20541312868240497
0.17459799277331847
0.2884437274368394
0.2455516554531687
0.2053085224668345
0.2115123605204476
0.17607101250882026
0.22947393004943542
0.2332423402431246
0.25710526175458226
0.27599186640664247
0.27976027660033154
0.2732130821510483
0.2572967657823749
0.2572967657823749
0.2572967657823749
0.2572967657823749
0.2572967657823749
0.25428653919502614
0.2512763126076774
0.250872273305731
0.2504682340037847
0.2500641947018383
0.24966015539989186
0.2440437415271408
0.23842732765438956
0.23281091378163848
0.22719449990888724
0.22590445707812917
0.22274478447364066
0.08363707988770992
0.08062685330036115
0.10748530609408154
0.10981910590180326
0.10981910590180326
0.08712385854930943
0.0746064001256636
0.0746064001256636
0.07301275075589073
0.07141910138611786
0.0711285456590462
0.07083798993197452
0.0705474342049028
0.07025687847783114
0.15670024661530782
0.1538035036028337
0.1686809327870657
0.19836573956333806
0.22815004460529448
0.23492732632134952
0.17971811542330773
0.14163542009879407
0.1400417707290212
0.13938882292057703
0.14287415779370893
0.17366082713538797
0.17460152869671672
0.17366082713538797
0.1411963406836032
0.13938882292057703
0.1384481213592483
0.1384481213592483
0.13938882292057703
0.1384481213592483
0.1384481213592483
0.13938882292057703
0.1384481213592483
0.1384481213592483
0.13938882292057703
0.1384481213592483
0.1384481213592483
0.13938882292057703
0.1384481213592483
0.1384481213592483
0.193004384448846
0.193004384448846
0.1384481213592483
0.193004384448846
0.193004384448846
0.1384481213592483
0.193004384448846
0.193004384448846
0.14877107472341666
0.22821709022498562
0.22821709022498565
0.17050690280952177
0.193004384448846
0.193004384448846
0.1384481213592483
0.193004384448846
0.193004384448846
0.1384481213592483
0.19430747809154716
0.19561057173424837
0.14519055672250372
0.20388306788995433
0.20541312868240497
0.17459799277331847
0.2884437274368394
0.2455516554531687
0.2053085224668345
0.2115123605204476
0.17607101250882026
0.22947393004943542
0.2332423402431246
0.25710526175458226
0.27599186640664247
0.27976027660033154
0.2732130821510483
0.2572967657823749
0.2572967657823749
0.2572967657823749
0.2572967657823749
0.2572967657823749
0.25428653919502614
0.2512763126076774
0.250872273305731
0.2504682340037847
0.2500641947018383
0.24966015539989186
0.2440437415271408
0.23842732765438956
0.23281091378163848
0.22719449990888724
0.22590445707812917
0.22274478447364066
0.08363707988770992
0.08062685330036115
0.10748530609408154
0.10981910590180326
0.10981910590180326
0.08712385854930943
0.0746064001256636
0.0746064001256636
0.07301275075589073
0.07141910138611786
0.0711285456590462
0.07083798993197452
0.0705474342049028
0.07025687847783114
0.15670024661530782
0.1538035036028337
0.1686809327870657
0.19836573956333806
0.22815004460529448
0.23492732632134952
0.17971811542330773
0.14163542009879407
0.1400417707290212
0.13938882292057703
0.14287415779370893
0.17366082713538797
0.17460152869671672
0.17366082713538797
0.1411963406836032
0.13938882292057703
0.1384481213592483
0.1384481213592483
0.13938882292057703
0.1384481213592483
0.1384481213592483
0.13938882292057703
0.1384481213592483
0.1384481213592483
0.13938882292057703
0.1384481213592483
0.1384481213592483
0.13938882292057703
0.1384481213592483
0.1384481213592483
0.18688221449942966
0.17597628147304784
0.15166950872328996
0.15166950872328996
0.15166950872328996
0.15166950872328996
0.15166950872328996
0.15350153655928714
0.1553335643952843
0.1571655922312815
0.15899762006727863
0.16082964790327586
0.16266167573927307
0.16449370357527024
0.16632573141126736
0.3049841552216614
0.3091158387729244
0.2014508473022608
0.3884252181451635
0.4104708584911569
0.4325164988371503
0.4552065244196722
0.47789655000219405
0.5005865755847159
0.5232766011672378
0.5274082847185009
0.5315399682697639
0.4463315406710761
0.45046322422233914
0.4545949077736022
0.45872659132486515
0.4475017261734101
0.4269888019292621
0.4287262601195303
0.4345634980807167
0.4674138822762065
0.46915134046647483
0.4708887986567431
0.4726262568470113
0.4743637150372796
0.47610117322754786
0.47783863141781613
0.4778132379595455
0.4762453493088033
0.47224501919168554
0.46777412886534947
0.4650810814961172
0.46943315461658286
0.4709286327943099
0.4704570475584542
0.4688713334914729
0.46392224556753625
0.4608659927655046
0.4620909192902331
0.4607079184534295
0.4626541888558363
0.46369361000712656
0.4627785287302704
0.46673968455549725
0.44391630030120727
0.4457025398854838
0.45236006553019137
0.47429060951159774
0.4908648838441015
0.49228241411616414
0.49359408835226365
0.4947516777802561
0.584258478209127
0.5439741321945049
0.5060011272039625
0.4680281222134201
0.4321351410364097
0.4146997349792925
0.40142437654923885
0.3839889704921216
0.2341068479894052
0.24497447529399546
0.23574558024937875
0.29746621651374316
0.33338516951274444
0.2574579621147801
0.32494448938065273
0.3595603487369528
0.25548942020705834
0.31655850965007204
0.35182591582772277
0.25076749614847205
0.3141975476207789
0.33074914934401645
0.20611094225515972
0.1658406738031614
0.16319338065399439
0.15875239481116943
0.15639143278187626
0.15611049456611492
0.15166950872328996
0.16013852905661005
0.16094000842076528
0.1572993157409743
0.16841738331382103
0.19615271419690491
0.19251202151711397
0.1942464045047507
0.16277203625676248
0.16096337141296863
0.16563461256460155
0.16826811976475398
0.1664594549209602
0.1711306960725931
0.17376420327274555
0.17195553842895173
0.3134531755549815
0.31838633847039977
0.2022699387815837
0.3647863506441439
0.4197413581886322
0.43814630585483466
0.4636755447529923
0.4871670496996694
0.5062163826024002
0.5317456215005579
0.5366787844159762
0.5371697752874482
0.4548005610043962
0.4597337239198145
0.4602247147912865
0.4671956116581853
0.46973454921260877
0.46783131472308603
0.4565692775397814
0.4397342180072739
0.4408154115022092
0.4503314569675461
0.47647914090690424
0.47770874467744134
0.4831600873248598
0.48545502042758315
0.4883995504437136
0.4888793760481676
0.4850304799162714
0.47917597205250195
0.4751315813968762
0.47613740627811124
0.48176030542499454
0.4879311524432902
0.4980139476410411
0.5066142450590041
0.5149124259618055
0.5202027217346588
0.5268050676310168
0.5324393955146205
0.5375108004045948
0.5406852572892982
0.5435720414294549
0.5471044159749787
0.5533161719059272
0.5344068563225761
0.5190122265068616
0.5169548570643335
0.5232345802326153
0.543988315539447
0.5380233779390842
0.5269675153889033
0.6078619992313248
0.5561282577665349
0.5079984325449937
0.468534947598703
0.4300551172228779
0.41520656036457537
0.3993443527357071
0.3839889704921216
0.23461367337468803
0.232506141455992
0.20019723585596672
0.198994646033307
0.19677840544008157
0.19502912334778805
0.22647291890021662
0.2775098477538877
0.27449733890324396
0.21808693916963595
0.2697754148446576
0.3053237592380697
0.2512743215337549
0.26505349078607127
0.2673382592320062
0.20189584358185628
0.1611133568404626
0.15875239481116943
0.1568982581671591
0.15403047075258314
0.15166950872328996
0.15166950872328996
0.15166950872328996
0.15166950872328996
0.15166950872328996
0.15166950872328996
0.15166950872328996
0.16400091937729175
0.18871424233542677
0.19054627017142395
0.18722019653767816
0.15899762006727863
0.16082964790327586
0.16266167573927307
0.16449370357527024
0.16632573141126736
0.3049841552216614
0.3091158387729244
0.19664013176389936
0.35321251236902385
0.39395120306458664
0.4325164988371503
0.4552065244196722
0.47789655000219405
0.5005865755847159
0.5232766011672378
0.5274082847185009
0.5315399682697639
0.4463315406710761
0.45046322422233914
0.4545949077736022
0.45872659132486515
0.4604640495151334
0.4622015077054017
0.46393896589566996
0.450323946091361
0.4322011765000669
0.43393863469033517
0.44478308446433634
0.47393006694027207
0.47659272191237634
0.4774162364669684
0.48161207556461477
0.4849965382380328
0.4834176470446259
0.4795864289374532
0.46952364530499713
0.46497414977246504
0.4636694935595198
0.4655100010609988
0.46780240014600655
0.46889166160625556
0.4697819370217685
0.4781360124215989
0.4794386564671276
0.4814634386807359
0.4831093094727366
0.4848544233845563
0.48636991474789565
0.4884763225880438
0.4916912684012908
0.4924314262007393
0.46146751850057244
0.45665763809882304
0.45504986886708493
0.47740346605801076
0.491495650049059
0.49157283245533395
0.5811149861570766
0.5439741321945049
0.5060011272039625
0.4693374223508434
0.4300551172228779
0.4160090351167158
0.3993443527357071
0.3839889704921216
0.2654510172878317
0.32486300229376547
0.22464582835332372
0.3343238610445785
0.2868830129230913
0.23818802936555916
0.35070704982614115
0.31305819214729974
0.2643632085897676
0.3534161541809075
0.3053237592380697
0.25964128453118124
0.35105519215161435
0.30060183517948336
0.23189131975765823
0.21157210671670595
0.1611133568404626
0.15875239481116943
0.15770073291929956
0.15403047075258314
0.15166950872328996
0.15166950872328996
0.15166950872328996
0.15166950872328996
0.15166950872328996
0.15166950872328996
0.15166950872328996
0.15166950872328996
0.1562803984092098
0.19054627017142395
0.21965642955221995
0.24876658893301595
0.165220563013132
0.21721793882887072
0.21904996666486792
0.16632573141126736
0.3049841552216614
0.3091158387729244
0.19664013176389936
0.3532125123690238
0.3853319645205823
0.4325164988371503
0.4552065244196722
0.47789655000219405
0.5005865755847159
0.5232766011672378
0.5274082847185009
0.5315399682697639
0.4463315406710761
0.45046322422233914
0.4545949077736022
0.45872659132486515
0.4604640495151334
0.4622015077054017
0.46393896589566996
0.4656764240859383
0.432779384083327
0.43393863469033517
0.43567609288060344
0.46751679894770737
0.4743637150372796
0.47610117322754786
0.47914488210142125
0.4778132379595455
0.47796607060598456
0.47224501919168554
0.4682415079283445
0.46526895545477753
0.4675044935004687
0.4691790827443611
0.4705194578767244
0.46533366827688294
0.46465366670440184
0.4610124098585203
0.4620353908279358
0.4654830882640734
0.4669242861765416
0.4731839809788121
0.4825261418875757
0.4951470326929499
0.5062709489677562
0.5073340924303331
0.48525827115883013
0.46856830952490586
0.46528119788806843
0.47747102902474603
0.5022703276683348
0.49997624744797753
0.5882216329860765
0.5439741321945049
0.5060011272039625
0.468581680044654
0.43146264616058083
0.41525329281052636
0.40075188167340997
0.3839889704921216
0.234660405820639
0.2717142681418707
0.2504812954368303
0.25359764156885567
0.2882905418607942
0.22931424098284992
0.26476849995041596
0.31446572108500265
0.25548942020705834
0.2726899347051846
0.3067312881757726
0.25076749614847205
0.27032897267589145
0.3020093641171863
0.22730477997746998
0.16639423163439523
0.1625208857781655
0.15875239481116943
0.15694499061311012
0.15543799969028604
0.15166950872328996
0.15166950872328996
0.15166950872328996
0.15166950872328996
0.15166950872328996
0.15166950872328996
0.15166950872328996
0.15166950872328996
0.15350153655928714
0.1745429786648837
0.24693456109701883
0.24876658893301595
0.1840026871123026
0.21721793882887072
0.21904996666486792
0.16632573141126736
0.3049841552216614
0.3091158387729244
0.19664013176389936
0.3532125123690238
0.38171254820755085
0.4325164988371503
0.4552065244196722
0.47789655000219405
0.5005865755847159
0.5232766011672378
0.5274082847185009
0.5315399682697639
0.4463315406710761
0.45046322422233914
0.4545949077736022
0.45872659132486515
0.4604640495151334
0.4622015077054017
0.46393896589566996
0.4656764240859383
0.4398170755429572
0.43393863469033517
0.43567609288060344
0.4593753956129662
0.4743637150372796
0.47610117322754786
0.47783863141781613
0.4778132379595455
0.4762453493088033
0.47224501919168554
0.46600771165459753
0.4632961074145871
0.4636694935595198
0.46697249585237277
0.46717101437949504
0.4665589002429689
0.46534878212295866
0.4639824198819528
0.46232068338731375
0.4619093285014348
0.4605379632119478
0.45872659132486515
0.45872659132486515
0.4606286508173694
0.4641950123658148
0.4677613739142602
0.4553921799520634
0.4396813912350113
0.44324775278345674
0.45346410258795805
0.4855931816564872
0.48915954320493255
0.5811149861570766
0.5439741321945049
0.5060011272039625
0.4680281222134201
0.4300551172228779
0.4146997349792925
0.3993443527357071
0.3839889704921216
0.2641417171504084
0.3692851350698868
0.2616621123000425
0.288592428131034
0.33130514569921266
0.23818802936555916
0.2973644964417952
0.3574803249234211
0.2643632085897676
0.30768472126736285
0.349745892014191
0.25964128453118124
0.3053237592380697
0.34502396795560464
0.2381478781059867
0.1658406738031614
0.1611133568404626
0.15875239481116943
0.15639143278187626
0.15403047075258314
0.15166950872328996
0.1384481213592483
0.1384481213592483
0.1384481213592483
0.1384481213592483
0.1384481213592483
0.1384481213592483
0.1384481213592483
0.193004384448846
0.20362157489293575
0.17366082713538797
0.22821709022498562
0.22477120414976415
0.1384481213592483
0.193004384448846
0.193004384448846
0.1384481213592483
0.193004384448846
0.193004384448846
0.1397512150019495
0.19561057173424837
0.19974681981210138
0.14932680480035668
0.20541312868240497
0.2069431894748555
0.23388746434724172
0.28997378822929
0.1261025416303601
0.15695609743084998
0.22049314528494152
0.22947393004943542
0.2332423402431246
0.2573993809502944
0.27599186640664247
0.27976027660033154
0.27291896073585614
0.2572967657823749
0.2572967657823749
0.2572967657823749
0.2572967657823749
0.2572967657823749
0.25428653919502614
0.2512763126076774
0.250872273305731
0.2504682340037847
0.2500641947018383
0.24966015539989186
0.2440437415271408
0.23842732765438956
0.23281091378163848
0.22719449990888724
0.22418427332153845
0.22117404673418975
0.16932323389696624
0.21515359355949215
0.10777846517725789
0.24434584616093427
0.24434584616093427
0.08682597921909418
0.20913314038479464
0.20913314038479464
0.07301275075589073
0.20594584164524887
0.21137148546514156
0.07083798993197452
0.20507417446403384
0.2078333425187471
0.06736013546535706
0.28833024386196476
0.2926109047420231
0.14801001757788557
0.2809431084672437
0.27934945909747083
0.14322906946856695
0.14163542009879407
0.1400417707290212
0.1384481213592483
0.1431708234421355
0.17366082713538797
0.17366082713538797
0.17366082713538797
0.14089976740323434
0.1384481213592483
0.1384481213592483
0.1384481213592483
0.1384481213592483
0.1384481213592483
0.1384481213592483
0.1384481213592483
0.1384481213592483
0.1384481213592483
0.1384481213592483
0.1384481213592483
0.1384481213592483
0.1384481213592483
0.1384481213592483
0.1384481213592483
0.1384481213592483
0.1384481213592483
0.1384481213592483
0.1384481213592483
0.1384481213592483
0.1384481213592483
0.1384481213592483
0.193004384448846
0.20362157489293575
0.17366082713538797
0.22821709022498562
0.22477120414976415
0.1384481213592483
0.193004384448846
0.193004384448846
0.1384481213592483
0.193004384448846
0.193004384448846
0.1397512150019495
0.19561057173424837
0.19974681981210138
0.14932680480035668
0.20541312868240497
0.2069431894748555
0.23388746434724172
0.28997378822929
0.1261025416303601
0.15695609743084998
0.22049314528494152
0.22947393004943542
0.2332423402431246
0.2573993809502944
0.27599186640664247
0.27976027660033154
0.27291896073585614
0.2572967657823749
0.2572967657823749
0.2572967657823749
0.2572967657823749
0.2572967657823749
0.25428653919502614
0.2512763126076774
0.250872273305731
0.2504682340037847
0.2500641947018383
0.24966015539989186
0.2440437415271408
0.23842732765438956
0.23281091378163848
0.22719449990888724
0.22418427332153845
0.22117404673418975
0.16932323389696624
0.21515359355949215
0.10777846517725789
0.24434584616093427
0.24434584616093427
0.08682597921909418
0.20913314038479464
0.20913314038479464
0.07301275075589073
0.20594584164524887
0.21137148546514156
0.07083798993197452
0.20507417446403384
0.2078333425187471
0.06736013546535706
0.28833024386196476
0.2926109047420231
0.14801001757788557
0.2809431084672437
0.27934945909747083
0.14322906946856695
0.14163542009879407
0.1400417707290212
0.1384481213592483
0.1431708234421355
0.17366082713538797
0.17366082713538797
0.17366082713538797
0.14089976740323434
0.1384481213592483
0.1384481213592483
0.1384481213592483
0.1384481213592483
0.1384481213592483
0.1384481213592483
0.1384481213592483
0.1384481213592483
0.1384481213592483
0.1384481213592483
0.1384481213592483
0.1384481213592483
0.1384481213592483
0.1384481213592483
0.1384481213592483
0.23130434727555094
0.2746501015188
0.20622577181288765
0.19609164149941125
0.2506479045890089
0.20622577181288765
0.19609164149941125
0.2524799324250061
0.209889827484882
0.20158772500740277
0.25797601593299757
0.21538591099287352
0.20708380851539435
0.2634720994409892
0.22088199450086504
0.25042789213206373
0.3091158387729244
0.2560678437944506
0.38842521814516345
0.4104708584911569
0.4325164988371503
0.4552065244196722
0.47789655000219405
0.5005865755847159
0.5232766011672378
0.5274082847185009
0.4421998571198131
0.4463315406710761
0.45046322422233914
0.4545949077736022
0.45872659132486515
0.44741675540257214
0.4269888019292621
0.4287262601195303
0.43464681723316945
0.4674138822762065
0.46915134046647483
0.4708887986567431
0.4726262568470113
0.4743637150372796
0.47610117322754786
0.47783863141781613
0.4778132379595455
0.4762453493088033
0.47224501919168554
0.46600771165459753
0.4632961074145871
0.4636694935595198
0.46404287970445246
0.4644162658493853
0.46302680034577914
0.46009483964970144
0.45872659132486515
0.45872659132486515
0.45872659132486515
0.45872659132486515
0.45872659132486515
0.45872659132486515
0.4606286508173694
0.43403424556286446
0.43254866813812054
0.4361150296865659
0.4582207378250504
0.47846045855959635
0.4820268201080417
0.4855931816564872
0.48915954320493255
0.5811149861570766
0.5439741321945049
0.5060011272039625
0.4680281222134201
0.4300551172228779
0.4146997349792925
0.3993443527357071
0.3839889704921216
0.33019737674592736
0.34183152454642035
0.20019723585596672
0.33301456090715525
0.33130514569921266
0.22194141568029388
0.3604928337740648
0.3574803249234211
0.21994107581364628
0.35210685404348413
0.349745892014191
0.21521915175505996
0.349745892014191
0.3286675772795191
0.17056259786174768
0.1658406738031614
0.1611133568404626
0.15875239481116943
0.15639143278187626
0.15403047075258314
0.15166950872328996
0.1789476402680888
0.20622577181288765
0.15166950872328996
0.2145432811408991
0.24143847758902728
0.18688221449942966
0.24028643385612233
0.2080577996488848
0.17014094198732474
0.2561439880970004
0.21355388315687632
0.2329004929853843
0.297188415998404
0.21904996666486792
0.24629620858080073
0.3049841552216614
0.22914536160339108
0.2766106089334327
0.3563554099821449
0.4104708584911569
0.4325164988371503
0.4552065244196722
0.47789655000219405
0.5005865755847159
0.5232766011672378
0.5274082847185009
0.4421998571198131
0.4463315406710761
0.45046322422233914
0.4545949077736022
0.45872659132486515
0.4604640495151334
0.4622015077054017
0.44811407689025806
0.4304637183097986
0.4322011765000669
0.44258293780433494
0.4708887986567431
0.4726262568470113
0.4743637150372796
0.47610117322754786
0.47783863141781613
0.4778132379595455
0.4762453493088033
0.47224501919168554
0.46600771165459753
0.4632961074145871
0.4636694935595198
0.46404287970445246
0.4644162658493853
0.46302680034577914
0.46009483964970144
0.45872659132486515
0.45872659132486515
0.45872659132486515
0.45872659132486515
0.45872659132486515
0.45872659132486515
0.4606286508173694
0.4641950123658148
0.4482658905045509
0.4361150296865659
0.4396813912350113
0.45239092255686914
0.4820268201080417
0.4855931816564872
0.48915954320493255
0.5811149861570766
0.5439741321945049
0.5060011272039625
0.4680281222134201
0.4300551172228779
0.4146997349792925
0.3993443527357071
0.3839889704921216
0.3379911286158699
0.36702511848210545
0.20019723585596672
0.33301456090715525
0.33130514569921266
0.19504005273219296
0.3604928337740648
0.3574803249234211
0.21994107581364628
0.35210685404348413
0.349745892014191
0.21521915175505998
0.349745892014191
0.34502396795560464
0.17725692806752885
0.1658406738031614
0.1611133568404626
0.15875239481116943
0.17457685381174215
0.2085867338421808
0.15166950872328996
0.20622577181288765
0.20622577181288762
0.15166950872328996
0.20622577181288765
0.20622577181288765
0.15166950872328996
0.21840873878213957
0.24327050542502443
0.19054627017142395
0.24191923685423652
0.21355388315687632
0.16082964790327586
0.21721793882887072
0.21904996666486792
0.16632573141126736
0.30498415522166133
0.3091158387729244
0.19664013176389936
0.35321251236902385
0.3939367998635266
0.4325164988371503
0.4552065244196722
0.47789655000219405
0.5005865755847159
0.5232766011672378
0.5274082847185009
0.4421998571198131
0.4463315406710761
0.45046322422233914
0.4545949077736022
0.45872659132486515
0.4604640495151334
0.4622015077054017
0.46393896589566996
0.45045279641046737
0.4322011765000669
0.43393863469033517
0.44465733095214816
0.4726262568470113
0.4743637150372796
0.47610117322754786
0.47783863141781613
0.4778132379595455
0.4762453493088033
0.47224501919168554
0.46600771165459753
0.4632961074145871
0.4636694935595198
0.46404287970445246
0.4644162658493853
0.46302680034577914
0.46009483964970144
0.45872659132486515
0.45872659132486515
0.45872659132486515
0.45872659132486515
0.45872659132486515
0.45872659132486515
0.4606286508173694
0.46588137184587136
0.4692605870983205
0.4403062209307495
0.44145279354376343
0.44324775278345674
0.4681692684036421
0.4855931816564872
0.48915954320493255
0.5811149861570766
0.5439741321945049
0.5060011272039625
0.4680281222134201
0.4300551172228779
0.4146997349792925
0.3993443527357071
0.3839889704921216
0.33288405201042554
0.3692851350698868
0.20989004749727017
0.33301456090715525
0.33130514569921266
0.19376589658943788
0.3493335404839049
0.3574803249234211
0.2199410758136463
0.35210685404348413
0.349745892014191
0.21521915175505998
0.349745892014191
0.34502396795560464
0.18752954989104084
0.1658406738031614
0.1611133568404626
0.15875239481116943
0.15639143278187626
0.15403047075258314
0.15166950872328996
0.20622577181288765
0.20622577181288765
0.15166950872328996
0.20622577181288765
0.20622577181288762
0.15166950872328996
0.20622577181288765
0.21055608277852378
0.190546270171424
0.24693456109701883
0.24876658893301595
0.16550046566915871
0.21721793882887072
0.21904996666486792
0.16632573141126736
0.3049841552216614
0.3091158387729244
0.19664013176389936
0.3532125123690238
0.3852844736781373
0.4325164988371503
0.4552065244196722
0.47789655000219405
0.5005865755847159
0.5232766011672378
0.5274082847185009
0.4421998571198131
0.4463315406710761
0.45046322422233914
0.4545949077736022
0.45872659132486515
0.4604640495151334
0.4622015077054017
0.46393896589566996
0.4656764240859383
0.4329112222987864
0.43393863469033517
0.43567609288060344
0.46611358937534714
0.4743637150372796
0.47610117322754786
0.47783863141781613
0.4778132379595455
0.4762453493088033
0.47224501919168554
0.46600771165459753
0.4632961074145871
0.4636694935595198
0.46404287970445246
0.4644162658493853
0.46302680034577914
0.46009483964970144
0.45872659132486515
0.45872659132486515
0.45872659132486515
0.45872659132486515
0.45872659132486515
0.45872659132486515
0.4606286508173694
0.4641950123658148
0.4677613739142602
0.4509107620974019
0.4396813912350113
0.44324775278345674
0.4578322121927488
0.4855931816564872
0.48915954320493255
0.5811149861570766
0.5439741321945049
0.5060011272039625
0.4680281222134201
0.4300551172228779
0.4146997349792925
0.3993443527357071
0.3839889704921216
0.3148228921448838
0.36928513506988675
0.21505857432363043
0.33301456090715525
0.33130514569921266
0.19376589658943788
0.34402608294063336
0.3574803249234211
0.21994107581364628
0.3521068540434842
0.349745892014191
0.21521915175505996
0.34974589201419104
0.34502396795560464
0.19188404763383443
0.1658406738031614
0.1611133568404626
0.15875239481116943
0.15639143278187626
0.15403047075258314
0.15166950872328996
0.15166950872328996
0.15166950872328996
0.15166950872328996
0.15166950872328996
0.15166950872328996
0.20622577181288765
0.20622577181288765
0.15350153655928714
0.20127951811734593
0.24693456109701883
0.19421032584341827
0.23910148167969614
0.21721793882887072
0.16449370357527024
0.22088199450086504
0.3049841552216614
0.25455957568332677
0.251196394853497
0.35321251236902385
0.3816061886561312
0.4325164988371503
0.4552065244196722
0.47789655000219405
0.5005865755847159
0.5232766011672378
0.5274082847185009
0.4421998571198131
0.4463315406710761
0.45046322422233914
0.4545949077736022
0.45872659132486515
0.4604640495151334
0.4622015077054017
0.46393896589566996
0.4656764240859383
0.4400195093206457
0.43393863469033517
0.43567609288060344
0.45917789517359014
0.4743637150372796
0.47610117322754786
0.47783863141781613
0.4778132379595455
0.4762453493088033
0.47224501919168554
0.46600771165459753
0.4632961074145871
0.4636694935595198
0.46404287970445246
0.4644162658493853
0.46302680034577914
0.46009483964970144
0.45872659132486515
0.45872659132486515
0.45872659132486515
0.45872659132486515
0.45872659132486515
0.45872659132486515
0.4606286508173694
0.4641950123658148
0.4677613739142602
0.4555236067755416
0.4396813912350113
0.44324775278345674
0.45333600134570506
0.4855931816564872
0.48915954320493255
0.5811149861570766
0.5439741321945049
0.5060011272039625
0.4680281222134201
0.4300551172228779
0.4146997349792925
0.3993443527357071
0.3839889704921216
0.3471838665056698
0.3692851350698868
0.21730284102302477
0.33301456090715525
0.33130514569921266
0.19376589658943788
0.3417229424550135
0.3574803249234211
0.21994107581364628
0.35210685404348413
0.349745892014191
0.21521915175505998
0.349745892014191
0.34502396795560464
0.19377397597025603
0.1658406738031614
0.1611133568404626
0.15875239481116943
0.21094769587147394
0.2085867338421808
0.15166950872328996
0.193004384448846
0.193004384448846
0.1384481213592483
0.193004384448846
0.193004384448846
0.1384481213592483
0.193004384448846
0.193004384448846
0.14886624636647794
0.22821709022498565
0.22821709022498562
0.17041020684841426
0.193004384448846
0.193004384448846
0.1828702541353696
0.23742651722496727
0.193004384448846
0.1828702541353696
0.23872961086766842
0.19561057173424837
0.189612689498625
0.24830520066607562
0.20541312868240497
0.15238692638525783
0.2884437274368394
0.28997378822929
0.07154627854076245
0.2115123605204476
0.22049314528494157
0.22947393004943542
0.2332423402431246
0.2572021614631643
0.27599186640664247
0.27976027660033154
0.2731161815489909
0.2572967657823749
0.2572967657823749
0.2572967657823749
0.2572967657823749
0.2572967657823749
0.25428653919502614
0.2512763126076774
0.250872273305731
0.2504682340037847
0.2500641947018383
0.24966015539989186
0.2440437415271408
0.23842732765438956
0.23281091378163848
0.22719449990888724
0.22418427332153845
0.22117404673418975
0.1284793266407536
0.2162811113482648
0.10758135252207973
0.24434584616093427
0.24561065323705927
0.08702407293220497
0.20913314038479464
0.2114832363504905
0.07301275075589073
0.20594584164524887
0.2056552859181772
0.07083798993197452
0.20507417446403384
0.2047836187369621
0.06736013546535706
0.28833024386196476
0.2854335008494907
0.14801001757788557
0.2809431084672437
0.27934945909747083
0.14322906946856695
0.14163542009879407
0.1400417707290212
0.1384481213592483
0.1429723040263511
0.17366082713538797
0.17366082713538797
0.17366082713538797
0.19565227556256962
0.193004384448846
0.1384481213592483
0.193004384448846
0.193004384448846
0.1384481213592483
0.193004384448846
0.193004384448846
0.1384481213592483
0.193004384448846
0.193004384448846
0.1384481213592483
0.193004384448846
0.193004384448846
0.1384481213592483
0.193004384448846
0.193004384448846
0.193004384448846
0.1384481213592483
0.193004384448846
0.193004384448846
0.1384481213592483
0.193004384448846
0.193004384448846
0.14886624636647794
0.22821709022498565
0.22821709022498562
0.17041020684841426
0.193004384448846
0.193004384448846
0.1828702541353696
0.23742651722496727
0.193004384448846
0.1828702541353696
0.23872961086766842
0.19561057173424837
0.189612689498625
0.24830520066607562
0.20541312868240497
0.15238692638525783
0.2884437274368394
0.28997378822929
0.07154627854076245
0.2115123605204476
0.22049314528494157
0.22947393004943542
0.2332423402431246
0.2572021614631643
0.27599186640664247
0.27976027660033154
0.2731161815489909
0.2572967657823749
0.2572967657823749
0.2572967657823749
0.2572967657823749
0.2572967657823749
0.25428653919502614
0.2512763126076774
0.250872273305731
0.2504682340037847
0.2500641947018383
0.24966015539989186
0.2440437415271408
0.23842732765438956
0.23281091378163848
0.22719449990888724
0.22418427332153845
0.22117404673418975
0.1284793266407536
0.2162811113482648
0.10758135252207973
0.24434584616093427
0.24561065323705927
0.08702407293220497
0.20913314038479464
0.2114832363504905
0.07301275075589073
0.20594584164524887
0.2056552859181772
0.07083798993197452
0.20507417446403384
0.2047836187369621
0.06736013546535706
0.28833024386196476
0.2854335008494907
0.14801001757788557
0.2809431084672437
0.27934945909747083
0.14322906946856695
0.14163542009879407
0.1400417707290212
0.1384481213592483
0.1429723040263511
0.17366082713538797
0.17366082713538797
0.17366082713538797
0.19565227556256962
0.193004384448846
0.1384481213592483
0.193004384448846
0.193004384448846
0.1384481213592483
0.193004384448846
0.193004384448846
0.1384481213592483
0.193004384448846
0.193004384448846
0.1384481213592483
0.193004384448846
0.193004384448846
0.1384481213592483
0.193004384448846
0.3214089547585606
0.21141914021126104
0.2506479045890089
0.28619624898242096
0.18721785311670203
0.2506479045890089
0.28619624898242096
0.1890498809526992
0.2543119602610033
0.2916923324904125
0.19454596446069072
0.2598080437689948
0.29718841599840407
0.20004204796868233
0.2653041272769863
0.3049841552216614
0.21013744290720549
0.30044946824543955
0.38842521814516345
0.4104708584911569
0.4325164988371503
0.4552065244196722
0.47789655000219405
0.5005865755847159
0.5232766011672378
0.5274082847185009
0.4421998571198131
0.4463315406710761
0.45046322422233914
0.4545949077736022
0.45872659132486515
0.44752138700821703
0.4269888019292621
0.4287262601195303
0.43454365550502944
0.4674138822762065
0.46915134046647483
0.4708887986567431
0.4726262568470113
0.4743637150372796
0.47610117322754786
0.47783863141781613
0.4778132379595455
0.4762453493088033
0.47224501919168554
0.46600771165459753
0.4632961074145871
0.4636694935595198
0.46404287970445246
0.4644162658493853
0.46478327003453657
0.4616651953690054
0.46189585942317274
0.4603979841505731
0.4606767217146543
0.45872659132486515
0.45872659132486515
0.4606021816740802
0.4626352940983592
0.4364437767895408
0.4350363149645214
0.4404871440794518
0.46270151144085414
0.48301904010449415
0.48783254078566346
0.48928838144165687
0.49062112114125056
0.49177487500712574
0.5439741321945049
0.5060011272039625
0.4680281222134201
0.4308903472318317
0.4146997349792926
0.40017958274466087
0.3851617350747698
0.30137021811897075
0.34276119750072326
0.20137000043861492
0.33301456090715525
0.33214037570816646
0.22299765697710558
0.3604928337740648
0.3583155549323749
0.22111384039629453
0.3521068540434842
0.3505811220231448
0.2163919163377082
0.34974589201419104
0.3295911380645201
0.1717353624443959
0.1658406738031614
0.16194858684941638
0.15992515939381766
0.15639143278187626
0.1548657007615369
0.1528422733059382
0.15166950872328996
0.15166950872328996
0.15166950872328996
0.2141408799733741
0.2414384775890273
0.18688221449942966
0.24069444612507274
0.2080577996488848
0.1553335643952843
0.21172185532087914
0.21355388315687632
0.16082964790327586
0.21721793882887072
0.21904996666486792
0.16632573141126736
0.3049841552216614
0.3091158387729244
0.19664013176389936
0.3562720338158061
0.4104708584911569
0.4325164988371503
0.4552065244196722
0.47789655000219405
0.5005865755847159
0.5232766011672378
0.5274082847185009
0.4421998571198131
0.4463315406710761
0.45046322422233914
0.4545949077736022
0.45872659132486515
0.4604640495151334
0.4622015077054017
0.4482083126176864
0.4304637183097986
0.4322011765000669
0.442491119743474
0.4708887986567431
0.4726262568470113
0.4743637150372796
0.47610117322754786
0.47783863141781613
0.4778132379595455
0.4762453493088033
0.47224501919168554
0.46600771165459753
0.4632961074145871
0.4636694935595198
0.46404287970445246
0.4659490092033459
0.4646195906040243
0.46165138218903434
0.45872659132486515
0.45872659132486515
0.45872659132486515
0.45872659132486515
0.45872659132486515
0.45872659132486515
0.4606286508173694
0.4641950123658148
0.4483299396216468
0.4361150296865659
0.4414863470241749
0.45232850780183015
0.48409953806674433
0.4855931816564872
0.48915954320493255
0.49177487500712574
0.5439741321945049
0.5060011272039625
0.4680281222134201
0.4300551172228779
0.4146997349792925
0.3993443527357071
0.3839889704921216
0.2789490947424489
0.3670577639315139
0.20019723585596672
0.33301456090715525
0.3313051456992126
0.195005242175014
0.3604928337740648
0.3574803249234211
0.21994107581364628
0.35210685404348413
0.349745892014191
0.21521915175505996
0.349745892014191
0.34502396795560464
0.17729145463000962
0.1658406738031614
0.1611133568404626
0.15875239481116943
0.15639143278187626
0.15403047075258314
0.15166950872328996
0.15166950872328996
0.15166950872328996
0.15166950872328996
0.15166950872328996
0.15166950872328996
0.15166950872328996
0.16368576658809014
0.18871424233542677
0.19054627017142395
0.18753539489894852
0.15899762006727863
0.16082964790327586
0.21721793882887072
0.21904996666486792
0.16632573141126736
0.3049841552216614
0.3091158387729244
0.19664013176389936
0.3532125123690238
0.3938927322425751
0.4325164988371503
0.4552065244196722
0.47789655000219405
0.5005865755847159
0.5232766011672378
0.5274082847185009
0.4421998571198131
0.4463315406710761
0.45046322422233914
0.4545949077736022
0.45872659132486515
0.4604640495151334
0.4622015077054017
0.46393896589566996
0.4504499909847746
0.4322011765000669
0.43393863469033517
0.444660120741451
0.4726262568470113
0.4743637150372796
0.47610117322754786
0.47783863141781613
0.4778132379595455
0.4762453493088033
0.47224501919168554
0.46600771165459753
0.4632961074145871
0.4636694935595198
0.46404287970445246
0.4644162658493853
0.46302680034577914
0.46009483964970144
0.45872659132486515
0.45872659132486515
0.45872659132486515
0.45872659132486515
0.45872659132486515
0.45872659132486515
0.4606286508173694
0.4641950123658148
0.4677613739142602
0.44030428721239484
0.4396813912350113
0.44324775278345674
0.46817115342348775
0.4855931816564872
0.48915954320493255
0.49177487500712574
0.5439741321945049
0.5060011272039625
0.4680281222134201
0.4300551172228779
0.4146997349792925
0.3993443527357071
0.3839889704921216
0.32379134149549255
0.3692851350698868
0.20988913262073913
0.33301456090715525
0.33130514569921266
0.19376589658943788
0.3493355099269991
0.3574803249234211
0.21994107581364628
0.3521068540434842
0.349745892014191
0.21521915175505996
0.34974589201419104
0.34502396795560464
0.18752648959001028
0.1658406738031614
0.1611133568404626
0.15875239481116943
0.15639143278187626
0.15403047075258314
0.15166950872328996
0.15166950872328996
0.15166950872328996
0.15166950872328996
0.15166950872328996
0.15166950872328996
0.20622577181288765
0.20622577181288765
0.15600733089478733
0.24510253326102163
0.24693456109701883
0.19421032584341827
0.22004997588155395
0.21721793882887072
0.16449370357527024
0.22088199450086504
0.30498415522166133
0.25455957568332677
0.25119639485349704
0.3532125123690238
0.38528055468627426
0.4325164988371503
0.4552065244196722
0.47789655000219405
0.5005865755847159
0.5232766011672378
0.5274082847185009
0.4421998571198131
0.4463315406710761
0.45046322422233914
0.4545949077736022
0.45872659132486515
0.4604640495151334
0.4622015077054017
0.46393896589566996
0.4656764240859383
0.4328885413990452
0.43393863469033517
0.43567609288060344
0.46613573968461725
0.4743637150372796
0.47610117322754786
0.47783863141781613
0.4778132379595455
0.4762453493088033
0.47224501919168554
0.46600771165459753
0.4632961074145871
0.4665017785240962
0.46849089993754234
0.46729786794786116
0.467353048899246
0.46282924768213596
0.4625486130549376
0.46143820430020066
0.462941301937712
0.46140510351282676
0.4628327061108163
0.4650901171845703
0.4729434887377962
0.48170926362729094
0.48733015067368884
0.47024789890455904
0.46013483216741585
0.46124074020498257
0.47370511246200653
0.49893523016781083
0.49851512032161904
0.49704059399172407
0.5456172466990493
0.5060011272039625
0.4680281222134201
0.43154664099249196
0.4146997349792925
0.40083587650532115
0.3839889704921216
0.24595629612054257
0.27179826297378185
0.28674120710494205
0.33301456090715525
0.23381827360310767
0.2927442924551568
0.3440607603583502
0.2599934528273161
0.31891947167936524
0.35210685404348413
0.2522590199180861
0.3141975476207789
0.349745892014191
0.24753709585949976
0.2908084596473556
0.2648190696688803
0.16260488061007666
0.15875239481116943
0.15639143278187626
0.1555219945221972
0.15166950872328996
0.15166950872328996
0.15166950872328996
0.15166950872328996
0.15166950872328996
0.15166950872328996
0.15166950872328996
0.15166950872328996
0.15350153655928714
0.17422397687819763
0.19237829800742115
0.19421032584341827
0.18432468498928106
0.16266167573927307
0.16449370357527024
0.16632573141126736
0.3049841552216614
0.3091158387729244
0.19664013176389936
0.3532125123690238
0.3816476322834729
0.4325164988371503
0.4552065244196722
0.47789655000219405
0.5005865755847159
0.5232766011672378
0.5274082847185009
0.4421998571198131
0.4463315406710761
0.45046322422233914
0.4545949077736022
0.45872659132486515
0.4604640495151334
0.4622015077054017
0.46393896589566996
0.4656764240859383
0.4399305168026931
0.43393863469033517
0.43567609288060344
0.45926471135928043
0.4743637150372796
0.47748045126453215
0.47783863141781613
0.4792616246755755
0.4762453493088033
0.47224501919168554
0.47010629907496054
0.46929082920557985
0.4670501674366344
0.4688040243445719
0.466701389654445
0.4647693341929512
0.463707772024237
0.46149168414002695
0.46800958647960883
0.4708862652312031
0.47411109484331904
0.47872410068705734
0.4845764492084382
0.4914383830035897
0.5033866343957312
0.5020267185738594
0.4830643492191161
0.4595338597269297
0.4581154848120591
0.46667021309765544
0.49723599467001367
0.49800790195905703
0.4977419262995758
0.5439741321945049
0.5060011272039625
0.4680281222134201
0.43235285014594266
0.4146997349792925
0.4016420856587718
0.3839889704921216
0.2341068479894052
0.2548302999305265
0.25282245888987764
0.19848782064802417
0.1990761383631463
0.22931424098284992
0.29732879832416925
0.2798075806769524
0.21994107581364628
0.262632417525858
0.3076214921611344
0.21521915175505996
0.3053237592380697
0.3028995681025481
0.23818506218737942
0.21026280657928267
0.1634110897635273
0.15875239481116943
0.15639143278187626
0.15632820367564784
0.15166950872328996
0.1384481213592483
0.1384481213592483
0.1384481213592483
0.1384481213592483
0.1384481213592483
0.1384481213592483
0.1384481213592483
0.1384481213592483
0.1488830336916058
0.17366082713538797
0.17366082713538797
0.17039952371464404
0.1384481213592483
0.1384481213592483
0.1384481213592483
0.1384481213592483
0.1384481213592483
0.1384481213592483
0.1397512150019495
0.14105430864465068
0.14519055672250372
0.14932680480035668
0.15085686559280728
0.15238692638525783
0.2884437274368394
0.28997378822929
0.07154627854076245
0.21151236052044767
0.22049314528494157
0.22947393004943542
0.2332423402431246
0.2572182587553089
0.27599186640664247
0.27976027660033154
0.27310008412386283
0.2572967657823749
0.2572967657823749
0.2572967657823749
0.2572967657823749
0.2572967657823749
0.25428653919502614
0.2512763126076774
0.250872273305731
0.2504682340037847
0.2500641947018383
0.24966015539989186
0.2440437415271408
0.23842732765438956
0.23281091378163848
0.22719449990888724
0.22418427332153845
0.22117404673418975
0.15090045001727542
0.21515359355949215
0.10759738836230316
0.24434584616093427
0.2483238464934815
0.08700672846634269
0.20913314038479464
0.20913314038479464
0.07301275075589073
0.20594584164524887
0.2056552859181772
0.07083798993197452
0.20507417446403384
0.2047836187369622
0.06736013546535706
0.198990132712014
0.2854335008494907
0.14801001757788557
0.2809431084672437
0.27934945909747083
0.14322906946856695
0.14163542009879407
0.1400417707290212
0.1384481213592483
0.14299013933613622
0.17366082713538797
0.17366082713538797
0.17366082713538797
0.14108045061952096
0.1384481213592483
0.1384481213592483
0.1384481213592483
0.1384481213592483
0.1384481213592483
0.1384481213592483
0.1384481213592483
0.1384481213592483
0.1384481213592483
0.1384481213592483
0.1384481213592483
0.1384481213592483
0.1384481213592483
0.1384481213592483
0.1384481213592483
0.1384481213592483
0.1384481213592483
0.1384481213592483
0.1384481213592483
0.1384481213592483
0.1384481213592483
0.1384481213592483
0.1384481213592483
0.1488830336916058
0.17366082713538797
0.17366082713538797
0.17039952371464404
0.1384481213592483
0.1384481213592483
0.1384481213592483
0.1384481213592483
0.1384481213592483
0.1384481213592483
0.1397512150019495
0.14105430864465068
0.14519055672250372
0.14932680480035668
0.15085686559280728
0.15238692638525783
0.2884437274368394
0.28997378822929
0.07154627854076245
0.21151236052044767
0.22049314528494157
0.22947393004943542
0.2332423402431246
0.2572182587553089
0.27599186640664247
0.27976027660033154
0.27310008412386283
0.2572967657823749
0.2572967657823749
0.2572967657823749
0.2572967657823749
0.2572967657823749
0.25428653919502614
0.2512763126076774
0.250872273305731
0.2504682340037847
0.2500641947018383
0.24966015539989186
0.2440437415271408
0.23842732765438956
0.23281091378163848
0.22719449990888724
0.22418427332153845
0.22117404673418975
0.15090045001727542
0.21515359355949215
0.10759738836230316
0.24434584616093427
0.2483238464934815
0.08700672846634269
0.20913314038479464
0.20913314038479464
0.07301275075589073
0.20594584164524887
0.2056552859181772
0.07083798993197452
0.20507417446403384
0.2047836187369622
0.06736013546535706
0.198990132712014
0.2854335008494907
0.14801001757788557
0.2809431084672437
0.27934945909747083
0.14322906946856695
0.14163542009879407
0.1400417707290212
0.1384481213592483
0.14299013933613622
0.17366082713538797
0.17366082713538797
0.17366082713538797
0.14108045061952096
0.1384481213592483
0.1384481213592483
0.1384481213592483
0.1384481213592483
0.1384481213592483
0.1384481213592483
0.1384481213592483
0.1384481213592483
0.1384481213592483
0.1384481213592483
0.1384481213592483
0.1384481213592483
0.1384481213592483
0.1384481213592483
0.1384481213592483
0.18688221449942966
0.175855298256411
0.15166950872328996
0.15166950872328996
0.15166950872328996
0.15166950872328996
0.15166950872328996
0.15350153655928714
0.1553335643952843
0.1571655922312815
0.15899762006727863
0.16082964790327586
0.16266167573927307
0.16449370357527024
0.16632573141126736
0.3049841552216614
0.3091158387729244
0.20147535957022994
0.3884252181451635
0.4104708584911569
0.4325164988371503
0.4552065244196722
0.47789655000219405
0.5005865755847159
0.5232766011672378
0.5274082847185009
0.4421998571198131
0.4463315406710761
0.45046322422233914
0.4545949077736022
0.45872659132486515
0.44732863711582005
0.4269888019292621
0.4287262601195303
0.43473473652128747
0.47008269868372193
0.46915134046647483
0.47417496833050504
0.4726262568470113
0.4779081737990293
0.4788557597026417
0.4813088153974819
0.4816606479467981
0.47922196301782793
0.47224501919168554
0.46600771165459753
0.4632961074145871
0.4636694935595198
0.46404287970445246
0.4644162658493853
0.46302680034577914
0.46009483964970144
0.45872659132486515
0.45872659132486515
0.45872659132486515
0.45872659132486515
0.45872659132486515
0.45872659132486515
0.4606286508173694
0.43397099955316293
0.43254866813812054
0.4361150296865659
0.4582823584302883
0.47846045855959635
0.4820268201080417
0.4855931816564872
0.48915954320493255
0.49177487500712574
0.5439741321945049
0.5060011272039625
0.4680281222134201
0.4300551172228779
0.4146997349792925
0.3993443527357071
0.3839889704921216
0.33288405201042554
0.34179556026375163
0.20019723585596672
0.33301456090715525
0.33130514569921266
0.22197990696572018
0.3604928337740648
0.3574803249234211
0.21994107581364628
0.35210685404348413
0.349745892014191
0.21521915175505996
0.349745892014191
0.3286345828865605
0.17056259786174768
0.1658406738031614
0.1611133568404626
0.15875239481116943
0.15639143278187626
0.15403047075258314
0.15166950872328996
0.15166950872328996
0.15166950872328996
0.15166950872328996
0.16013348887879422
0.18688221449942966
0.18688221449942966
0.24014848262617472
0.2080577996488848
0.1553335643952843
0.21172185532087914
0.21355388315687632
0.16082964790327586
0.21721793882887072
0.21904996666486792
0.16632573141126736
0.3049841552216614
0.3091158387729244
0.19664013176389936
0.3563781296204713
0.4104708584911569
0.4325164988371503
0.4552065244196722
0.47789655000219405
0.5005865755847159
0.5232766011672378
0.43806817356855005
0.4421998571198131
0.4463315406710761
0.45046322422233914
0.4545949077736022
0.45872659132486515
0.4604640495151334
0.4622015077054017
0.44798717403914035
0.4304637183097986
0.4322011765000669
0.44270679689749715
0.4708887986567431
0.4726262568470113
0.4743637150372796
0.47610117322754786
0.47783863141781613
0.4778132379595455
0.4762453493088033
0.47224501919168554
0.46600771165459753
0.4632961074145871
0.4636694935595198
0.46404287970445246
0.4644162658493853
0.46302680034577914
0.46009483964970144
0.45872659132486515
0.45872659132486515
0.45872659132486515
0.45872659132486515
0.45872659132486515
0.45872659132486515
0.4606286508173694
0.4641950123658148
0.44817955803065
0.4361150296865659
0.4396813912350113
0.45247505210961353
0.4820268201080417
0.4855931816564872
0.48915954320493255
0.49177487500712574
0.5439741321945049
0.5060011272039625
0.4680281222134201
0.4300551172228779
0.4146997349792925
0.3993443527357071
0.3839889704921216
0.33288405201042554
0.3669781923432231
0.20019723585596672
0.33301456090715525
0.33130514569921266
0.19509002394152863
0.3604928337740648
0.3574803249234211
0.21994107581364628
0.3521068540434842
0.349745892014191
0.21521915175505996
0.349745892014191
0.34502396795560464
0.17721534390556848
0.1658406738031614
0.1611133568404626
0.15875239481116943
0.15639143278187626
0.15403047075258314
0.15166950872328996
0.15166950872328996
0.15166950872328996
0.20622577181288765
0.20622577181288765
0.15166950872328996
0.20622577181288765
0.21858673504144743
0.1887142423354268
0.24510253326102163
0.24174199901549065
0.15899762006727863
0.21538591099287352
0.21721793882887072
0.16449370357527024
0.22088199450086504
0.3049841552216614
0.25455957568332677
0.251196394853497
0.3532125123690238
0.39396681327019956
0.4325164988371503
0.4552065244196722
0.47789655000219405
0.5005865755847159
0.5232766011672378
0.43806817356855005
0.4421998571198131
0.4463315406710761
0.45046322422233914
0.4545949077736022
0.45872659132486515
0.4604640495151334
0.4622015077054017
0.46393896589566996
0.45035693672807753
0.4322011765000669
0.43393863469033517
0.4447508754849345
0.4726262568470113
0.4743637150372796
0.47610117322754786
0.47783863141781613
0.4778132379595455
0.4762453493088033
0.47224501919168554
0.46600771165459753
0.4632961074145871
0.4636694935595198
0.46404287970445246
0.4644162658493853
0.46302680034577914
0.46009483964970144
0.45872659132486515
0.45872659132486515
0.45872659132486515
0.45872659132486515
0.45872659132486515
0.45872659132486515
0.4606286508173694
0.4641950123658148
0.4677613739142602
0.4402408908682664
0.4396813912350113
0.44324775278345674
0.46823295321714276
0.4855931816564872
0.48915954320493255
0.49177487500712574
0.5439741321945049
0.5060011272039625
0.4680281222134201
0.4300551172228779
0.4146997349792925
0.3993443527357071
0.3839889704921216
0.3148228921448838
0.3692851350698868
0.20985959012304917
0.33301456090715525
0.33130514569921266
0.19376589658943788
0.34937424511723747
0.3574803249234211
0.21994107581364628
0.35210685404348413
0.349745892014191
0.21521915175505996
0.34974589201419104
0.34502396795560464
0.18748182276221312
0.1658406738031614
0.1611133568404626
0.15875239481116943
0.15639143278187626
0.15403047075258314
0.15166950872328996
0.15166950872328996
0.15166950872328996
0.15166950872328996
0.15166950872328996
0.15166950872328996
0.15166950872328996
0.15166950872328996
0.1561970775484227
0.19054627017142395
0.19237829800742115
0.19421032584341827
0.165308421275976
0.16266167573927307
0.16449370357527024
0.16632573141126736
0.3049841552216614
0.3091158387729244
0.19664013176389936
0.35321251236902385
0.38530899773812766
0.4325164988371503
0.4552065244196722
0.47789655000219405
0.5005865755847159
0.5232766011672378
0.43806817356855005
0.4421998571198131
0.4463315406710761
0.45046322422233914
0.4545949077736022
0.45872659132486515
0.4604640495151334
0.4622015077054017
0.46393896589566996
0.4656764240859383
0.4327930431819164
0.43393863469033517
0.43567609288060344
0.46622894020469774
0.4743637150372796
0.47610117322754786
0.47783863141781613
0.4778132379595455
0.4762453493088033
0.47224501919168554
0.4687227848826766
0.46601034896168975
0.47112794085406473
0.4722281218888652
0.47476636260934973
0.46808122316535394
0.4683985500003359
0.4645293103117944
0.4648418384785546
0.47228543459845074
0.47874935380382927
0.4781765948665612
0.4836097284394208
0.48472589568645313
0.4880292745589031
0.49059778956031896
0.4719248772712252
0.46232106758901864
0.4676137397704068
0.4845277430016753
0.5138966118419757
0.5173336790902306
0.5193649029076032
0.5677519630191926
0.525643413223698
0.48198455150549036
0.4358120882417812
0.42865616427136277
0.4051013237546104
0.3839889704921216
0.24806327728147545
0.24051536582965902
0.2149207018729321
0.21244424994009442
0.20253537645898484
0.19376589658943788
0.22364911848774127
0.2287105556831933
0.21994107581364628
0.2315365430764234
0.22097612277396328
0.21521915175505996
0.22917558104713026
0.21625419871537693
0.19168836825533708
0.17979710309523167
0.16687032785936584
0.15875239481116943
0.17034786207394656
0.15978744177148638
0.15166950872328996
0.16017007435337408
0.16022674080190555
0.15366072578977422
0.16017007435337408
0.16022674080190555
0.15366072578977422
0.16017007435337408
0.16205876863790272
0.17682504828904783
0.2008788636375052
0.20276755792203388
0.18570603227441282
0.17116224136935712
0.1730509356538858
0.1683169484777516
0.3134847208517455
0.31767307085154
0.1986313488303836
0.3617130779991079
0.39022225764088203
0.4345077159036345
0.46370709004975624
0.48645378208080964
0.5025777926512002
0.5317771667973219
0.44662540564716563
0.44419107418629733
0.4548321063011602
0.4590204563009547
0.4565861248400864
0.46722715695494926
0.46902128159374906
0.46419272477188595
0.4724395315257541
0.4742336561645539
0.449974076809287
0.4451420671479566
0.4468566176268645
0.47073919884232374
0.49220018850883895
0.507846125000193
0.5330188671626206
0.5424941502141462
0.5458267035693182
0.5474989450596928
0.5438331912531142
0.5532633774362644
0.5691167644714528
0.5832604583246626
0.5972590425066013
0.6011887195351142
0.6008310188114923
0.5947412751534825
0.5874570019564129
0.5795815949207214
0.5711810607478653
0.542496066063035
0.5161212366678565
0.4995133433975838
0.48827785205635604
0.4865196941852746
0.4695932808724173
0.449226253166601
0.4498678724977154
0.45990932772320414
0.49212791742977463
0.49616570320749503
0.49940040162531885
0.5513183807794834
0.5130114635446255
0.4746530230454091
0.4359237004313891
0.42132463581128143
0.4052129359442183
0.3867112935660642
0.24073174882139414
0.24062697801926697
0.21988681135739063
0.2051127214800131
0.20264698864859282
0.1964882196633805
0.21400866123074105
0.22882216787280124
0.22266339888758893
0.224205014616342
0.2210877349635712
0.2179414748290026
0.2218440525870489
0.21636581090498488
0.19631304201224353
0.17246557463515033
0.1669819400489738
0.16147471788511206
0.1630163336138652
0.15989905396109433
0.1543918317972326
0.1384481213592483
0.1384481213592483
0.1384481213592483
0.1384481213592483
0.1384481213592483
0.1384481213592483
0.1384481213592483
0.1384481213592483
0.1496266732929704
0.17366082713538797
0.17366082713538797
0.1696557593003231
0.1384481213592483
0.1384481213592483
0.1384481213592483
0.1384481213592483
0.1384481213592483
0.1384481213592483
0.1397512150019495
0.14105430864465068
0.14519055672250372
0.14932680480035668
0.15085686559280728
0.15238692638525783
0.2884437274368394
0.2006336770793392
0.07154627854076245
0.21151236052044767
0.22049314528494157
0.22947393004943542
0.2332423402431246
0.2579618744817711
0.27599186640664247
0.27976027660033154
0.27235646705045763
0.2572967657823749
0.2572967657823749
0.2572967657823749
0.2572967657823749
0.2572967657823749
0.25428653919502614
0.2512763126076774
0.250872273305731
0.2504682340037847
0.2500641947018383
0.24966015539989186
0.2440437415271408
0.23842732765438956
0.23281091378163848
0.22719449990888724
0.22418427332153845
0.22117404673418975
0.18513084620112516
0.21515359355949215
0.10834090653400986
0.24434584616093424
0.24434584616093427
0.08626245281186265
0.20913314038479455
0.20913314038479464
0.07301275075589073
0.20594584164524882
0.2056552859181772
0.07083798993197452
0.2050741744640338
0.2047836187369622
0.06736013546535706
0.198990132712014
0.2854335008494907
0.14801001757788557
0.2809431084672437
0.27934945909747083
0.14322906946856695
0.14163542009879407
0.1400417707290212
0.1384481213592483
0.1437330937910496
0.17366082713538797
0.20093895868018682
0.22821709022498562
0.14033296143106316
0.193004384448846
0.193004384448846
0.1384481213592483
0.193004384448846
0.193004384448846
0.1384481213592483
0.193004384448846
0.193004384448846
0.1384481213592483
0.193004384448846
0.193004384448846
0.1384481213592483
0.193004384448846
0.193004384448846
0.1384481213592483
0.1384481213592483
0.1384481213592483
0.1384481213592483
0.1384481213592483
0.1384481213592483
0.1384481213592483
0.1384481213592483
0.1384481213592483
0.1496266732929704
0.17366082713538797
0.17366082713538797
0.1696557593003231
0.1384481213592483
0.1384481213592483
0.1384481213592483
0.1384481213592483
0.1384481213592483
0.1384481213592483
0.1397512150019495
0.14105430864465068
0.14519055672250372
0.14932680480035668
0.15085686559280728
0.15238692638525783
0.2884437274368394
0.2006336770793392
0.07154627854076245
0.21151236052044767
0.22049314528494157
0.22947393004943542
0.2332423402431246
0.2579618744817711
0.27599186640664247
0.27976027660033154
0.27235646705045763
0.2572967657823749
0.2572967657823749
0.2572967657823749
0.2572967657823749
0.2572967657823749
0.25428653919502614
0.2512763126076774
0.250872273305731
0.2504682340037847
0.2500641947018383
0.24966015539989186
0.2440437415271408
0.23842732765438956
0.23281091378163848
0.22719449990888724
0.22418427332153845
0.22117404673418975
0.18513084620112516
0.21515359355949215
0.10834090653400986
0.24434584616093424
0.24434584616093427
0.08626245281186265
0.20913314038479455
0.20913314038479464
0.07301275075589073
0.20594584164524882
0.2056552859181772
0.07083798993197452
0.2050741744640338
0.2047836187369622
0.06736013546535706
0.198990132712014
0.2854335008494907
0.14801001757788557
0.2809431084672437
0.27934945909747083
0.14322906946856695
0.14163542009879407
0.1400417707290212
0.1384481213592483
0.1437330937910496
0.17366082713538797
0.20093895868018682
0.22821709022498562
0.14033296143106316
0.193004384448846
0.193004384448846
0.1384481213592483
0.193004384448846
0.193004384448846
0.1384481213592483
0.193004384448846
0.193004384448846
0.1384481213592483
0.193004384448846
0.193004384448846
0.1384481213592483
0.193004384448846
0.193004384448846
0.1384481213592483
0.18688221449942966
0.17509748456538857
0.15166950872328996
0.15166950872328996
0.15166950872328996
0.15166950872328996
0.15166950872328996
0.15350153655928714
0.1553335643952843
0.1571655922312815
0.15899762006727863
0.16082964790327586
0.16266167573927307
0.16449370357527024
0.16632573141126736
0.3049841552216614
0.3091158387729244
0.20162857027093956
0.3884252181451635
0.4104708584911569
0.4325164988371503
0.4552065244196722
0.47789655000219405
0.5005865755847159
0.5232766011672378
0.43806817356855005
0.4421998571198131
0.4463315406710761
0.45046322422233914
0.4545949077736022
0.45872659132486515
0.44716289247323504
0.4269888019292621
0.4287262601195303
0.4348967783701566
0.4674138822762065
0.46915134046647483
0.4708887986567431
0.4726262568470113
0.4743637150372796
0.47610117322754786
0.47783863141781613
0.4778132379595455
0.4762453493088033
0.47224501919168554
0.46600771165459753
0.4632961074145871
0.4636694935595198
0.46404287970445246
0.4644162658493853
0.46302680034577914
0.46009483964970144
0.45872659132486515
0.45872659132486515
0.45872659132486515
0.45872659132486515
0.45872659132486515
0.45872659132486515
0.4606286508173694
0.43385319154965135
0.43254866813812054
0.4361150296865659
0.45839713887254524
0.47846045855959635
0.4820268201080417
0.4855931816564872
0.48915954320493255
0.49177487500712574
0.5439741321945049
0.5060011272039625
0.4680281222134201
0.4300551172228779
0.4146997349792925
0.3993443527357071
0.3839889704921216
0.30137021811897075
0.34172817605034245
0.20019723585596672
0.33301456090715525
0.33130514569921266
0.22206256935775312
0.3604928337740648
0.3574803249234211
0.21994107581364628
0.35210685404348413
0.349745892014191
0.21521915175505996
0.349745892014191
0.32854499095938705
0.17056259786174768
0.1658406738031614
0.1611133568404626
0.15875239481116943
0.15639143278187626
0.15403047075258314
0.15166950872328996
0.15166950872328996
0.15166950872328996
0.15166950872328996
0.16051241344820474
0.18688221449942966
0.18688221449942966
0.1852132174964176
0.15350153655928714
0.1553335643952843
0.1571655922312815
0.15899762006727863
0.16082964790327586
0.16266167573927307
0.16449370357527024
0.16632573141126736
0.3049841552216614
0.3091158387729244
0.19664013176389936
0.3564507053551836
0.4104708584911569
0.4325164988371503
0.4552065244196722
0.47789655000219405
0.5005865755847159
0.5232766011672378
0.43806817356855005
0.4421998571198131
0.4463315406710761
0.45046322422233914
0.4545949077736022
0.45872659132486515
0.4604640495151334
0.4622015077054017
0.4477764564987362
0.4304637183097986
0.4322011765000669
0.4429124190135091
0.4708887986567431
0.4726262568470113
0.4743637150372796
0.47610117322754786
0.47783863141781613
0.4778132379595455
0.4762453493088033
0.47224501919168554
0.46600771165459753
0.4657570143878742
0.4659638326694007
0.4717812551806215
0.47188114861469393
0.4715217360403226
0.4705860522405227
0.47057633398666593
0.46345036789312993
0.4661091811013042
0.4677605115299072
0.4773072554495797
0.47607608218255376
0.4875758923131191
0.49563446796444616
0.48447066570369707
0.4761882846045094
0.48301211572655844
0.5042045119442771
0.5370229723653424
0.5417459356205654
0.5429905613341853
0.541920119500362
0.4933468811941293
0.5325106213780444
0.4861181329043404
0.4404158388029703
0.4327897456702128
0.40970507431579944
0.3839889704921216
0.2521968586803255
0.2427427090711997
0.20019723585596672
0.21657783133894443
0.20713912702017395
0.19516428566749636
0.24405610420585402
0.23331430624438235
0.21994107581364628
0.23567012447527338
0.2255798733351523
0.21521915175505996
0.23330916244598024
0.220857949276566
0.17711279560465548
0.18393068449408165
0.17147407842055498
0.15875239481116943
0.17448144347279657
0.16439119233267552
0.15166950872328996
0.16323915722488466
0.16580013486283018
0.16117841067820365
0.16323915722488466
0.16580013486283018
0.16117841067820365
0.176053801518741
0.202844868474967
0.2000551721263376
0.1983065448008957
0.17312824620681885
0.17033854985818955
0.1742313242408677
0.1786243297148104
0.17583463336618105
0.2721316709471348
0.27882433213634333
0.20614903371881305
0.36478216087061854
0.4081466660901146
0.442025400792064
0.4667761729212669
0.4920271761417342
0.5100954775396296
0.5348462496688325
0.4521987997080903
0.45170875907472674
0.4579011891726708
0.4645938503618794
0.46410380972851584
0.47029623982645985
0.47459467565467367
0.47171040966031536
0.4755086143972646
0.4642085696336539
0.44487677218424126
0.44595643033933513
0.4523834198443203
0.48053893461237634
0.48864483094620453
0.49133117446723484
0.49657366920142426
0.5077779624956978
0.5150118525437225
0.5240226308021543
0.5277946894340446
0.5353224348930508
0.5487671096822815
0.551088655454621
0.5551884102413411
0.5565001277819026
0.5549602711416955
0.5546573347129464
0.555540847876303
0.5567030078553404
0.5578700399880772
0.5631828834059589
0.5691072848519697
0.5777505157292202
0.5884440589910036
0.5907490968821202
0.5615750102328905
0.5673856299074674
0.5781385647536662
0.6111338822596513
0.6330011402876856
0.6364087245622816
0.636687991773186
0.5870444832212788
0.6252033184241891
0.5651226909740631
0.5037047188492128
0.5117943037399355
0.47299395436204195
0.4332106450453335
0.33120141675004816
0.3084079964370906
0.2588720649226631
0.29558238940866716
0.27042800706641645
0.24298757114264974
0.3122116296199861
0.2966031862906249
0.2691627503668582
0.3146746825449961
0.28886875338139484
0.26444082630827187
0.31231372051570294
0.2841468293228085
0.236446290346536
0.26293524256380435
0.23476295846679743
0.20797406936438131
0.2534860015425192
0.22768007237891796
0.20089118327650185
0.162579481476196
0.16068032021068213
0.15912292832559707
0.162579481476196
0.16068032021068213
0.15912292832559707
0.162579481476196
0.16632437611034917
0.19799968977373106
0.20328827076032713
0.20322113733081046
0.17164531017421664
0.17357164849217904
0.17350451506266235
0.17377915101357447
0.18136738771543642
0.18359991000118558
0.2040935513662064
0.36412248512192985
0.3944442505401592
0.43996991843945743
0.4661164971725782
0.48690736148958613
0.508039995187023
0.5341865739201438
0.44707898505594224
0.4496532767221202
0.45724151342398206
0.45947403570973133
0.46204832737590923
0.46963656407777116
0.46947486100252556
0.46965492730770875
0.47484893864857597
0.47468723557333037
0.448354473310917
0.44904977888172304
0.4513097116661076
0.4826594018653549
0.4909620031302682
0.4954850874001965
0.49996134128593855
0.5024655292699572
0.502321551280863
0.5051061120205843
0.5055540647857028
0.5145572394930261
0.5362329858512427
0.5527218133635303
0.5682079937366598
0.579886026010086
0.585986753965927
0.5953520083018462
0.6061574739577863
0.621934519003408
0.6384067216614773
0.6505622524361309
0.6635917075555435
0.6720021942577631
0.680300774657179
0.6871394167997704
0.672406044288468
0.6602037820018218
0.6614579750974509
0.6699913926468126
0.6908245278941749
0.6849798809363943
0.6778629417907728
0.6227507073637651
0.6550954799406827
0.5928734633187326
0.5311777415712625
0.5395450760846049
0.5004669770840917
0.46059747383338895
0.3589521890947175
0.4348594150248594
0.39041124288569357
0.32333316175333654
0.2979010297884663
0.3147965327068265
0.3790577238576722
0.3240762090126747
0.29654957915491365
0.3868475876657867
0.3607639088795659
0.2918276550963273
0.34006449286037227
0.3116198520448583
0.26821243781749904
0.2906860149084737
0.2622359811888472
0.23536089815243674
0.2812367738871886
0.2551530951009678
0.2282780120645573
0.15166950872328996
0.15166950872328996
0.15166950872328996
0.15166950872328996
0.15166950872328996
0.15166950872328996
0.15166950872328996
0.15350153655928714
0.1752118840248326
0.19237829800742115
0.19421032584341827
0.18333675600737043
0.16266167573927307
0.16449370357527024
0.16632573141126736
0.17045741496253042
0.17458909851379342
0.19664013176389936
0.35321251236902385
0.381735718216003
0.4325164988371503
0.4552065244196722
0.47789655000219405
0.5005865755847159
0.5232766011672378
0.43806817356855005
0.4421998571198131
0.4463315406710761
0.45046322422233914
0.4545949077736022
0.45872659132486515
0.4604640495151334
0.4622015077054017
0.46393896589566996
0.4656764240859383
0.43971239159492986
0.43393863469033517
0.43567609288060344
0.45947776019935493
0.4743637150372796
0.47610117322754786
0.47783863141781613
0.4778132379595455
0.4762453493088033
0.47224501919168554
0.46600771165459753
0.4632961074145871
0.4658030592404718
0.4696250117327024
0.4712026458179304
0.4732900656628272
0.47451623576715163
0.4755819287506199
0.47821573912849796
0.4890957628256867
0.5009329887854058
0.5083429112155929
0.5191081485242399
0.5323105337747689
0.5452405850249268
0.5610630102912141
0.558608074402715
0.5446544396168993
0.547756399365265
0.555668435510659
0.5847325818820758
0.5821961501375125
0.5780970124349737
0.5226471954287303
0.5553502970494293
0.5003195404976775
0.44497131171288273
0.4469911532635499
0.41426054722571193
0.3859492737095926
0.26639826627366253
0.24967458930076056
0.21908739182622708
0.2307792389322815
0.21169459993008638
0.19572619980690886
0.2397109877281965
0.23786977915429483
0.22190137903111729
0.24987153206861046
0.23013534624506482
0.21717945497253097
0.24751057003931734
0.22541342218647842
0.19551866667905599
0.19813209208741872
0.17602955133046738
0.16071269802864044
0.1886828510661336
0.16894666524258792
0.153629811940761
0.14137773217333657
0.14417447084079402
0.14057097388985845
0.14137773217333657
0.14417447084079402
0.14057097388985845
0.14137773217333657
0.14417447084079402
0.1518910000061816
0.17659043794947626
0.17938717661693365
0.17163711496750608
0.14137773217333657
0.14417447084079402
0.14057097388985845
0.14137773217333657
0.14417447084079402
0.14057097388985845
0.1426808258160378
0.14678065812619642
0.14731340925311384
0.152256415614445
0.156583215074353
0.15450977891586795
0.24695120547480642
0.16193789378476367
0.0736691310713726
0.17001983855841463
0.18179736199036595
0.2315967825800456
0.2361719510572129
0.26382975691139127
0.2781147189372526
0.2826898874144198
0.2779412843911262
0.26116251581436867
0.26415327811461436
0.2630838485033369
0.263188511703724
0.2624951957447569
0.256842083487822
0.2597490357153604
0.2567321482562254
0.2545991956214652
0.2522963011204056
0.25201952363448044
0.2506872675367424
0.2518149923177985
0.2561957494984692
0.26214041875419836
0.2696813318982055
0.27901538412210286
0.08363707988770992
0.2632890498448015
0.28038643030558413
0.10981910590180326
0.3238416039890147
0.268704600311557
0.0746064001256636
0.2939287139093974
0.2465997618336851
0.07141910138611786
0.28078476713357736
0.2475718136550751
0.0705474342049028
0.2863292255697088
0.23612443788073065
0.064463392452883
0.2451135589326198
0.2990584478712869
0.14641636820811268
0.30771079403988527
0.2422074653342859
0.20554509943462057
0.14523396536721522
0.1384481213592483
0.2077834162278417
0.178853021773582
0.17366082713538797
0.2375705064712144
0.1453889455386361
0.1384481213592483
0.20235780069507475
0.14364031599744234
0.1384481213592483
0.20235780069507475
0.14364031599744234
0.1384481213592483
0.20235780069507475
0.14364031599744234
0.1384481213592483
0.20235780069507475
0.14364031599744234
0.1384481213592483
0.20235780069507475
0.14364031599744234
0.14137773217333657
0.14417447084079402
0.14057097388985845
0.14137773217333657
0.14417447084079402
0.14057097388985845
0.14137773217333657
0.14417447084079402
0.1518910000061816
0.17659043794947626
0.17938717661693365
0.17163711496750608
0.14137773217333657
0.14417447084079402
0.14057097388985845
0.14137773217333657
0.14417447084079402
0.14057097388985845
0.1426808258160378
0.14678065812619642
0.14731340925311384
0.152256415614445
0.156583215074353
0.15450977891586795
0.24695120547480642
0.16193789378476367
0.0736691310713726
0.17001983855841463
0.18179736199036595
0.2315967825800456
0.2361719510572129
0.26382975691139127
0.2781147189372526
0.2826898874144198
0.2779412843911262
0.26116251581436867
0.26415327811461436
0.2630838485033369
0.263188511703724
0.2624951957447569
0.256842083487822
0.2597490357153604
0.2567321482562254
0.2545991956214652
0.2522963011204056
0.25201952363448044
0.2506872675367424
0.2518149923177985
0.2561957494984692
0.26214041875419836
0.2696813318982055
0.27901538412210286
0.08363707988770992
0.2632890498448015
0.28038643030558413
0.10981910590180326
0.3238416039890147
0.268704600311557
0.0746064001256636
0.2939287139093974
0.2465997618336851
0.07141910138611786
0.28078476713357736
0.2475718136550751
0.0705474342049028
0.2863292255697088
0.23612443788073065
0.064463392452883
0.2451135589326198
0.2990584478712869
0.14641636820811268
0.30771079403988527
0.2422074653342859
0.20554509943462057
0.14523396536721522
0.1384481213592483
0.2077834162278417
0.178853021773582
0.17366082713538797
0.2375705064712144
0.1453889455386361
0.1384481213592483
0.20235780069507475
0.14364031599744234
0.1384481213592483
0.20235780069507475
0.14364031599744234
0.1384481213592483
0.20235780069507475
0.14364031599744234
0.1384481213592483
0.20235780069507475
0.14364031599744234
0.1384481213592483
0.20235780069507475
0.14364031599744234
0.18688221449942966
0.17497156733512975
0.15166950872328996
0.15166950872328996
0.15166950872328996
0.15166950872328996
0.15166950872328996
0.15350153655928714
0.1553335643952843
0.1571655922312815
0.15899762006727863
0.16082964790327586
0.16266167573927307
0.16449370357527024
0.16632573141126736
0.2605620224455401
0.26469370599680314
0.20165447506459716
0.3884252181451635
0.4104708584911569
0.4325164988371503
0.4552065244196722
0.47789655000219405
0.5005865755847159
0.43393649001728707
0.43806817356855005
0.4421998571198131
0.4463315406710761
0.45046322422233914
0.4545949077736022
0.45872659132486515
0.4469314177128149
0.4269888019292621
0.4287262601195303
0.4351259442655351
0.4674138822762065
0.46915134046647483
0.4708887986567431
0.4726262568470113
0.4764623178852873
0.47610117322754786
0.47999310341842183
0.4778132379595455
0.4762453493088033
0.47224501919168554
0.46600771165459753
0.4632961074145871
0.4636694935595198
0.46404287970445246
0.4644162658493853
0.46302680034577914
0.46009483964970144
0.45872659132486515
0.45872659132486515
0.45872659132486515
0.45872659132486515
0.45872659132486515
0.45872659132486515
0.4606286508173694
0.4336876879752172
0.43254866813812054
0.4361150296865659
0.45855838930743625
0.47846045855959635
0.4820268201080417
0.4855931816564872
0.48915954320493255
0.49177487500712574
0.454634021044554
0.5060011272039625
0.4680281222134201
0.4300551172228779
0.4146997349792925
0.3993443527357071
0.3839889704921216
0.2791591517309101
0.3416346774829932
0.244619368632088
0.288592428131034
0.33130514569921266
0.2665794856877393
0.31607070099794354
0.31305819214729974
0.2643632085897676
0.35210685404348413
0.3053237592380697
0.21521915175505996
0.349745892014191
0.3284778186745386
0.17056259786174768
0.1658406738031614
0.1611133568404626
0.15875239481116943
0.15639143278187626
0.15403047075258314
0.15166950872328996
0.15166950872328996
0.15166950872328996
0.15166950872328996
0.16080833013958812
0.18688221449942966
0.18688221449942966
0.1849172420028788
0.15350153655928714
0.1553335643952843
0.1571655922312815
0.15899762006727863
0.16082964790327586
0.21721793882887072
0.21904996666486792
0.16632573141126736
0.3049841552216614
0.3091158387729244
0.19664013176389936
0.3565103326189425
0.4104708584911569
0.4325164988371503
0.4552065244196722
0.47789655000219405
0.5005865755847159
0.43393649001728707
0.43806817356855005
0.4421998571198131
0.4463315406710761
0.45046322422233914
0.4545949077736022
0.45872659132486515
0.4604640495151334
0.4622015077054017
0.447722831218298
0.4304637183097986
0.4322011765000669
0.44296460778304064
0.4729396618105641
0.47759267804799044
0.48060808322051296
0.4834464780079077
0.48460198341766936
0.48438523240444215
0.4821026341920432
0.47657006033329763
0.46842062260321593
0.46814247280723736
0.47605588643128366
0.4870883947546873
0.49550369935924754
0.5075400839825555
0.5141948994691803
0.5164157043861246
0.5187369874684824
0.5205624258220144
0.5208548068374771
0.5286923201355033
0.5354434003646575
0.5426709521656753
0.551072552042025
0.532156748563435
0.5164422432468591
0.514376176508389
0.5208015512618066
0.5461954693623936
0.5454932292740207
0.5417481830949191
0.5385387786907515
0.49160482900926294
0.5326452666795857
0.48194865907026935
0.43465735676304784
0.42862027183614176
0.4039465922758769
0.38455062280819824
0.24802738484625445
0.23696353856788177
0.20075888817204335
0.2124083575048734
0.2013806449802515
0.19574782278215352
0.239886630371783
0.22755582420445988
0.22050272812972294
0.23150065064120237
0.21982139129522985
0.2513291484645487
0.31924429609491894
0.2696557303262412
0.19544595889401575
0.21530955505342267
0.16571559638063246
0.1593140471272461
0.1703119696387255
0.158632710292753
0.15223116103936662
0.15166950872328996
0.15166950872328996
0.15166950872328996
0.15166950872328996
0.15166950872328996
0.15166950872328996
0.16448754865164866
0.18871424233542677
0.19054627017142395
0.1867335002108599
0.15899762006727863
0.16082964790327586
0.16266167573927307
0.16449370357527024
0.16632573141126736
0.3049841552216614
0.3091158387729244
0.19664013176389936
0.3532125123690238
0.3940414474445001
0.4325164988371503
0.4552065244196722
0.47789655000219405
0.5005865755847159
0.43393649001728707
0.43806817356855005
0.4421998571198131
0.4463315406710761
0.45046322422233914
0.4545949077736022
0.45872659132486515
0.4604640495151334
0.4622015077054017
0.46393896589566996
0.4501339411558817
0.4322011765000669
0.43393863469033517
0.44496844216156806
0.4726262568470113
0.4743637150372796
0.47610117322754786
0.47783863141781613
0.4778132379595455
0.4762453493088033
0.47224501919168554
0.46600771165459753
0.4632961074145871
0.4636694935595198
0.46404287970445246
0.4644162658493853
0.46302680034577914
0.46009483964970144
0.45872659132486515
0.45872659132486515
0.45872659132486515
0.45872659132486515
0.45872659132486515
0.45872659132486515
0.4606286508173694
0.4641950123658148
0.4677613739142602
0.4400889370886792
0.4396813912350113
0.44324775278345674
0.4683810803646309
0.4855931816564872
0.48915954320493255
0.49177487500712574
0.454634021044554
0.5060011272039625
0.4680281222134201
0.4300551172228779
0.4146997349792925
0.3993443527357071
0.3839889704921216
0.3148228921448838
0.3692851350698868
0.2097856368778204
0.33301456090715525
0.33130514569921266
0.19376589658943788
0.3494502991487647
0.3574803249234211
0.21994107581364628
0.35210685404348413
0.349745892014191
0.21521915175505996
0.34974589201419104
0.34502396795560464
0.18741912797352608
0.1658406738031614
0.1611133568404626
0.15875239481116943
0.15639143278187626
0.15403047075258314
0.15166950872328996
0.15166950872328996
0.15166950872328996
0.15166950872328996
0.15166950872328996
0.15166950872328996
0.15166950872328996
0.15166950872328996
0.15647038485418607
0.19054627017142395
0.19237829800742115
0.19421032584341827
0.16503510133355112
0.16266167573927307
0.16449370357527024
0.16632573141126736
0.3049841552216614
0.3091158387729244
0.19664013176389936
0.35321251236902385
0.38536168529008896
0.4325164988371503
0.4552065244196722
0.47789655000219405
0.5005865755847159
0.43393649001728707
0.43806817356855005
0.4421998571198131
0.4463315406710761
0.45046322422233914
0.4545949077736022
0.45872659132486515
0.4604640495151334
0.4622015077054017
0.46393896589566996
0.4656764240859383
0.4326905281789855
0.43393863469033517
0.43567609288060344
0.4663289697696557
0.4743637150372796
0.47610117322754786
0.47783863141781613
0.4778132379595455
0.4762453493088033
0.47224501919168554
0.46600771165459753
0.4632961074145871
0.4636694935595198
0.46404287970445246
0.4644162658493853
0.46302680034577914
0.46009483964970144
0.45872659132486515
0.45872659132486515
0.45872659132486515
0.45872659132486515
0.45872659132486515
0.45872659132486515
0.4606286508173694
0.4641950123658148
0.4677613739142602
0.45076760535774707
0.4396813912350113
0.44324775278345674
0.45797175212233493
0.4855931816564872
0.48915954320493255
0.49177487500712574
0.454634021044554
0.5060011272039625
0.4680281222134201
0.4300551172228779
0.4146997349792925
0.3993443527357071
0.3839889704921216
0.3257341447628033
0.3692851350698868
0.2149883120665253
0.33301456090715525
0.33130514569921266
0.19376589658943788
0.34409789135503543
0.3574803249234211
0.21994107581364628
0.3521068540434842
0.349745892014191
0.21521915175505996
0.34974589201419104
0.34502396795560464
0.19182494639872588
0.1658406738031614
0.1611133568404626
0.15875239481116943
0.15639143278187626
0.15403047075258314
0.15166950872328996
0.15166950872328996
0.15166950872328996
0.15166950872328996
0.15166950872328996
0.15166950872328996
0.15166950872328996
0.15166950872328996
0.15350153655928714
0.2288181331073036
0.24693456109701883
0.19421032584341832
0.2388400309292662
0.21721793882887072
0.16449370357527024
0.22088199450086504
0.30498415522166133
0.25455957568332677
0.25119639485349704
0.3532125123690238
0.3816577949012828
0.4325164988371503
0.4552065244196722
0.47789655000219405
0.5005865755847159
0.43393649001728707
0.43806817356855005
0.4421998571198131
0.4463315406710761
0.45046322422233914
0.4545949077736022
0.45872659132486515
0.4604640495151334
0.4622015077054017
0.46393896589566996
0.4656764240859383
0.43992346514322883
0.43393863469033517
0.43567609288060344
0.4592715890829926
0.4743637150372796
0.47610117322754786
0.47783863141781613
0.4778132379595455
0.4762453493088033
0.47224501919168554
0.46600771165459753
0.4632961074145871
0.4636694935595198
0.46404287970445246
0.4644162658493853
0.46302680034577914
0.46009483964970144
0.45872659132486515
0.4602714888459767
0.45872659132486515
0.4605609486263655
0.45872659132486515
0.460678067150405
0.4606286508173694
0.4660319910891865
0.4677613739142602
0.455461255157046
0.4396813912350113
0.44324775278345674
0.45339677522061894
0.4855931816564872
0.48915954320493255
0.49177487500712574
0.454634021044554
0.5060011272039625
0.4680281222134201
0.4300551172228779
0.4146997349792925
0.3993443527357071
0.3839889704921216
0.30137021811897075
0.3692851350698868
0.21727550675048135
0.33301456090715525
0.33130514569921266
0.19376589658943788
0.34175020809724743
0.3574803249234211
0.21994107581364628
0.3521068540434842
0.349745892014191
0.21521915175505996
0.349745892014191
0.34502396795560464
0.19375524955813503
0.1658406738031614
0.1611133568404626
0.15875239481116943
0.15639143278187626
0.15403047075258314
0.15166950872328996
0.1384481213592483
0.1384481213592483
0.1384481213592483
0.1384481213592483
0.1384481213592483
0.1384481213592483
0.193004384448846
0.193004384448846
0.14893833262600564
0.22821709022498562
0.22821709022498562
0.17033971367517473
0.193004384448846
0.193004384448846
0.1384481213592483
0.193004384448846
0.193004384448846
0.1384481213592483
0.19430747809154716
0.19561057173424837
0.14519055672250372
0.20388306788995433
0.20541312868240497
0.15238692638525783
0.19910361628688864
0.2006336770793392
0.07154627854076245
0.2115123605204476
0.22049314528494157
0.22947393004943542
0.2332423402431246
0.2572741061818084
0.27599186640664247
0.27976027660033154
0.2730442362701064
0.2572967657823749
0.2572967657823749
0.2572967657823749
0.2572967657823749
0.2572967657823749
0.25428653919502614
0.2512763126076774
0.250872273305731
0.2504682340037847
0.2500641947018383
0.24966015539989186
0.2440437415271408
0.23842732765438956
0.23281091378163848
0.22719449990888724
0.22418427332153845
0.22117404673418975
0.08363707988770992
0.08062685330036115
0.10765377804699659
0.10981910590180326
0.10981910590180326
0.08695541309052719
0.0746064001256636
0.0746064001256636
0.07301275075589073
0.07141910138611786
0.0711285456590462
0.07083798993197452
0.0705474342049028
0.07025687847783114
0.06736013546535706
0.064463392452883
0.0615666494404089
0.14801001757788557
0.1641905404048187
0.2538267412698391
0.2422074653342859
0.14339083381596118
0.1400417707290212
0.1384481213592483
0.14479890215794483
0.17366082713538797
0.17366082713538797
0.17541624085255508
0.14102700703315732
0.1384481213592483
0.14020353507641542
0.1384481213592483
0.1384481213592483
0.14020353507641542
0.1384481213592483
0.1384481213592483
0.14020353507641542
0.1384481213592483
0.1384481213592483
0.14020353507641542
0.1384481213592483
0.1384481213592483
0.14020353507641542
0.1384481213592483
0.1384481213592483
0.1384481213592483
0.1384481213592483
0.1384481213592483
0.1384481213592483
0.1384481213592483
0.193004384448846
0.193004384448846
0.14893833262600564
0.22821709022498562
0.22821709022498562
0.17033971367517473
0.193004384448846
0.193004384448846
0.1384481213592483
0.193004384448846
0.193004384448846
0.1384481213592483
0.19430747809154716
0.19561057173424837
0.14519055672250372
0.20388306788995433
0.20541312868240497
0.15238692638525783
0.19910361628688864
0.2006336770793392
0.07154627854076245
0.2115123605204476
0.22049314528494157
0.22947393004943542
0.2332423402431246
0.2572741061818084
0.27599186640664247
0.27976027660033154
0.2730442362701064
0.2572967657823749
0.2572967657823749
0.2572967657823749
0.2572967657823749
0.2572967657823749
0.25428653919502614
0.2512763126076774
0.250872273305731
0.2504682340037847
0.2500641947018383
0.24966015539989186
0.2440437415271408
0.23842732765438956
0.23281091378163848
0.22719449990888724
0.22418427332153845
0.22117404673418975
0.08363707988770992
0.08062685330036115
0.10765377804699659
0.10981910590180326
0.10981910590180326
0.08695541309052719
0.0746064001256636
0.0746064001256636
0.07301275075589073
0.07141910138611786
0.0711285456590462
0.07083798993197452
0.0705474342049028
0.07025687847783114
0.06736013546535706
0.064463392452883
0.0615666494404089
0.14801001757788557
0.1641905404048187
0.2538267412698391
0.2422074653342859
0.14339083381596118
0.1400417707290212
0.1384481213592483
0.14479890215794483
0.17366082713538797
0.17366082713538797
0.17541624085255508
0.14102700703315732
0.1384481213592483
0.14020353507641542
0.1384481213592483
0.1384481213592483
0.14020353507641542
0.1384481213592483
0.1384481213592483
0.14020353507641542
0.1384481213592483
0.1384481213592483
0.14020353507641542
0.1384481213592483
0.1384481213592483
0.14020353507641542
0.1384481213592483
0.18688221449942966
0.17579176463342203
0.15166950872328996
0.15166950872328996
0.15166950872328996
0.15166950872328996
0.15166950872328996
0.15350153655928714
0.1553335643952843
0.1571655922312815
0.15899762006727863
0.16082964790327586
0.16266167573927307
0.16449370357527024
0.16632573141126736
0.3049841552216614
0.3091158387729244
0.20148824395842885
0.38842521814516345
0.4104708584911569
0.4325164988371503
0.4552065244196722
0.47789655000219405
0.5005865755847159
0.43393649001728707
0.43806817356855005
0.4421998571198131
0.4463315406710761
0.45046322422233914
0.4545949077736022
0.45872659132486515
0.44745410751187475
0.4269888019292621
0.4287262601195303
0.43461014157028066
0.4674138822762065
0.46915134046647483
0.4708887986567431
0.4726262568470113
0.4743637150372796
0.47610117322754786
0.47783863141781613
0.4778132379595455
0.4781322023757643
0.4737918462678786
0.46851376537210804
0.46862883477622097
0.4659271100796715
0.4686470006625543
0.4680055986934946
0.4669755184508937
0.46809475115810756
0.47535544232423527
0.4780927849228342
0.48135373364251655
0.4822765514190066
0.4849597600694028
0.4853827132769886
0.4883868771120108
0.4616853302091296
0.4615535090741322
0.46308876816960065
0.48552504104751204
0.5058316212568241
0.5088531710913188
0.5115279074577301
0.512954769686516
0.5131372417565268
0.47124335427170627
0.517504465573219
0.4729569604077223
0.4300551172228779
0.41962857317359464
0.3993443527357071
0.38512327917340317
0.2390356861837073
0.20733259893539963
0.2191057167339543
0.2389650032357383
0.19677840544008157
0.22305732802562078
0.2664432761026479
0.25850192905770203
0.2756316475845255
0.3126135594616649
0.29518962892459333
0.3153318563020605
0.31025259743237177
0.2741277185823862
0.27067530240874815
0.22532577508706117
0.1611133568404626
0.159886703492451
0.16132027097617838
0.15403047075258314
0.15280381740457152
0.15166950872328996
0.15166950872328996
0.15166950872328996
0.15983729733729607
0.18688221449942966
0.18688221449942966
0.18588847333419195
0.15350153655928714
0.1553335643952843
0.1571655922312815
0.15899762006727863
0.16082964790327586
0.16266167573927307
0.16449370357527024
0.16632573141126736
0.3049841552216614
0.3091158387729244
0.19664013176389936
0.3563190718948641
0.4104708584911569
0.4325164988371503
0.4552065244196722
0.47789655000219405
0.5005865755847159
0.43393649001728707
0.43806817356855005
0.4421998571198131
0.4463315406710761
0.45046322422233914
0.4545949077736022
0.45872659132486515
0.4604640495151334
0.4622015077054017
0.4480663417927503
0.4304637183097986
0.4322011765000669
0.44262964021963397
0.4708887986567431
0.4726262568470113
0.4743637150372796
0.47610117322754786
0.47783863141781613
0.4778132379595455
0.4762453493088033
0.47224501919168554
0.46600771165459753
0.4632961074145871
0.4636694935595198
0.46404287970445246
0.4644162658493853
0.46302680034577914
0.46009483964970144
0.45872659132486515
0.45872659132486515
0.45872659132486515
0.45872659132486515
0.45872659132486515
0.45872659132486515
0.4606286508173694
0.4641950123658148
0.4482333720618619
0.4361150296865659
0.4396813912350113
0.45242261122863664
0.4820268201080417
0.4855931816564872
0.48915954320493255
0.49177487500712574
0.454634021044554
0.5060011272039625
0.4680281222134201
0.4300551172228779
0.4146997349792925
0.3993443527357071
0.3839889704921216
0.3448005640897958
0.36700785832458005
0.20019723585596672
0.33301456090715525
0.33130514569921266
0.19505854557920174
0.36049283377406477
0.3574803249234211
0.2199410758136463
0.35210685404348413
0.349745892014191
0.21521915175505998
0.349745892014191
0.34502396795560464
0.17724090961905603
0.1658406738031614
0.1611133568404626
0.15875239481116943
0.21094769587147394
0.2085867338421808
0.15166950872328996
0.20622577181288765
0.20622577181288765
0.15166950872328996
0.20622577181288765
0.20622577181288762
0.15166950872328996
0.21848141126133422
0.24327050542502449
0.190546270171424
0.24184457785313798
0.21355388315687632
0.16082964790327586
0.21721793882887072
0.21904996666486792
0.16632573141126736
0.3049841552216614
0.3091158387729244
0.19664013176389936
0.3532125123690238
0.3939483116146153
0.4325164988371503
0.4552065244196722
0.47789655000219405
0.5005865755847159
0.43393649001728707
0.43806817356855005
0.4421998571198131
0.4463315406710761
0.45046322422233914
0.4545949077736022
0.45872659132486515
0.4604640495151334
0.4622015077054017
0.46393896589566996
0.4504050464440337
0.4322011765000669
0.43393863469033517
0.4447039292255675
0.4726262568470113
0.4743637150372796
0.47610117322754786
0.47783863141781613
0.4778132379595455
0.4762453493088033
0.47224501919168554
0.46600771165459753
0.4632961074145871
0.4636694935595198
0.46404287970445246
0.4644162658493853
0.46302680034577914
0.46009483964970144
0.45872659132486515
0.45872659132486515
0.45872659132486515
0.45872659132486515
0.45872659132486515
0.45872659132486515
0.4606286508173694
0.4641950123658148
0.4677613739142602
0.44027367772460774
0.4396813912350113
0.44324775278345674
0.46820099204948773
0.4855931816564872
0.48915954320493255
0.49177487500712574
0.454634021044554
0.5060011272039625
0.4680281222134201
0.4300551172228779
0.4146997349792925
0.3993443527357071
0.3839889704921216
0.3379911286158699
0.3692851350698868
0.20987635500570856
0.33301456090715525
0.33130514569921266
0.19376589658943788
0.3493469474856041
0.3574803249234211
0.21994107581364628
0.35210685404348413
0.349745892014191
0.21521915175505998
0.349745892014191
0.34502396795560464
0.18751754474087076
0.1658406738031614
0.1611133568404626
0.15875239481116943
0.15639143278187626
0.15403047075258314
0.15166950872328996
0.15166950872328996
0.20622577181288765
0.20622577181288765
0.15166950872328996
0.20622577181288765
0.20622577181288765
0.15166950872328996
0.2106114714834583
0.24510253326102163
0.19237829800742115
0.24876658893301595
0.22000126156625616
0.16266167573927307
0.21904996666486792
0.22088199450086504
0.25042789213206373
0.3091158387729244
0.251196394853497
0.35321251236902385
0.3852862631942648
0.4325164988371503
0.4552065244196722
0.47789655000219405
0.5005865755847159
0.43393649001728707
0.43806817356855005
0.4421998571198131
0.4463315406710761
0.45046322422233914
0.4545949077736022
0.45872659132486515
0.4604640495151334
0.4622015077054017
0.46393896589566996
0.4656764240859383
0.432855896028917
0.43393863469033517
0.43567609288060344
0.4661676162065753
0.4743637150372796
0.47610117322754786
0.47783863141781613
0.4778132379595455
0.4762453493088033
0.47224501919168554
0.46600771165459753
0.4632961074145871
0.4636694935595198
0.46404287970445246
0.4644162658493853
0.46302680034577914
0.46009483964970144
0.45872659132486515
0.45872659132486515
0.45872659132486515
0.45872659132486515
0.45872659132486515
0.45872659132486515
0.4606286508173694
0.4641950123658148
0.4677613739142602
0.4508748603121633
0.4396813912350113
0.44324775278345674
0.4578672069148573
0.4855931816564872
0.48915954320493255
0.49177487500712574
0.454634021044554
0.4166610160540117
0.4680281222134201
0.4300551172228779
0.4146997349792925
0.3993443527357071
0.3839889704921216
0.3448005640897958
0.3692851350698868
0.21504179023770936
0.33301456090715525
0.33130514569921266
0.19376589658943788
0.344043429404769
0.3574803249234211
0.2199410758136463
0.35210685404348413
0.349745892014191
0.21521915175505996
0.349745892014191
0.34502396795560464
0.1918666149577068
0.1658406738031614
0.1611133568404626
0.2133086579007671
0.21094769587147394
0.15403047075258314
0.20622577181288765
0.20622577181288762
0.15166950872328996
0.20622577181288765
0.20622577181288765
0.15166950872328996
0.20622577181288765
0.20622577181288765
0.15350153655928714
0.22864716790472042
0.24693456109701883
0.2259404206835049
0.2834309568337651
0.21721793882887072
0.20891583635139152
0.2653041272769863
0.26056202244554016
0.25455957568332677
0.2956185276296183
0.3532125123690238
0.38163164816709844
0.4325164988371503
0.4552065244196722
0.47789655000219405
0.4112464644347652
0.43393649001728707
0.43806817356855005
0.4421998571198131
0.4463315406710761
0.45046322422233914
0.4545949077736022
0.45872659132486515
0.4604640495151334
0.4622015077054017
0.46393896589566996
0.4656764240859383
0.4400039157619201
0.43393863469033517
0.43567609288060344
0.45919309403839975
0.4743637150372796
0.47610117322754786
0.47783863141781613
0.4778132379595455
0.4762453493088033
0.47224501919168554
0.46600771165459753
0.4632961074145871
0.4636694935595198
0.4662233018149569
0.4644162658493853
0.4647434447851622
0.46009483964970144
0.45872659132486515
0.45872659132486515
0.45872659132486515
0.45872659132486515
0.45872659132486515
0.45872659132486515
0.4625400509021411
0.46563539933322423
0.4706989627621377
0.45746966792710697
0.44302901839033476
0.445187214098644
0.45515440853373174
0.4855931816564872
0.48915954320493255
0.49177487500712574
0.454634021044554
0.4166610160540117
0.4680281222134201
0.43084045783441505
0.4146997349792925
0.40012969334724424
0.3839889704921216
0.30137021811897075
0.370070475681424
0.21730661421953584
0.33301456090715525
0.33209048631074983
0.19376589658943788
0.3417148907868426
0.35826566553495826
0.21994107581364628
0.35210685404348413
0.35053123262572816
0.21521915175505996
0.349745892014191
0.34580930856714187
0.19378175219843582
0.1658406738031614
0.16189869745199975
0.15875239481116943
0.15639143278187626
0.1548158113641203
0.15166950872328996
0.1384481213592483
0.1384481213592483
0.1384481213592483
0.1384481213592483
0.1384481213592483
0.1384481213592483
0.1384481213592483
0.1384481213592483
0.14881375923377238
0.17366082713538797
0.17366082713538797
0.1704688102781979
0.1384481213592483
0.1384481213592483
0.1384481213592483
0.1384481213592483
0.193004384448846
0.193004384448846
0.1397512150019495
0.19561057173424837
0.19974681981210138
0.14932680480035668
0.20541312868240497
0.11760307832490476
0.144547353197291
0.20063367707933927
0.1261025416303601
0.15695609743084998
0.22049314528494152
0.22947393004943542
0.2332423402431246
0.2571467848020223
0.27599186640664247
0.27976027660033154
0.27317155870121834
0.2572967657823749
0.2572967657823749
0.2572967657823749
0.2572967657823749
0.2572967657823749
0.25428653919502614
0.2512763126076774
0.250872273305731
0.2504682340037847
0.2500641947018383
0.24966015539989186
0.2440437415271408
0.23842732765438956
0.23281091378163848
0.22719449990888724
0.22418427332153845
0.22117404673418975
0.08363707988770992
0.21515359355949215
0.2474165868129461
0.10981910590180326
0.24434584616093427
0.22630658829050568
0.0746064001256636
0.0746064001256636
0.1576505982284887
0.1539849238855122
0.0711285456590462
0.16226790341147174
0.20587838283021484
0.07025687847783114
0.20188687572448807
0.198990132712014
0.0615666494404089
0.19319664668706585
0.2840656829866516
0.1448227188383398
0.14635164398797484
0.14163542009879407
0.1400417707290212
0.14157069587865623
0.14291792231636677
0.17366082713538797
0.1767834016547959
0.17366082713538797
0.14115257533805942
0.14157069587865623
0.1384481213592483
0.1384481213592483
0.14157069587865623
0.1384481213592483
0.1384481213592483
0.14157069587865623
0.1384481213592483
0.1384481213592483
0.14157069587865623
0.1384481213592483
0.1384481213592483
0.14157069587865623
0.1384481213592483
0.1384481213592483
0.1384481213592483
0.1384481213592483
0.1384481213592483
0.1384481213592483
0.1384481213592483
0.1384481213592483
0.1384481213592483
0.1384481213592483
0.14881375923377238
0.17366082713538797
0.17366082713538797
0.1704688102781979
0.1384481213592483
0.1384481213592483
0.1384481213592483
0.1384481213592483
0.193004384448846
0.193004384448846
0.1397512150019495
0.19561057173424837
0.19974681981210138
0.14932680480035668
0.20541312868240497
0.11760307832490476
0.144547353197291
0.20063367707933927
0.1261025416303601
0.15695609743084998
0.22049314528494152
0.22947393004943542
0.2332423402431246
0.2571467848020223
0.27599186640664247
0.27976027660033154
0.27317155870121834
0.2572967657823749
0.2572967657823749
0.2572967657823749
0.2572967657823749
0.2572967657823749
0.25428653919502614
0.2512763126076774
0.250872273305731
0.2504682340037847
0.2500641947018383
0.24966015539989186
0.2440437415271408
0.23842732765438956
0.23281091378163848
0.22719449990888724
0.22418427332153845
0.22117404673418975
0.08363707988770992
0.21515359355949215
0.2474165868129461
0.10981910590180326
0.24434584616093427
0.22630658829050568
0.0746064001256636
0.0746064001256636
0.1576505982284887
0.1539849238855122
0.0711285456590462
0.16226790341147174
0.20587838283021484
0.07025687847783114
0.20188687572448807
0.198990132712014
0.0615666494404089
0.19319664668706585
0.2840656829866516
0.1448227188383398
0.14635164398797484
0.14163542009879407
0.1400417707290212
0.14157069587865623
0.14291792231636677
0.17366082713538797
0.1767834016547959
0.17366082713538797
0.14115257533805942
0.14157069587865623
0.1384481213592483
0.1384481213592483
0.14157069587865623
0.1384481213592483
0.1384481213592483
0.14157069587865623
0.1384481213592483
0.1384481213592483
0.14157069587865623
0.1384481213592483
0.1384481213592483
0.14157069587865623
0.1384481213592483
0.1384481213592483
0.2414384775890273
0.31045288518431635
0.2316399858928233
0.2080577996488848
0.2898603046544153
0.2371360694008148
0.21355388315687632
0.29535638816240684
0.2426321529088064
0.21904996666486792
0.3008524716703983
0.2504278921320638
0.2291453616033911
0.3311668720230304
0.36526277815865926
0.4104708584911569
0.4325164988371503
0.4552065244196722
0.47789655000219405
0.5005865755847159
0.5232766011672378
0.5274082847185009
0.5315399682697639
0.4463315406710761
0.45046322422233914
0.4545949077736022
0.45872659132486515
0.4604640495151334
0.4622015077054017
0.4312883150695009
0.4304637183097986
0.4322011765000669
0.4589936317973035
0.4708887986567431
0.4726262568470113
0.4743637150372796
0.47610117322754786
0.47783863141781613
0.4778132379595455
0.4762453493088033
0.47224501919168554
0.46600771165459753
0.4632961074145871
0.4636694935595198
0.46404287970445246
0.4644162658493853
0.46302680034577914
0.46009483964970144
0.45872659132486515
0.45872659132486515
0.45872659132486515
0.45872659132486515
0.45872659132486515
0.45872659132486515
0.4606286508173694
0.4641950123658148
0.4368365678421646
0.4361150296865659
0.4396813912350113
0.46352910434222655
0.4820268201080417
0.4855931816564872
0.48915954320493255
0.49177487500712574
0.454634021044554
0.4166610160540117
0.3786880110634694
0.3407150060729272
0.3253596238293418
0.31000424158575635
0.3839889704921216
0.35359630042574475
0.36085030971298704
0.20405717966123557
0.33301456090715525
0.33130514569921266
0.20548273814368614
0.36049283377406477
0.3574803249234211
0.22380101961891513
0.35210685404348413
0.349745892014191
0.2190790955603288
0.349745892014191
0.34502396795560464
0.17554977842136407
0.17190248081311668
0.21566961993006026
0.16261233861643828
0.21094769587147394
0.2085867338421808
0.1999515853046801
0.2506479045890089
0.20622577181288762
0.1999515853046801
0.2506479045890089
0.2239999440095937
0.2330214236595964
0.28586061036514854
0.2788188498184365
0.2705167473409573
0.26192598791596894
0.24910222755028835
0.24080012507280923
0.26164007160499203
0.25459831105827996
0.24629620858080073
0.26943581082824936
0.26469370599680314
0.2766106089334327
0.3532125123690238
0.3986428622608455
0.4325164988371503
0.4552065244196722
0.47789655000219405
0.5005865755847159
0.5232766011672378
0.5274082847185009
0.5315399682697639
0.4463315406710761
0.45046322422233914
0.4545949077736022
0.45872659132486515
0.4604640495151334
0.4622015077054017
0.46393896589566996
0.4418086438222344
0.4322011765000669
0.43393863469033517
0.45308908748176036
0.4726262568470113
0.4743637150372796
0.47610117322754786
0.47783863141781613
0.4778132379595455
0.4762453493088033
0.47224501919168554
0.46600771165459753
0.4632961074145871
0.4636694935595198
0.46404287970445246
0.4644162658493853
0.46302680034577914
0.46009483964970144
0.45872659132486515
0.45872659132486515
0.45872659132486515
0.45872659132486515
0.45872659132486515
0.45872659132486515
0.4606286508173694
0.4641950123658148
0.4661423044070175
0.4361150296865659
0.4396813912350113
0.44324775278345674
0.47381946905367145
0.4855931816564872
0.48915954320493255
0.49177487500712574
0.454634021044554
0.4166610160540117
0.3786880110634694
0.3407150060729272
0.3253596238293418
0.31000424158575635
0.3839889704921216
0.3210555019826621
0.36928513506988675
0.21329890224790368
0.33301456090715525
0.33130514569921266
0.19999850642721617
0.3522431031210598
0.3574803249234211
0.22617368565142457
0.3521068540434842
0.349745892014191
0.22145176159283825
0.349745892014191
0.34502396795560464
0.1913614988926261
0.1658406738031614
0.1611133568404626
0.16498500464894772
0.15639143278187626
0.15403047075258314
0.15790211856106826
0.15166950872328996
0.20622577181288765
0.21245838165066594
0.15166950872328996
0.20622577181288765
0.20622577181288765
0.15166950872328996
0.2210416146343295
0.24510253326102163
0.19237829800742115
0.24294804566754288
0.21538591099287352
0.16266167573927307
0.21904996666486792
0.22088199450086504
0.25042789213206373
0.3091158387729244
0.25119639485349704
0.3532125123690238
0.3873054945590515
0.4325164988371503
0.4552065244196722
0.47789655000219405
0.5005865755847159
0.5232766011672378
0.5274082847185009
0.5315399682697639
0.4463315406710761
0.45046322422233914
0.4545949077736022
0.45872659132486515
0.4604640495151334
0.4622015077054017
0.46393896589566996
0.462631455621699
0.4322011765000669
0.43393863469033517
0.43567609288060344
0.4697524002174037
0.4743637150372796
0.47610117322754786
0.47783863141781613
0.4778132379595455
0.4762453493088033
0.47224501919168554
0.46600771165459753
0.4632961074145871
0.4636694935595198
0.46404287970445246
0.4644162658493853
0.46302680034577914
0.46009483964970144
0.45872659132486515
0.45872659132486515
0.45872659132486515
0.45872659132486515
0.45872659132486515
0.45872659132486515
0.4606286508173694
0.4641950123658148
0.4677613739142602
0.44849252964901976
0.4396813912350113
0.44324775278345674
0.4601893711143528
0.4855931816564872
0.48915954320493255
0.49177487500712574
0.454634021044554
0.4166610160540117
0.3786880110634694
0.3407150060729272
0.3253596238293418
0.31000424158575635
0.3839889704921216
0.34590785805515795
0.3692851350698868
0.21796718006086657
0.33301456090715525
0.33130514569921266
0.19785231857464272
0.3452351912616693
0.3574803249234211
0.22402749779885117
0.35210685404348413
0.349745892014191
0.21930557374026483
0.349745892014191
0.34502396795560464
0.19497595255859643
0.1658406738031614
0.1611133568404626
0.1628388167963743
0.15639143278187626
0.2085867338421808
0.2103121937980925
0.15166950872328996
0.20622577181288765
0.2103121937980925
0.15166950872328996
0.20622577181288765
0.20622577181288765
0.15166950872328996
0.2080577996488848
0.23291354846795004
0.19237829800742115
0.24876658893301595
0.23474175818909643
0.16266167573927307
0.21904996666486792
0.22088199450086504
0.25042789213206373
0.3091158387729244
0.25119639485349704
0.3532125123690238
0.38245342241154384
0.4325164988371503
0.4552065244196722
0.47789655000219405
0.5005865755847159
0.5232766011672378
0.5274082847185009
0.5315399682697639
0.4463315406710761
0.45046322422233914
0.4545949077736022
0.45872659132486515
0.4604640495151334
0.4622015077054017
0.46393896589566996
0.4656764240859383
0.4384067486449612
0.43393863469033517
0.43567609288060344
0.4607514430994055
0.4743637150372796
0.47610117322754786
0.47783863141781613
0.4778132379595455
0.4762453493088033
0.47224501919168554
0.46600771165459753
0.4632961074145871
0.4636694935595198
0.46404287970445246
0.4644162658493853
0.46302680034577914
0.46206999084727457
0.46477006601429477
0.4636674719998425
0.4627814930103086
0.46412009140408855
0.4640534925944807
0.4639661749459308
0.46591931133426784
0.4666134380820604
0.4709184789139462
0.45647528351564154
0.44275333613846496
0.4469261013950195
0.45943868026987855
0.4855931816564872
0.48915954320493255
0.49177487500712574
0.454634021044554
0.4166610160540117
0.3786880110634694
0.3407150060729272
0.3253596238293418
0.31000424158575635
0.3839889704921216
0.2341068479894052
0.23475839481075578
0.2167863826729579
0.23403616504143623
0.2767488826096149
0.23818802936555916
0.2978333624186018
0.3574803249234211
0.2643632085897676
0.30768472126736285
0.349745892014191
0.25964128453118124
0.3053237592380697
0.34502396795560464
0.2377647928360868
0.1658406738031614
0.1611133568404626
0.15875239481116943
0.15639143278187626
0.15403047075258314
0.15166950872328996
0.15166950872328996
0.15166950872328996
0.15166950872328996
0.15166950872328996
0.15166950872328996
0.15166950872328996
0.15166950872328996
0.15350153655928714
0.16760591296636201
0.19237829800742115
0.19421032584341827
0.19094332270461914
0.16266167573927307
0.16449370357527024
0.16632573141126736
0.3049841552216614
0.3091158387729244
0.19664013176389936
0.3532125123690238
0.38035962465996354
0.4325164988371503
0.4552065244196722
0.47789655000219405
0.5005865755847159
0.5232766011672378
0.5274082847185009
0.5315399682697639
0.4463315406710761
0.45046322422233914
0.4545949077736022
0.45872659132486515
0.4604640495151334
0.4622015077054017
0.46393896589566996
0.4656764240859383
0.44238900251686775
0.43393863469033517
0.43567609288060344
0.4568660416319986
0.4796808327854475
0.48248884108369045
0.48281460717813574
0.48236913990626223
0.48082179176676876
0.47453282284560605
0.47225118893038903
0.46933915775039287
0.4701788815681617
0.4672733358387827
0.4720867770611069
0.4773851706704258
0.4812708564132296
0.48113509534242055
0.481970617253018
0.48605093763756535
0.48995863657812216
0.49545254253770915
0.5006362749908951
0.508403666506575
0.5164150379918213
0.5238758565992786
0.5164889189726712
0.5013695470515501
0.5066543749713613
0.5186268624090249
0.5553200399940814
0.5612728444980539
0.5654413255160599
0.5232410298529155
0.4792362972137908
0.4332915792116195
0.3867544391752045
0.36212531983584056
0.33954150013804013
0.4047849893399617
0.2341068479894052
0.25555441365859594
0.2180513247564164
0.19848782064802417
0.21757442428792173
0.19376589658943788
0.20644058095385512
0.24374960351213013
0.21994107581364628
0.21758011378435307
0.23601517060290017
0.21521915175505996
0.21521915175505996
0.23129324654431382
0.1943594648129838
0.1658406738031614
0.18190937568830276
0.15875239481116943
0.15639143278187626
0.1748264896004233
0.15166950872328996
0.15166950872328996
0.17246552757113012
0.15166950872328996
0.15166950872328996
0.1384481213592483
0.1384481213592483
0.1384481213592483
0.1384481213592483
0.1462640207750143
0.17366082713538797
0.17366082713538797
0.17301905107046323
0.1384481213592483
0.1384481213592483
0.1384481213592483
0.1384481213592483
0.1384481213592483
0.1384481213592483
0.1397512150019495
0.14105430864465068
0.14519055672250372
0.14932680480035668
0.15085686559280728
0.15238692638525783
0.2884437274368394
0.28997378822929
0.16088638969071323
0.2115123605204476
0.22049314528494157
0.22947393004943542
0.2332423402431246
0.25459959067289567
0.27599186640664247
0.27976027660033154
0.27571883170843997
0.2572967657823749
0.2572967657823749
0.2572967657823749
0.2572967657823749
0.2572967657823749
0.25428653919502614
0.2512763126076774
0.25331599615788075
0.25397018612884736
0.2570378152697531
0.252611293025868
0.2440437415271408
0.24009099397596612
0.23281091378163848
0.22910143578887643
0.22562801095179144
0.22262533613027968
0.08363707988770992
0.08062685330036115
0.10497975965115966
0.10981910590180326
0.10981910590180326
0.08962680182517024
0.0746064001256636
0.0746064001256636
0.07301275075589073
0.1549670837307411
0.15004947057414153
0.07083798993197452
0.16004714162318928
0.14755516759806725
0.06736013546535706
0.14864487662796078
0.1365776793622182
0.05866990642793482
0.1364810347202359
0.12775689973590393
0.0538889583186162
0.05229530894884333
0.1400417707290212
0.1384481213592483
0.1403720856693995
0.17366082713538797
0.17366082713538797
0.17366082713538797
0.14369401065090273
0.1384481213592483
0.1384481213592483
0.1384481213592483
0.1384481213592483
0.1384481213592483
0.1384481213592483
0.1384481213592483
0.1384481213592483
0.1384481213592483
0.1384481213592483
0.1384481213592483
0.1384481213592483
0.1384481213592483
0.1384481213592483
0.1384481213592483
0.1384481213592483
0.1384481213592483
0.1384481213592483
0.15015008774143251
0.1384481213592483
0.1384481213592483
0.1384481213592483
0.1384481213592483
0.1462640207750143
0.17366082713538797
0.17366082713538797
0.17301905107046323
0.1384481213592483
0.1384481213592483
0.1384481213592483
0.1384481213592483
0.1384481213592483
0.1384481213592483
0.1397512150019495
0.14105430864465068
0.14519055672250372
0.14932680480035668
0.15085686559280728
0.15238692638525783
0.2884437274368394
0.28997378822929
0.16088638969071323
0.2115123605204476
0.22049314528494157
0.22947393004943542
0.2332423402431246
0.25459959067289567
0.27599186640664247
0.27976027660033154
0.27571883170843997
0.2572967657823749
0.2572967657823749
0.2572967657823749
0.2572967657823749
0.2572967657823749
0.25428653919502614
0.2512763126076774
0.25331599615788075
0.25397018612884736
0.2570378152697531
0.252611293025868
0.2440437415271408
0.24009099397596612
0.23281091378163848
0.22910143578887643
0.22562801095179144
0.22262533613027968
0.08363707988770992
0.08062685330036115
0.10497975965115966
0.10981910590180326
0.10981910590180326
0.08962680182517024
0.0746064001256636
0.0746064001256636
0.07301275075589073
0.1549670837307411
0.15004947057414153
0.07083798993197452
0.16004714162318928
0.14755516759806725
0.06736013546535706
0.14864487662796078
0.1365776793622182
0.05866990642793482
0.1364810347202359
0.12775689973590393
0.0538889583186162
0.05229530894884333
0.1400417707290212
0.1384481213592483
0.1403720856693995
0.17366082713538797
0.17366082713538797
0.17366082713538797
0.14369401065090273
0.1384481213592483
0.1384481213592483
0.1384481213592483
0.1384481213592483
0.1384481213592483
0.1384481213592483
0.1384481213592483
0.1384481213592483
0.1384481213592483
0.1384481213592483
0.1384481213592483
0.1384481213592483
0.1384481213592483
0.1384481213592483
0.1384481213592483
0.1384481213592483
0.1384481213592483
0.1384481213592483
0.15015008774143251
0.15166950872328996
0.15166950872328996
0.15166950872328996
0.15350153655928714
0.1553335643952843
0.1571655922312815
0.15899762006727863
0.16082964790327586
0.16266167573927307
0.16449370357527024
0.16632573141126736
0.3049841552216614
0.3091158387729244
0.20094356861597465
0.3884252181451635
0.4104708584911569
0.4325164988371503
0.4552065244196722
0.47789655000219405
0.5005865755847159
0.5232766011672378
0.5274082847185009
0.5315399682697639
0.4463315406710761
0.45046322422233914
0.4545949077736022
0.45872659132486515
0.4483472224297217
0.4269888019292621
0.4287262601195303
0.4337326789009188
0.4674138822762065
0.46915134046647483
0.4708887986567431
0.4726262568470113
0.4743637150372796
0.4777449434546994
0.4791432260448337
0.48201541834131023
0.479587644039287
0.4765788616428009
0.46943850490638533
0.467928288975972
0.46591447821516674
0.4675416009470499
0.4693898521893305
0.46621664401758767
0.46613844625677964
0.46582256046208015
0.4793250726940173
0.48734209072882434
0.4906881169642204
0.49245645714380537
0.49472117091508494
0.49742475465758124
0.47220087800633803
0.47049292196718073
0.4743647619972937
0.4951215185666713
0.5141261231987476
0.5155021392682824
0.5167993819747502
0.51949563356406
0.5214917476621691
0.48051127537350097
0.4383041627520558
0.394838940019927
0.3504973620195749
0.3324877459788186
0.3143519220077393
0.3865109865015459
0.2341068479894052
0.21019543647211045
0.20019723585596672
0.19848782064802417
0.1993004214495059
0.22157002312127433
0.2259660935149338
0.22547560067371433
0.21994107581364628
0.21758011378435307
0.2177411677644843
0.21521915175505996
0.21521915175505996
0.1969472980875553
0.17056259786174768
0.1658406738031614
0.16363537284988694
0.15875239481116943
0.15639143278187626
0.15655248676200748
0.15166950872328996
0.15166950872328996
0.15419152473271433
0.15166950872328996
0.1586224362946804
0.18688221449942966
0.18688221449942966
0.18688221449942966
0.1537228704923606
0.1553335643952843
0.1571655922312815
0.15899762006727863
0.16082964790327586
0.16266167573927307
0.16449370357527024
0.16632573141126736
0.3049841552216614
0.3091158387729244
0.19664013176389936
0.3560759746288081
0.4104708584911569
0.4325164988371503
0.4552065244196722
0.47789655000219405
0.5005865755847159
0.5232766011672378
0.5274082847185009
0.4421998571198131
0.4463315406710761
0.45046322422233914
0.4545949077736022
0.45872659132486515
0.4604640495151334
0.4622015077054017
0.4484414428454839
0.4304637183097986
0.4322011765000669
0.4422639634159655
0.4708887986567431
0.4726262568470113
0.4743637150372796
0.47610117322754786
0.47783863141781613
0.4778132379595455
0.4762453493088033
0.47224501919168554
0.46600771165459753
0.4632961074145871
0.4636694935595198
0.46404287970445246
0.4644162658493853
0.46302680034577914
0.46009483964970144
0.45872659132486515
0.45872659132486515
0.45872659132486515
0.45872659132486515
0.45872659132486515
0.45872659132486515
0.4606286508173694
0.4641950123658148
0.44848839665988116
0.4361150296865659
0.4396813912350113
0.4521740943060253
0.4820268201080417
0.4855931816564872
0.48915954320493255
0.49177487500712574
0.454634021044554
0.4166610160540117
0.3786880110634694
0.3407150060729272
0.3253596238293418
0.31000424158575635
0.3839889704921216
0.35118941662690506
0.3671301723916868
0.204202785977202
0.33301456090715525
0.33130514569921266
0.19893737616489593
0.36049283377406477
0.3574803249234211
0.22394662593488157
0.35210685404348413
0.349745892014191
0.2192247018762953
0.349745892014191
0.34502396795560464
0.1813584077536309
0.17190248081311668
0.21566961993006026
0.16275794493240472
0.21094769587147394
0.2085867338421808
0.1556750588445253
0.20622577181288765
0.20622577181288762
0.1556750588445253
0.20622577181288765
0.20622577181288765
0.15166950872328996
0.21799544060632836
0.24327050542502443
0.19054627017142395
0.2423325166853279
0.21355388315687632
0.16082964790327586
0.21721793882887072
0.21904996666486792
0.16632573141126736
0.30498415522166133
0.3091158387729244
0.19664013176389936
0.3532125123690238
0.39385608504033154
0.4325164988371503
0.4552065244196722
0.47789655000219405
0.5005865755847159
0.5232766011672378
0.5274082847185009
0.4421998571198131
0.4463315406710761
0.45046322422233914
0.4545949077736022
0.45872659132486515
0.4604640495151334
0.4622015077054017
0.46393896589566996
0.45059193770346534
0.4322011765000669
0.43393863469033517
0.4445216205299003
0.4726262568470113
0.4743637150372796
0.47610117322754786
0.47783863141781613
0.4778132379595455
0.4762453493088033
0.47224501919168554
0.46600771165459753
0.4632961074145871
0.4636694935595198
0.46404287970445246
0.4644162658493853
0.46302680034577914
0.46009483964970144
0.45872659132486515
0.45872659132486515
0.45872659132486515
0.45872659132486515
0.45872659132486515
0.45872659132486515
0.4606286508173694
0.4641950123658148
0.4677613739142602
0.44040101977625473
0.4396813912350113
0.44324775278345674
0.4680768569926159
0.4855931816564872
0.48915954320493255
0.49177487500712574
0.454634021044554
0.4166610160540117
0.3786880110634694
0.3407150060729272
0.3253596238293418
0.31000424158575635
0.3839889704921216
0.3491901256928007
0.3692851350698868
0.21432824078905355
0.33301456090715525
0.33130514569921266
0.19815545819244282
0.34928309495656523
0.3574803249234211
0.2243306374166512
0.35210685404348413
0.349745892014191
0.2196087133580649
0.349745892014191
0.34502396795560464
0.19195834352403754
0.17190248081311668
0.21566961993006026
0.16314195641417437
0.21094769587147394
0.2085867338421808
0.15605907032629493
0.20622577181288765
0.20622577181288765
0.15605907032629493
0.20622577181288765
0.20622577181288765
0.15166950872328996
0.20622577181288765
0.21039183175271525
0.19054627017142395
0.29135669387314006
0.29318872170913723
0.1656631341318894
0.261640071604992
0.2634720994409892
0.16632573141126736
0.30498415522166133
0.3091158387729244
0.19664013176389936
0.35321251236902385
0.3852551565275486
0.4325164988371503
0.4552065244196722
0.47789655000219405
0.5005865755847159
0.5232766011672378
0.5274082847185009
0.4421998571198131
0.4463315406710761
0.45046322422233914
0.4545949077736022
0.45872659132486515
0.4604640495151334
0.4622015077054017
0.46393896589566996
0.4656764240859383
0.4329805601361117
0.43393863469033517
0.43567609288060344
0.4660459271066336
0.4743637150372796
0.47610117322754786
0.47783863141781613
0.4778132379595455
0.4762453493088033
0.47224501919168554
0.46600771165459753
0.4632961074145871
0.4636694935595198
0.46404287970445246
0.4644162658493853
0.46302680034577914
0.46009483964970144
0.45872659132486515
0.46031255525973297
0.45872659132486515
0.46095203653719863
0.46048634202460453
0.45872659132486515
0.46211980643038203
0.4641950123658148
0.4677613739142602
0.4509557377412062
0.4396813912350113
0.44324775278345674
0.45778837287919816
0.4855931816564872
0.49097137895458043
0.49498662102568075
0.4583254636757055
0.4166610160540117
0.3786880110634694
0.3407150060729272
0.3253596238293418
0.31000424158575635
0.3839889704921216
0.30137021811897075
0.3692851350698868
0.21507829278131818
0.33301456090715525
0.33130514569921266
0.19376589658943788
0.3440077224423471
0.3574803249234211
0.21994107581364628
0.3521068540434842
0.349745892014191
0.21521915175505996
0.349745892014191
0.34502396795560464
0.19190007237974815
0.1658406738031614
0.1611133568404626
0.15875239481116943
0.15639143278187626
0.15403047075258314
0.15166950872328996
0.15166950872328996
0.15166950872328996
0.15166950872328996
0.15166950872328996
0.15166950872328996
0.15166950872328996
0.15166950872328996
0.15350153655928714
0.2284905246718511
0.24693456109701883
0.19421032584341827
0.23916840565880787
0.21721793882887072
0.16449370357527024
0.22088199450086504
0.3049841552216614
0.25455957568332677
0.251196394853497
0.35321251236902385
0.3815903775091274
0.4325164988371503
0.4552065244196722
0.47789655000219405
0.5005865755847159
0.5232766011672378
0.5274082847185009
0.4421998571198131
0.4463315406710761
0.45046322422233914
0.4545949077736022
0.45872659132486515
0.4604640495151334
0.4622015077054017
0.46393896589566996
0.4656764240859383
0.4400364511144161
0.43393863469033517
0.43567609288060344
0.4591613650546674
0.4743637150372796
0.47610117322754786
0.47783863141781613
0.4778132379595455
0.4762453493088033
0.47224501919168554
0.46600771165459753
0.4632961074145871
0.4636694935595198
0.4657678318757298
0.4644162658493853
0.4648853469489227
0.46009483964970144
0.45872659132486515
0.45872659132486515
0.45872659132486515
0.45872659132486515
0.45872659132486515
0.45872659132486515
0.4606286508173694
0.4641950123658148
0.46921282416221566
0.45553460666599377
0.44161016426315264
0.44324775278345674
0.4552241291111688
0.4855931816564872
0.490883413877026
0.49177487500712574
0.454634021044554
0.4166610160540117
0.3786880110634694
0.3407150060729272
0.3253596238293418
0.31000424158575635
0.3839889704921216
0.2341068479894052
0.27030673920416776
0.2750644922973194
0.2610953744540113
0.2868830129230913
0.2737363737589712
0.30617199365888675
0.3130581921472998
0.2999115529831796
0.31655850965007204
0.3053237592380697
0.29518962892459333
0.3141975476207789
0.30060183517948336
0.2737600498029078
0.21026280657928267
0.1611133568404626
0.15875239481116943
0.15639143278187626
0.15403047075258314
0.15166950872328996
0.15166950872328996
0.15166950872328996
0.15166950872328996
0.15166950872328996
0.1384481213592483
0.1384481213592483
0.1384481213592483
0.1384481213592483
0.1487997667418709
0.17366082713538797
0.17366082713538797
0.17048280522519374
0.1384481213592483
0.1384481213592483
0.1384481213592483
0.1384481213592483
0.1384481213592483
0.1384481213592483
0.1397512150019495
0.14105430864465068
0.14519055672250372
0.14932680480035668
0.20541312868240497
0.2069431894748555
0.23388746434724172
0.28997378822929
0.12610254163036014
0.15695609743084998
0.22049314528494152
0.22947393004943542
0.2332423402431246
0.2571346199963771
0.27599186640664247
0.27976027660033154
0.27318372362171967
0.2572967657823749
0.2572967657823749
0.2572967657823749
0.2572967657823749
0.2572967657823749
0.25428653919502614
0.2512763126076774
0.250872273305731
0.2504682340037847
0.2500641947018383
0.24966015539989186
0.2440437415271408
0.23842732765438956
0.23281091378163848
0.22719449990888724
0.22418427332153845
0.22117404673418975
0.1694384250721459
0.21515359355949215
0.10751371736614651
0.24434584616093427
0.24434584616093427
0.08709068425787386
0.20913314038479464
0.20913314038479464
0.07301275075589073
0.20667058463914928
0.2056552859181772
0.07083798993197452
0.20560150747913855
0.2047836187369622
0.06736013546535706
0.2009014340517281
0.1960933896995399
0.05866990642793482
0.19355278681139013
0.19000934794752009
0.0538889583186162
0.05229530894884333
0.1400417707290212
0.1384481213592483
0.1429043221712107
0.22821709022498562
0.22821709022498562
0.17366082713538797
0.1957191345722318
0.193004384448846
0.1384481213592483
0.20781176204088642
0.23742651722496727
0.1384481213592483
0.23742651722496724
0.23742651722496727
0.1384481213592483
0.24927596535610458
0.27297486161837936
0.1384481213592483
0.2729748616183793
0.27297486161837936
0.1384481213592483
0.27297486161837936
0.27297486161837936
0.1384481213592483
0.27297486161837936
0.2872008717341881
0.1384481213592483
0.1384481213592483
0.1384481213592483
0.1384481213592483
0.1487997667418709
0.17366082713538797
0.17366082713538797
0.17048280522519374
0.1384481213592483
0.1384481213592483
0.1384481213592483
0.1384481213592483
0.1384481213592483
0.1384481213592483
0.1397512150019495
0.14105430864465068
0.14519055672250372
0.14932680480035668
0.20541312868240497
0.2069431894748555
0.23388746434724172
0.28997378822929
0.12610254163036014
0.15695609743084998
0.22049314528494152
0.22947393004943542
0.2332423402431246
0.2571346199963771
0.27599186640664247
0.27976027660033154
0.27318372362171967
0.2572967657823749
0.2572967657823749
0.2572967657823749
0.2572967657823749
0.2572967657823749
0.25428653919502614
0.2512763126076774
0.250872273305731
0.2504682340037847
0.2500641947018383
0.24966015539989186
0.2440437415271408
0.23842732765438956
0.23281091378163848
0.22719449990888724
0.22418427332153845
0.22117404673418975
0.1694384250721459
0.21515359355949215
0.10751371736614651
0.24434584616093427
0.24434584616093427
0.08709068425787386
0.20913314038479464
0.20913314038479464
0.07301275075589073
0.20667058463914928
0.2056552859181772
0.07083798993197452
0.20560150747913855
0.2047836187369622
0.06736013546535706
0.2009014340517281
0.1960933896995399
0.05866990642793482
0.19355278681139013
0.19000934794752009
0.0538889583186162
0.05229530894884333
0.1400417707290212
0.1384481213592483
0.1429043221712107
0.22821709022498562
0.22821709022498562
0.17366082713538797
0.1957191345722318
0.193004384448846
0.1384481213592483
0.20781176204088642
0.23742651722496727
0.1384481213592483
0.23742651722496724
0.23742651722496727
0.1384481213592483
0.24927596535610458
0.27297486161837936
0.1384481213592483
0.2729748616183793
0.27297486161837936
0.1384481213592483
0.27297486161837936
0.27297486161837936
0.1384481213592483
0.27297486161837936
0.2872008717341881
0.20622577181288765
0.28619624898242096
0.2316399858928233
0.2080577996488848
0.28986030465441537
0.2371360694008148
0.21355388315687632
0.29535638816240684
0.24263215290880638
0.21904996666486792
0.3008524716703983
0.2504278921320638
0.2291453616033911
0.33598323759457105
0.3884252181451635
0.4104708584911569
0.4325164988371503
0.4552065244196722
0.47789655000219405
0.5005865755847159
0.5232766011672378
0.5274082847185009
0.4421998571198131
0.4463315406710761
0.45046322422233914
0.4545949077736022
0.45872659132486515
0.447197555665602
0.4269888019292621
0.4287262601195303
0.43486449562827073
0.4674138822762065
0.46915134046647483
0.4708887986567431
0.4726262568470113
0.4743637150372796
0.47610117322754786
0.47783863141781613
0.4778132379595455
0.4762453493088033
0.47224501919168554
0.46600771165459753
0.4632961074145871
0.4636694935595198
0.46404287970445246
0.4644162658493853
0.46302680034577914
0.46009483964970144
0.45872659132486515
0.45872659132486515
0.46044545581092555
0.46131779012612517
0.46193473531679485
0.4613829070814637
0.4631125887096693
0.4361447305908889
0.4345704355938334
0.43806258042872054
0.4601739673342277
0.48004436021922237
0.4820268201080417
0.4874456262481727
0.48915954320493255
0.4932188140836084
0.454634021044554
0.4166610160540117
0.3786880110634694
0.3407150060729272
0.3253596238293418
0.31000424158575635
0.29464885934217083
0.26076367371258297
0.28718465730170034
0.2183826568858326
0.33301456090715525
0.2767488826096149
0.27659834036454306
0.3604928337740648
0.30292406183382337
0.27449733890324396
0.35210685404348413
0.29518962892459333
0.2697754148446576
0.349745892014191
0.27405605613181816
0.22511886095134534
0.22039693689275905
0.1611133568404626
0.15875239481116943
0.15639143278187626
0.15403047075258314
0.15166950872328996
0.15166950872328996
0.15166950872328996
0.15166950872328996
0.1601776088807527
0.18688221449942966
0.18688221449942966
0.1855482656754046
0.15350153655928714
0.1553335643952843
0.1571655922312815
0.15899762006727863
0.16082964790327586
0.16266167573927307
0.21904996666486792
0.22088199450086504
0.25042789213206373
0.3091158387729244
0.251196394853497
0.35638784402080464
0.4104708584911569
0.4325164988371503
0.4552065244196722
0.47789655000219405
0.5005865755847159
0.5232766011672378
0.5274082847185009
0.4421998571198131
0.4463315406710761
0.45046322422233914
0.4545949077736022
0.45872659132486515
0.4604640495151334
0.4622015077054017
0.44794618606671055
0.4304637183097986
0.4322011765000669
0.4427468345427196
0.4708887986567431
0.4726262568470113
0.4743637150372796
0.47610117322754786
0.47783863141781613
0.4778132379595455
0.4762453493088033
0.47224501919168554
0.46600771165459753
0.4632961074145871
0.4636694935595198
0.46404287970445246
0.4644162658493853
0.46302680034577914
0.46009483964970144
0.45872659132486515
0.45872659132486515
0.45872659132486515
0.45872659132486515
0.45872659132486515
0.45872659132486515
0.4606286508173694
0.4641950123658148
0.44815166080417124
0.4361150296865659
0.44163533194170546
0.45402450773203024
0.48378104898463253
0.4855931816564872
0.48915954320493255
0.49177487500712574
0.454634021044554
0.4166610160540117
0.3786880110634694
0.3407150060729272
0.3253596238293418
0.31000424158575635
0.29464885934217083
0.30137021811897075
0.3669640358049242
0.20019723585596672
0.33301456090715525
0.33130514569921266
0.19510526275401624
0.3604928337740648
0.3574803249234211
0.21994107581364628
0.3521068540434842
0.349745892014191
0.21521915175505996
0.34974589201419104
0.34502396795560464
0.1772057547122711
0.1658406738031614
0.1611133568404626
0.15875239481116943
0.15639143278187626
0.15403047075258314
0.15166950872328996
0.15166950872328996
0.15166950872328996
0.15166950872328996
0.15166950872328996
0.15166950872328996
0.15166950872328996
0.1640636590957538
0.24327050542502443
0.24510253326102163
0.18715358323275524
0.21355388315687632
0.21538591099287352
0.16266167573927307
0.21904996666486792
0.22088199450086504
0.25042789213206373
0.3091158387729244
0.251196394853497
0.35321251236902385
0.3939669633303847
0.4325164988371503
0.4552065244196722
0.47789655000219405
0.5005865755847159
0.5232766011672378
0.5274082847185009
0.4421998571198131
0.4463315406710761
0.45046322422233914
0.4545949077736022
0.45872659132486515
0.4604640495151334
0.4622015077054017
0.46393896589566996
0.45031112263348044
0.4322011765000669
0.43393863469033517
0.444795592636999
0.4726262568470113
0.4743637150372796
0.47610117322754786
0.47783863141781613
0.4778132379595455
0.47819182103761904
0.4763465348377046
0.47073576223963104
0.4700032229507041
0.47105784023670877
0.4683250525472693
0.4717449239173411
0.4687689373132649
0.4719614091394384
0.4815689696683258
0.48478998558185976
0.4881778993477036
0.4901156894932736
0.49059389301177087
0.4933973547526284
0.49583943430880223
0.5023847156143396
0.5107124627081524
0.48663715647060707
0.49250834601805943
0.5012763976702707
0.5230332791919056
0.5362349315460524
0.5305892739915642
0.5251300823762463
0.4784568527760447
0.43468670832017386
0.39231002526470293
0.3503497005118601
0.3317637436766434
0.31350091507303884
0.29464885934217083
0.2341068479894052
0.23475839481075578
0.20972559550074182
0.19848782064802417
0.19677840544008157
0.19376589658943788
0.21503965559345023
0.22295358466429005
0.21994107581364628
0.21758011378435307
0.21521915175505996
0.21521915175505996
0.21521915175505996
0.2104972276964736
0.18728831864699103
0.1658406738031614
0.1611133568404626
0.15875239481116943
0.15639143278187626
0.15403047075258314
0.15166950872328996
0.15166950872328996
0.15166950872328996
0.15166950872328996
0.15166950872328996
0.1595511568363039
0.1627162270569635
0.1581678620581703
0.16491660745316047
0.2015929885050975
0.19887665134230145
0.20209197395643222
0.17551722309375084
0.16916002907415337
0.17237535168828416
0.1773724497449409
0.26706037578042047
0.27257535410981704
0.20768685009757284
0.35971086570390415
0.39331343109672356
0.44356321717082386
0.4617048777545525
0.48577819811520795
0.5116332939183894
0.5297749545021181
0.5352899328315148
0.4532465754534866
0.4528298940059564
0.4583448723353531
0.46564162610727566
0.46522494465974545
0.4683456976281474
0.4732482260390752
0.47043731923055027
0.47355807219895224
0.44350483794474926
0.44043698802521547
0.44355774099361733
0.4776026075323968
0.4785196199238003
0.4827473272966453
0.4862433099193232
0.49492291467630795
0.49711564281005094
0.5018238973987441
0.502813192796895
0.5077792022380413
0.5214780930757201
0.5352808808358968
0.5491666831614883
0.5582253732249687
0.5640325400937641
0.5666914926476373
0.5704568451753834
0.5756041922555305
0.5812735495895828
0.5844950645610884
0.5877597598944594
0.591344192711133
0.5960135388159251
0.6001944805931378
0.5833651604315996
0.5732533408113529
0.5775104734499186
0.5948739500641776
0.6244719468423672
0.6287080075150202
0.6326996006844506
0.58782251351278
0.5407364498418409
0.4945244290797791
0.4479231373106729
0.42516163955307745
0.4013789822002351
0.37610562252331575
0.27096013341013003
0.41519355385761963
0.2186753144866005
0.28969528957689195
0.33279143171082426
0.1976263833882564
0.2737291705708377
0.30441034784543497
0.2783578257020625
0.33606571425801973
0.2966759149362049
0.2190796385538785
0.27914848913912893
0.2919539908776186
0.19545470077212845
0.2297700111872303
0.24257012002160752
0.16261288160998794
0.2203207701659452
0.23548723393372806
0.15552999552210853
0.21559884610735888
0.23312627190443488
0.15552999552210853
0.21559884610735888
0.186492295089152
0.1952654780857771
0.18378114818876495
0.18832432292514914
0.2188480955185549
0.22448993747289614
0.22903311220928027
0.22689248270047585
0.194773315204748
0.1993164899411322
0.20992170077375447
0.2025690544280054
0.20941188487965545
0.24023610112638644
0.38532415183449886
0.4165662615498089
0.4761124681996375
0.4873181638851472
0.512719336368056
0.544182544947203
0.5553882406327127
0.4728909599344121
0.4857958264823002
0.4784431801365511
0.4852860105882012
0.4981908771360893
0.49083823079034017
0.4952868358809955
0.5057974770678888
0.4960506053611449
0.5004992104518003
0.483293223531027
0.4660502741558102
0.47049887924646544
0.5030884991687989
0.5257972820303732
0.5399404708605465
0.5540600960783724
0.5625552519729117
0.567682752438619
0.5664233106448354
0.5625315677932214
0.5632244083380976
0.5688350333407296
0.5695652780849813
0.5708988888180384
0.569843991141332
0.5660972111567687
0.56727915848881
0.5701061514145259
0.572361463663205
0.5744917440749179
0.5756541021073659
0.5765299975450813
0.5809785735795233
0.5859451920113808
0.5900447859433208
0.5784917213327778
0.5630634540831208
0.5675629616274348
0.5763455712356792
0.6063356649310623
0.608114955774206
0.6080830920296746
0.5620546633909687
0.5142193599215769
0.4644068516809925
0.41399698160393356
0.38512819093989853
0.3562700208707713
0.32615768089430525
0.2341068479894052
0.26626721636289014
0.21711456310893543
0.19848782064802417
0.22828722699221596
0.19376589658943788
0.20743338302922684
0.2544624062164244
0.21994107581364628
0.21758011378435307
0.2467279733071944
0.21521915175505996
0.21521915175505996
0.24200604924860808
0.19354407899792064
0.1658406738031614
0.192622178392597
0.15875239481116943
0.15639143278187626
0.18553929230471752
0.15166950872328996
0.15166950872328996
0.18317833027542438
0.15166950872328996
0.15166950872328996
0.1419482266367075
0.14352379935270335
0.1407389657975561
0.1419482266367075
0.15490908284218557
0.17595167157369576
0.17716093241284717
0.17452467270993272
0.1407389657975561
0.1419482266367075
0.14352379935270335
0.1407389657975561
0.1419482266367075
0.14352379935270335
0.14204205944025733
0.14455441392210988
0.15026623471595876
0.1516176492386645
0.15435697087026645
0.15746260437871287
0.24631243909902592
0.15971164958067713
0.07662195653421751
0.16938107218263415
0.17957111778627943
0.2345496080428905
0.2355331846814324
0.2616685379997772
0.28106754440009746
0.28205112103863933
0.27565001537944683
0.26237244377582997
0.2595876102206827
0.2607968710598341
0.26237244377582997
0.2627666491365924
0.26070217006824026
0.2574820481524493
0.25711139368947505
0.2565603895320862
0.25594733982121903
0.2559618839770574
0.2504708908626796
0.24392963403937165
0.24461374440802766
0.24561142160236682
0.24936051653395805
0.25071697624524114
0.10408933844232839
0.24395894199811408
0.1774602278333837
0.21085082343564449
0.2809507920542473
0.15814270286359747
0.18015470185588212
0.25390743007591177
0.14643719043697204
0.17519614558553132
0.24564933399264116
0.14262794055615338
0.17133902847717433
0.23999913938363238
0.13786033599337488
0.15855672144905286
0.22325472609245114
0.12722987084422283
0.1498724690387279
0.20817950647465547
0.10017240573547574
0.05229530894884333
0.05070165957907045
0.1384481213592483
0.14394198881734155
0.17366082713538797
0.17366082713538797
0.17366082713538797
0.14012849886417109
0.1384481213592483
0.1384481213592483
0.1384481213592483
0.1384481213592483
0.1384481213592483
0.1384481213592483
0.1384481213592483
0.1384481213592483
0.1384481213592483
0.1384481213592483
0.1384481213592483
0.1384481213592483
0.1384481213592483
0.1384481213592483
0.1384481213592483
0.1384481213592483
0.1384481213592483
0.1384481213592483
0.15371638029627416
0.1419482266367075
0.14352379935270335
0.1407389657975561
0.1419482266367075
0.15490908284218557
0.17595167157369576
0.17716093241284717
0.17452467270993272
0.1407389657975561
0.1419482266367075
0.14352379935270335
0.1407389657975561
0.1419482266367075
0.14352379935270335
0.14204205944025733
0.14455441392210988
0.15026623471595876
0.1516176492386645
0.15435697087026645
0.15746260437871287
0.24631243909902592
0.15971164958067713
0.07662195653421751
0.16938107218263415
0.17957111778627943
0.2345496080428905
0.2355331846814324
0.2616685379997772
0.28106754440009746
0.28205112103863933
0.27565001537944683
0.26237244377582997
0.2595876102206827
0.2607968710598341
0.26237244377582997
0.2627666491365924
0.26070217006824026
0.2574820481524493
0.25711139368947505
0.2565603895320862
0.25594733982121903
0.2559618839770574
0.2504708908626796
0.24392963403937165
0.24461374440802766
0.24561142160236682
0.24936051653395805
0.25071697624524114
0.10408933844232839
0.24395894199811408
0.1774602278333837
0.21085082343564449
0.2809507920542473
0.15814270286359747
0.18015470185588212
0.25390743007591177
0.14643719043697204
0.17519614558553132
0.24564933399264116
0.14262794055615338
0.17133902847717433
0.23999913938363238
0.13786033599337488
0.15855672144905286
0.22325472609245114
0.12722987084422283
0.1498724690387279
0.20817950647465547
0.10017240573547574
0.05229530894884333
0.05070165957907045
0.1384481213592483
0.14394198881734155
0.17366082713538797
0.17366082713538797
0.17366082713538797
0.14012849886417109
0.1384481213592483
0.1384481213592483
0.1384481213592483
0.1384481213592483
0.1384481213592483
0.1384481213592483
0.1384481213592483
0.1384481213592483
0.1384481213592483
0.1384481213592483
0.1384481213592483
0.1384481213592483
0.1384481213592483
0.1384481213592483
0.1384481213592483
0.1384481213592483
0.1384481213592483
0.1384481213592483
0.15371638029627416
0.1688139155198419
0.18166364992920164
0.16103610377277208
0.17064594335583905
0.185327705601196
0.16653218728076355
0.17614202686383057
0.1908237891091875
0.1720282707887551
0.18163811037182215
0.19631987261717904
0.1798240100120125
0.19173350531034536
0.2316964185041082
0.3977918131946456
0.4276152652877088
0.46251064004306197
0.4645731194691543
0.49504095679874593
0.5305807167906276
0.5326431962167198
0.455212580365102
0.4721939983257248
0.4556981357205582
0.4676076310188911
0.48458904897951377
0.46809318637434727
0.46358045272901643
0.4569829431351737
0.4380928551690124
0.45275940416652005
0.4974080234821182
0.4785179355159569
0.488033205453295
0.5026203980529229
0.5158505193932682
0.5368451650845462
0.5546269858919198
0.5686677027314309
0.5791022463513299
0.581410966130966
0.580465580952527
0.583186625770519
0.5898195592664183
0.59840960675835
0.6068827203873297
0.6117524973787853
0.6144444180259538
0.6106731380295466
0.6084187104313741
0.6096089010496857
0.6109128259683759
0.6140330097021647
0.6174983241594183
0.6202394820984273
0.5930796220794384
0.592727474468006
0.5954889728811467
0.6197256307129125
0.6407608946069799
0.645973844410108
0.6509464233661502
0.6547937793375842
0.6572845071254761
0.6119481002506462
0.5658123226924713
0.5183140425846607
0.470038445175645
0.4413994010234195
0.4141127051079873
0.38311705058768825
0.33089640093233547
0.3943867382279569
0.24749759086603754
0.3681768838226616
0.384224992551318
0.26964176371280035
0.2966767608238522
0.3114217759098074
0.2672414308237171
0.2882907810932715
0.30368734300057737
0.2625195067651308
0.2859298190639784
0.2822213206676514
0.21786295287181853
0.2365513411120798
0.24958154808598
0.20605274982124028
0.2271021000907947
0.24249866199810052
0.1989698637333608
0.2223801760322084
0.24013769996880738
0.1989698637333608
0.232311009535998
0.18688221449942966
0.18688221449942966
0.18412507985810392
0.15350153655928714
0.1553335643952843
0.1571655922312815
0.15899762006727863
0.16082964790327586
0.16266167573927307
0.16449370357527024
0.16632573141126736
0.2250136780521281
0.22914536160339108
0.22033902802617406
0.35664153080716837
0.4104708584911569
0.4325164988371503
0.4552065244196722
0.47789655000219405
0.5005865755847159
0.5232766011672378
0.43806817356855005
0.4421998571198131
0.4463315406710761
0.45046322422233914
0.4545949077736022
0.45872659132486515
0.4604640495151334
0.4622015077054017
0.4474597429210561
0.4304637183097986
0.4322011765000669
0.44322137509179166
0.4708887986567431
0.4726262568470113
0.4743637150372796
0.4776500391712191
0.4791475834241816
0.48134565883382924
0.48000881399609585
0.4771731720526687
0.47009651911271205
0.46864586417744125
0.46917326202164755
0.47710894527258596
0.48365696976997596
0.4924800765625853
0.49298443822538035
0.4995958024902967
0.5090871413698405
0.5185984424659154
0.5287781700713445
0.5388782494753892
0.5488538715028158
0.5584884214179046
0.5688704657157445
0.5582514717087697
0.5529477513755184
0.5639450872955303
0.5854443407102922
0.6190885854451798
0.6265164204768124
0.6301826550887872
0.6331204343035091
0.5867973713774558
0.5384747076928694
0.48813851050296425
0.43611054505648533
0.4110854113387626
0.3867203976950741
0.3639585090891316
0.2341068479894052
0.40053945654317485
0.2991756317216857
0.26362479952219475
0.3650664510527613
0.2942835128959198
0.29110307238910443
0.29226323441125074
0.2643632085897676
0.32713922543464496
0.2845288015020207
0.21521915175505996
0.2803561306292306
0.27980687744343435
0.17699769231258267
0.230977652677332
0.23042300658742332
0.15875239481116943
0.2215284116560469
0.22334012049954385
0.15166950872328996
0.2168064875974606
0.2209791584702507
0.15166950872328996
0.2168064875974606
0.19370730356448182
0.20412762721542357
0.19831642357628504
0.23075203717661863
0.24300438866355753
0.2195454576551806
0.2010354149084705
0.21328776639540942
0.19598212480216096
0.20653149841646207
0.21878384990340094
0.20377786402541836
0.21662689335498528
0.24909825025603288
0.3865329614319118
0.43610829533971507
0.48497461732928393
0.48852697348256013
0.5199343448433859
0.5530446940768495
0.5565970502301258
0.4801059684097419
0.4946579756119467
0.47965198973396406
0.492501019063531
0.5070530262657358
0.4920470403877531
0.5025018443563253
0.5146596261975352
0.4972594149585579
0.49200815371340156
0.48465929499220045
0.4672590837532231
0.4871661315019489
0.5250843753391449
0.5387571681474624
0.5508313592599628
0.5614294303778915
0.5718628794799104
0.5783302325740802
0.5808724648855219
0.5808529749748637
0.5844319005563816
0.5923102603413595
0.5899268356890295
0.5852449487973244
0.5798362326615107
0.5691782465452736
0.5612515709586664
0.5554207260215749
0.5499445693461185
0.544877567459438
0.5435083970198802
0.5444742218160148
0.5452357494275532
0.547282171391781
0.5453637255865809
0.5117301420854249
0.5063094100616203
0.5046499847288161
0.5358046922880825
0.5587146026649454
0.5687977505179899
0.5788086576163242
0.5356302445605869
0.49071415453738976
0.4441067975062127
0.39685238716084675
0.364259527779081
0.3334920737465103
0.30154976605230754
0.2341068479894052
0.24165930152089243
0.20961456085234964
0.19848782064802417
0.20367931215021823
0.19376589658943788
0.21515393861421625
0.2298544913744267
0.21994107581364628
0.21758011378435307
0.2221200584651966
0.21521915175505996
0.21521915175505996
0.21739813440661035
0.18722322032592295
0.1658406738031614
0.16801426355059926
0.15875239481116943
0.15639143278187626
0.1609313774627198
0.15166950872328996
0.15166950872328996
0.15857041543342668
0.15166950872328996
0.15166950872328996
0.15457454183590405
0.15471901777491023
0.15458422692737495
0.16017936478598863
0.19359577922304425
0.1952930162115061
0.19711535895603235
0.16728063374743424
0.165576393943358
0.16739873668788433
0.16937524046288766
0.2634767406496251
0.2675987391094172
0.1996896408155196
0.35612723057310874
0.3884129914478141
0.4355660078887706
0.45812124262375714
0.48080158311480814
0.5036360846363361
0.5261913193713228
0.44097320668116413
0.4452493661714334
0.44924625887516106
0.45336825733495323
0.45764441682522244
0.4616413095289501
0.4633690826277475
0.465251016757022
0.4668536840997549
0.4685814571985524
0.43541735189562686
0.4368533528944201
0.4385811259932175
0.46969337935490774
0.4797804913703987
0.48157309090782996
0.48377397385530885
0.4839037392248966
0.4825141604484043
0.4784713835595214
0.47250179077978366
0.4655094222453198
0.46944537254850466
0.4797831493347383
0.48645168319562043
0.4897041976729406
0.4927394150578352
0.49586700001475126
0.502724101325952
0.5081543580854291
0.5164780639961222
0.5214416748424489
0.5251294401657498
0.5303129073148357
0.5365639189257672
0.5429720556654687
0.5280828376305478
0.5193518959420387
0.5246346642217986
0.5404650706257729
0.568168093012862
0.5702545027275052
0.5711124816310911
0.5243517989862386
0.4757583258861495
0.42486093281242127
0.3776955829397042
0.3560647948155889
0.3341951176684646
0.3114955682520387
0.2341068479894052
0.2516051037206236
0.21478598872201796
0.19848782064802417
0.21362511434994944
0.19376589658943788
0.2098296791380766
0.2398002935741579
0.21994107581364628
0.21758011378435307
0.23206586066492788
0.21521915175505996
0.21521915175505996
0.22734393660634156
0.19157112832334774
0.1658406738031614
0.17796006575033047
0.15875239481116943
0.15639143278187626
0.170877179662451
0.15166950872328996
0.15166950872328996
0.16851621763315788
0.15166950872328996
0.15166950872328996
0.15443024549130202
0.1570732529248101
0.15332065585443477
0.1562622733272992
0.18075347023830032
0.19402944513856593
0.19697106261143033
0.1886026564678429
0.16431282287041782
0.16725444034328227
0.17172947561278748
0.26221316957668495
0.2674544427648152
0.20204387596541945
0.3548636595001687
0.38459941182830365
0.43792024303867044
0.4568576715508169
0.4806572867702061
0.505990319786236
0.5249277482983826
0.44082891033656213
0.4476036013213332
0.4479826878022209
0.4532239609903512
0.4599986519751223
0.46037773845600993
0.4632247862831455
0.4676052519069218
0.46559011302681474
0.4684371608539503
0.44489466576653847
0.4355897818214799
0.4384368296486155
0.4650877601286723
0.4796998515524117
0.4806589838218624
0.48129460083844583
0.47952845750038336
0.4814092722999499
0.47454772317050514
0.46966706764956634
0.46711688132689244
0.4743219319621236
0.4859394417983967
0.4949971158478443
0.5039530397179427
0.5101009749723269
0.5147444264849738
0.5210810091012744
0.5256207042366786
0.529973173902424
0.5307328649057638
0.5305382941376354
0.5314529041424878
0.5334769471366642
0.5310440082693026
0.5125266822674069
0.4928422580901286
0.4923745197364694
0.5045722122350428
0.5392921974155396
0.5466460023451586
0.5540397976203577
0.5147438067637005
0.47325171186357656
0.42704367215477035
0.3799729350436198
0.3567957966118783
0.33514517479793016
0.31374968567384737
0.2341068479894052
0.25385922114243237
0.21706041686988184
0.19848782064802417
0.21587923177175816
0.19376589658943788
0.2074908586546618
0.24205441099596656
0.21994107581364628
0.21758011378435307
0.23431997808673652
0.21521915175505996
0.21521915175505996
0.2295980540281502
0.1935025318903844
0.1658406738031614
0.18021418317213914
0.15875239481116943
0.15639143278187626
0.17313129708425967
0.15166950872328996
0.15166950872328996
0.17077033505496655
0.15166950872328996
0.15166950872328996
0.1384481213592483
0.1384481213592483
0.1384481213592483
0.1384481213592483
0.15001171383058182
0.17366082713538797
0.17366082713538797
0.16927065783092737
0.1384481213592483
0.1384481213592483
0.1384481213592483
0.1384481213592483
0.1384481213592483
0.1384481213592483
0.1397512150019495
0.14105430864465068
0.14519055672250372
0.14932680480035668
0.15085686559280728
0.15238692638525783
0.2884437274368394
0.20063367707933927
0.07154627854076245
0.16709022774432636
0.17607101250882026
0.22947393004943542
0.2332423402431246
0.25834691612970123
0.27599186640664247
0.27976027660033154
0.2719714283944736
0.2572967657823749
0.2572967657823749
0.2572967657823749
0.2572967657823749
0.2572967657823749
0.25428653919502614
0.2512763126076774
0.250872273305731
0.2504682340037847
0.2500641947018383
0.24966015539989186
0.2440437415271408
0.23842732765438956
0.23281091378163848
0.22719449990888724
0.22418427332153845
0.22117404673418975
0.18642436474681956
0.21515359355949215
0.10872592907589244
0.24434584616093427
0.24434584616093427
0.08587828480623308
0.20913314038479455
0.20913314038479464
0.07301275075589073
0.20594584164524887
0.2056552859181772
0.07083798993197452
0.20539571517660563
0.2047836187369622
0.06736013546535706
0.19899013271201396
0.1960933896995399
0.05866990642793482
0.19189544414879156
0.19000934794752009
0.0538889583186162
0.05229530894884333
0.05070165957907045
0.1566335423891142
0.1986733667240758
0.17366082713538797
0.22821709022498562
0.22821709022498562
0.1399488469303433
0.193004384448846
0.193004384448846
0.1384481213592483
0.193004384448846
0.193004384448846
0.1384481213592483
0.193004384448846
0.193004384448846
0.1384481213592483
0.193004384448846
0.193004384448846
0.1384481213592483
0.193004384448846
0.193004384448846
0.1384481213592483
0.23742651722496724
0.23742651722496727
0.1384481213592483
0.2528674871362159
0.1384481213592483
0.1384481213592483
0.1384481213592483
0.1384481213592483
0.15001171383058182
0.17366082713538797
0.17366082713538797
0.16927065783092737
0.1384481213592483
0.1384481213592483
0.1384481213592483
0.1384481213592483
0.1384481213592483
0.1384481213592483
0.1397512150019495
0.14105430864465068
0.14519055672250372
0.14932680480035668
0.15085686559280728
0.15238692638525783
0.2884437274368394
0.20063367707933927
0.07154627854076245
0.16709022774432636
0.17607101250882026
0.22947393004943542
0.2332423402431246
0.25834691612970123
0.27599186640664247
0.27976027660033154
0.2719714283944736
0.2572967657823749
0.2572967657823749
0.2572967657823749
0.2572967657823749
0.2572967657823749
0.25428653919502614
0.2512763126076774
0.250872273305731
0.2504682340037847
0.2500641947018383
0.24966015539989186
0.2440437415271408
0.23842732765438956
0.23281091378163848
0.22719449990888724
0.22418427332153845
0.22117404673418975
0.18642436474681956
0.21515359355949215
0.10872592907589244
0.24434584616093427
0.24434584616093427
0.08587828480623308
0.20913314038479455
0.20913314038479464
0.07301275075589073
0.20594584164524887
0.2056552859181772
0.07083798993197452
0.20539571517660563
0.2047836187369622
0.06736013546535706
0.19899013271201396
0.1960933896995399
0.05866990642793482
0.19189544414879156
0.19000934794752009
0.0538889583186162
0.05229530894884333
0.05070165957907045
0.1566335423891142
0.1986733667240758
0.17366082713538797
0.22821709022498562
0.22821709022498562
0.1399488469303433
0.193004384448846
0.193004384448846
0.1384481213592483
0.193004384448846
0.193004384448846
0.1384481213592483
0.193004384448846
0.193004384448846
0.1384481213592483
0.193004384448846
0.193004384448846
0.1384481213592483
0.193004384448846
0.193004384448846
0.1384481213592483
0.23742651722496724
0.23742651722496727
0.1384481213592483
0.2528674871362159
0.20622577181288765
0.20622577181288765
0.15166950872328996
0.2080577996488848
0.209889827484882
0.1571655922312815
0.21355388315687632
0.21538591099287352
0.16266167573927307
0.21904996666486792
0.22088199450086504
0.25042789213206373
0.3091158387729244
0.2562613051532898
0.38842521814516345
0.4104708584911569
0.4325164988371503
0.4552065244196722
0.47789655000219405
0.5005865755847159
0.5232766011672378
0.43806817356855005
0.4421998571198131
0.4463315406710761
0.45046322422233914
0.4545949077736022
0.45872659132486515
0.44703508510624923
0.4269888019292621
0.4287262601195303
0.43502235515833826
0.4674138822762065
0.46915134046647483
0.4708887986567431
0.4726262568470113
0.4743637150372796
0.47610117322754786
0.47783863141781613
0.4778132379595455
0.4762453493088033
0.47224501919168554
0.46600771165459753
0.46531903868150537
0.4636694935595198
0.46607794717654244
0.4661612962662866
0.4650642977772455
0.4621749248389826
0.46067190135554037
0.46065210729640593
0.4606735366961964
0.46065079109628904
0.46062839778896936
0.46071310831423595
0.4626422107291749
0.43579579153053666
0.43456873720362543
0.441737933051587
0.4681972001883652
0.49282420411094197
0.4968858652391334
0.497908448519238
0.5011727485128694
0.5028037063271739
0.46409444481507456
0.42431663778583273
0.38519024634802834
0.34570073663139783
0.32817767495981476
0.31000424158575635
0.29464885934217083
0.2341068479894052
0.20714741173238135
0.20019723585596672
0.21626199284473022
0.25453781622155425
0.26655303927607327
0.2259660935149338
0.30292406183382337
0.2999115529831796
0.21758011378435307
0.3224677604693922
0.349745892014191
0.21521915175505996
0.3285055627031304
0.30508933812087874
0.1658406738031614
0.1611133568404626
0.15875239481116943
0.15639143278187626
0.15403047075258314
0.15166950872328996
0.15166950872328996
0.15166950872328996
0.15166950872328996
0.16060864722474968
0.18688221449942966
0.18688221449942966
0.1851169644337165
0.15350153655928714
0.1553335643952843
0.1571655922312815
0.15899762006727863
0.16082964790327586
0.16266167573927307
0.16449370357527024
0.16632573141126736
0.3049841552216614
0.3091158387729244
0.19664013176389936
0.35646981740376005
0.4104708584911569
0.4325164988371503
0.4552065244196722
0.47789655000219405
0.5005865755847159
0.43393649001728707
0.43806817356855005
0.4421998571198131
0.4463315406710761
0.45046322422233914
0.4545949077736022
0.45872659132486515
0.4604640495151334
0.4622015077054017
0.4477421871459491
0.4304637183097986
0.4322011765000669
0.4429458392121824
0.4708887986567431
0.4726262568470113
0.4743637150372796
0.47610117322754786
0.47783863141781613
0.47940778390141575
0.4819461894895381
0.4782472428538105
0.47186121802019626
0.4693272312961
0.4696962175955509
0.46753514657746037
0.47070211385779864
0.4773580223805574
0.4820530914926849
0.4860023633245643
0.48616382516383394
0.4879370120221377
0.4895725021690762
0.4903859385778565
0.49361271669421497
0.4954779678436588
0.5031047286596373
0.49115032338191916
0.4829882295451109
0.4894926489014341
0.5065352457695744
0.5399994983556209
0.5477054828059512
0.55389867823636
0.5583487090836402
0.5130745152872754
0.46587268466787723
0.4198442900971077
0.3736156069742028
0.3539365029554705
0.3342352081830709
0.31361379319876437
0.2341068479894052
0.30587629150492
0.25475349894556437
0.22225225661153952
0.21574333929667516
0.19519253897823272
0.24973052947844912
0.24191851852088356
0.21994107581364628
0.24134454974786848
0.23418408561165352
0.21521915175505996
0.23898358771857534
0.2294621615530672
0.17709011437052663
0.18960510976667672
0.18007829069705614
0.15875239481116943
0.1801558687453916
0.17299540460917667
0.15166950872328996
0.17543394468680532
0.17063444257988356
0.15166950872328996
0.17543394468680532
0.15166950872328996
0.1532609041772868
0.1645942151471518
0.18871424233542677
0.1921376656254208
0.18662681955559124
0.15899762006727863
0.16242104335727267
0.16266167573927307
0.16449370357527024
0.16791712686526422
0.3049841552216614
0.3091158387729244
0.1982315272178962
0.35321251236902385
0.3940520429881928
0.4341078942911471
0.4552065244196722
0.47789655000219405
0.5021779710387128
0.43393649001728707
0.43806817356855005
0.44379125257380997
0.4463315406710761
0.45046322422233914
0.45618630322759895
0.45872659132486515
0.4604640495151334
0.46379290315939853
0.46393896589566996
0.45006572229697756
0.4337925719540637
0.43393863469033517
0.4450350585321587
0.4742176523010081
0.4762748917695669
0.48333897245826524
0.47783863141781613
0.4778132379595455
0.4762453493088033
0.47224501919168554
0.46746309928027724
0.4682998916883677
0.4667349426399185
0.46962671535531647
0.46920447697919215
0.46986351179753727
0.4756724304451379
0.48000806074520713
0.4804135745508822
0.48154932441407267
0.4855242783714937
0.48983833820182354
0.49435738938769763
0.5009984464070297
0.5103282504313028
0.516433704452605
0.4932312913249283
0.4972338399071445
0.5044342908001149
0.5280503159508289
0.5430685498990585
0.543295101892471
0.5423468289155612
0.4991388122481903
0.4571633177821198
0.41454994272006357
0.3716899525608266
0.3501370967433188
0.3290601906282434
0.30702368523690354
0.2341068479894052
0.24713322070548843
0.20964322100182767
0.19848782064802417
0.2091532313348143
0.19376589658943788
0.21512247268647589
0.2353284105590227
0.21994107581364628
0.21758011378435307
0.22759397764979267
0.21521915175505996
0.21521915175505996
0.22287205359120635
0.1872145300994412
0.1658406738031614
0.17348818273519528
0.15875239481116943
0.15639143278187626
0.16640529664731582
0.15166950872328996
0.15166950872328996
0.16404433461802267
0.15166950872328996
0.15166950872328996
0.15512045172606742
0.15858681665215563
0.15294840117319847
0.1608122280598691
0.1974635781002896
0.19365719045732963
0.19766126884619573
0.17106147667350577
0.1639405681891815
0.16794464657804767
0.17324303934013302
0.26184091489544864
0.31256678177570185
0.24797957246888627
0.3544914048189323
0.38896479402159573
0.43943380676601596
0.45648541686958066
0.4813474930049715
0.5075038835135816
0.43521538246719554
0.44151911657132753
0.44911716504867877
0.44761043312098464
0.45391416722511657
0.4615122157024678
0.4600054837747737
0.46391499251791085
0.4691188156342674
0.4652178583455785
0.4691273670887157
0.43925111704682757
0.43521752714024364
0.4391270358833808
0.47359442042067806
0.4823195513249429
0.4857282869207384
0.4863283314516961
0.4861091829777
0.48369213143320533
0.47886605219474443
0.47264621792767525
0.4697521328617812
0.473806780444877
0.4850952128661042
0.49571369154844613
0.5030767127527656
0.512321689814821
0.5166447619458477
0.5230533697865161
0.5288353227173599
0.5351932211350274
0.5399469711830074
0.5444559523642516
0.5503118894892537
0.5574995090705593
0.5662183163414762
0.5541573523404063
0.5475158725222922
0.5547374784445586
0.5706262729280289
0.5986492839119295
0.602076192128756
0.6039177016557589
0.5600236666938336
0.5145996478578964
0.4680651805685551
0.42135378048619837
0.3973412092737656
0.37395497564244634
0.3491084482211743
0.14476673683945443
0.3659853131674176
0.3138238453319523
0.22974922961760186
0.2512379943190851
0.19376589658943788
0.24100640374376156
0.27741317354329353
0.21994107581364628
0.24884152275393084
0.2696787406340635
0.21521915175505996
0.2464805607246377
0.26495681657547715
0.19164204293550946
0.1971020827727391
0.2155729457194661
0.15875239481116943
0.187652841751454
0.20849005963158665
0.15166950872328996
0.1829309176928677
0.20612909760229348
0.15166950872328996
0.1829309176928677
0.16072977715139003
0.16947339750339582
0.15799788027808093
0.16256180498738723
0.19284018832997027
0.19870666956221208
0.2032705942715184
0.20131623193224854
0.16899004729406397
0.1735539720033703
0.18412962019137324
0.17678578651732135
0.1836493669418935
0.2690002836336029
0.35954088392381484
0.39081696710850955
0.4503203876172561
0.46153489597446307
0.48695681843029415
0.5183904643648218
0.440264861572078
0.44712844199665014
0.460003745899919
0.4526599122258671
0.45952349265043924
0.472398796553708
0.4650549628796561
0.4695243179432335
0.48000539648550755
0.4702673374504609
0.4747366925140384
0.45742502924158535
0.44026700624512616
0.4447363613087035
0.4773608472690688
0.5106966673022303
0.5252700595010749
0.5395917804865759
0.5506200486789316
0.5580410080375992
0.5592799315367442
0.5577980474782623
0.5610656065838687
0.5687650521450967
0.5811899619639715
0.5932727011908641
0.6021713639813279
0.6083565844271631
0.6112385882892484
0.6164254764461202
0.6214394912027997
0.6260704614537193
0.6297466509397506
0.6331789335472848
0.6376466738985019
0.6432956682436869
0.6507453452972431
0.6421465976008041
0.6301118447103478
0.6370762932596116
0.6455617641125945
0.6750387599424771
0.6751533709832345
0.6737712993431673
0.6279999205774047
0.5805900444100506
0.5320259162021038
0.4822859416925383
0.4578537155694034
0.434604540141204
0.41057425587544844
0.27970732824827327
0.4852105316031644
0.2801211159284509
0.4451693858349782
0.4472305422324903
0.25669113819464484
0.4184382242879011
0.43785737706328665
0.2828663174188533
0.4287133345778951
0.43012294415405655
0.278144393360267
0.3990742410038031
0.42540102009547026
0.2566108491489022
0.2779954987309845
0.27703875337374023
0.22167763641637642
0.2685462577096993
0.26995586728586074
0.21459475032849695
0.2638243336511131
0.2675949052565676
0.21459475032849695
0.2638243336511131
0.15672772470397645
0.16001873636425815
0.15313430194058633
0.15672772470397645
0.1707836634505971
0.18834700771672602
0.1919404304801161
0.19164006741557763
0.15313430194058633
0.15672772470397645
0.16001873636425815
0.15313430194058633
0.15672772470397645
0.16001873636425815
0.15443739558328756
0.15933391198937882
0.16676117172751354
0.1640129853816947
0.16913646893753542
0.17395754139026764
0.0792630566090957
0.08438654016493638
0.0931168935457723
0.09167180084265467
0.10424600837053866
0.25104454505444523
0.24792852082446262
0.2758295492900666
0.2975624814116523
0.29444645718166956
0.2910479985177888
0.27886738078738477
0.27198294636371295
0.2755763691271031
0.27886738078738477
0.28577471388988923
0.2946517235620125
0.3071228357525289
0.322169935094849
0.33658680184016665
0.34599948114962104
0.35548075540453733
0.3570586070569499
0.3576657677373163
0.3592943938972676
0.3603421533025232
0.362164966668295
0.36338901523081124
0.2677214581346233
0.37570100742844487
0.10792899844101267
0.42657489867366083
0.37387493292891133
0.08667380813596819
0.38778179545158986
0.34678714670790073
0.07301275075589073
0.3840418291307273
0.33867501210243606
0.07083798993197452
0.3748462700869804
0.33409859090087884
0.06736013546535706
0.3650822459684341
0.3235438346886041
0.05866990642793482
0.3435960218509003
0.3001142606510577
0.0538889583186162
0.05229530894884333
0.05070165957907045
0.04910801020929756
0.1433218241624569
0.17366082713538797
0.17366082713538797
0.17366082713538797
0.14074866743238051
0.1384481213592483
0.1384481213592483
0.1384481213592483
0.1384481213592483
0.1384481213592483
0.1384481213592483
0.1384481213592483
0.1384481213592483
0.1384481213592483
0.1384481213592483
0.1384481213592483
0.1384481213592483
0.1384481213592483
0.1384481213592483
0.1384481213592483
0.1384481213592483
0.1384481213592483
0.1384481213592483
0.15309606041392332
0.15672772470397645
0.16001873636425815
0.15313430194058633
0.15672772470397645
0.1707836634505971
0.18834700771672602
0.1919404304801161
0.19164006741557763
0.15313430194058633
0.15672772470397645
0.16001873636425815
0.15313430194058633
0.15672772470397645
0.16001873636425815
0.15443739558328756
0.15933391198937882
0.16676117172751354
0.1640129853816947
0.16913646893753542
0.17395754139026764
0.0792630566090957
0.08438654016493638
0.0931168935457723
0.09167180084265467
0.10424600837053866
0.25104454505444523
0.24792852082446262
0.2758295492900666
0.2975624814116523
0.29444645718166956
0.2910479985177888
0.27886738078738477
0.27198294636371295
0.2755763691271031
0.27886738078738477
0.28577471388988923
0.2946517235620125
0.3071228357525289
0.322169935094849
0.33658680184016665
0.34599948114962104
0.35548075540453733
0.3570586070569499
0.3576657677373163
0.3592943938972676
0.3603421533025232
0.362164966668295
0.36338901523081124
0.2677214581346233
0.37570100742844487
0.10792899844101267
0.42657489867366083
0.37387493292891133
0.08667380813596819
0.38778179545158986
0.34678714670790073
0.07301275075589073
0.3840418291307273
0.33867501210243606
0.07083798993197452
0.3748462700869804
0.33409859090087884
0.06736013546535706
0.3650822459684341
0.3235438346886041
0.05866990642793482
0.3435960218509003
0.3001142606510577
0.0538889583186162
0.05229530894884333
0.05070165957907045
0.04910801020929756
0.1433218241624569
0.17366082713538797
0.17366082713538797
0.17366082713538797
0.14074866743238051
0.1384481213592483
0.1384481213592483
0.1384481213592483
0.1384481213592483
0.1384481213592483
0.1384481213592483
0.1384481213592483
0.1384481213592483
0.1384481213592483
0.1384481213592483
0.1384481213592483
0.1384481213592483
0.1384481213592483
0.1384481213592483
0.1384481213592483
0.1384481213592483
0.1384481213592483
0.1384481213592483
0.15309606041392332
0.15166950872328996
0.15166950872328996
0.15166950872328996
0.15350153655928714
0.1553335643952843
0.1571655922312815
0.15899762006727863
0.16082964790327586
0.16266167573927307
0.16449370357527024
0.16632573141126736
0.2605620224455401
0.26469370599680314
0.20154256656325897
0.3884252181451635
0.4104708584911569
0.4325164988371503
0.4552065244196722
0.47789655000219405
0.5005865755847159
0.43393649001728707
0.43806817356855005
0.4421998571198131
0.4463315406710761
0.45046322422233914
0.4545949077736022
0.45872659132486515
0.4472027190631828
0.4269888019292621
0.4287262601195303
0.43485852988996004
0.4674138822762065
0.46915134046647483
0.4708887986567431
0.4726262568470113
0.4743637150372796
0.47610117322754786
0.47783863141781613
0.4801481678763558
0.47778200353854317
0.47224501919168554
0.46600771165459753
0.4632961074145871
0.4636694935595198
0.4655970870619513
0.4689040224308055
0.46774069048361033
0.4620343439123394
0.4602755168581245
0.4619218846855162
0.4606942885955312
0.46380702264964574
0.4637565842721907
0.4607223223711889
0.4635975222188269
0.43388125951230816
0.43254866813812054
0.4361150296865659
0.45836979222328156
0.47846045855959635
0.4820268201080417
0.4855931816564872
0.48915954320493255
0.49177487500712574
0.454634021044554
0.4166610160540117
0.3786880110634694
0.3407150060729272
0.3253596238293418
0.31222670955522003
0.29464885934217083
0.18093195448260627
0.2973373348895784
0.20019723585596672
0.288592428131034
0.2868830129230913
0.244231120576748
0.3604928337740648
0.31305819214729974
0.2643632085897676
0.3521068540434842
0.3053237592380697
0.25964128453118124
0.349745892014191
0.28420453907506676
0.21498473063786896
0.21026280657928267
0.1611133568404626
0.15875239481116943
0.15639143278187626
0.15403047075258314
0.15166950872328996
0.15166950872328996
0.15166950872328996
0.15166950872328996
0.16012999197606623
0.2414384775890273
0.2414384775890273
0.18559361872191635
0.2080577996488848
0.209889827484882
0.1571655922312815
0.21355388315687632
0.21538591099287352
0.16266167573927307
0.21904996666486792
0.22088199450086504
0.25042789213206373
0.3091158387729244
0.251196394853497
0.35637882451789515
0.4104708584911569
0.4325164988371503
0.4552065244196722
0.47789655000219405
0.5005865755847159
0.43393649001728707
0.43806817356855005
0.4421998571198131
0.4463315406710761
0.45046322422233914
0.4545949077736022
0.45872659132486515
0.4604640495151334
0.4622015077054017
0.4479654980592821
0.4304637183097986
0.4322011765000669
0.44272800131105305
0.4708887986567431
0.4726262568470113
0.4743637150372796
0.47610117322754786
0.47783863141781613
0.4778132379595455
0.4762453493088033
0.47224501919168554
0.46600771165459753
0.4632961074145871
0.4636694935595198
0.46404287970445246
0.4644162658493853
0.4690566033745952
0.467079058948619
0.4665438998583929
0.46509334889814086
0.46466700477070455
0.4645276244140045
0.46439506960272997
0.462958221051831
0.4657146711258959
0.467968197749052
0.4505242634054092
0.43929650386464625
0.44133374426223687
0.4524894407458926
0.48632639785853626
0.4906679952700078
0.49571124748607875
0.49946183589247156
0.4604073429585058
0.4199677073595197
0.3786880110634694
0.3407150060729272
0.3253596238293418
0.31000424158575635
0.29464885934217083
0.14476673683945443
0.2324399262154579
0.20019723585596672
0.19848782064802417
0.19677840544008157
0.19510324595689685
0.2259660935149338
0.22295358466429005
0.21994107581364628
0.21758011378435307
0.21521915175505996
0.21521915175505996
0.21521915175505996
0.2104972276964736
0.17716796277910352
0.1658406738031614
0.1611133568404626
0.15875239481116943
0.15639143278187626
0.15403047075258314
0.15166950872328996
0.15166950872328996
0.15166950872328996
0.15166950872328996
0.15166950872328996
0.15913262227169042
0.15509641561203796
0.16611257434495125
0.19617735588382723
0.19397317706017198
0.18882924231021408
0.16646073361567904
0.16425655479202386
0.16452204367301496
0.17195681712367064
0.16975263830001538
0.30684452315540334
0.3165789523213248
0.20006703865264733
0.35507288030276574
0.40145512980393544
0.43594340572589835
0.4570668923534141
0.48535966355059446
0.5040134824734639
0.435796857951029
0.44553128711695045
0.4456267640085611
0.44819190860481806
0.45792633777073954
0.4580218146623502
0.4605869592586071
0.4679271630635339
0.4656284145941497
0.4657993338294119
0.45765610860427086
0.43562808338881487
0.4357990026240771
0.45237399801851674
0.4760531637357593
0.4808184399001153
0.48048902635481056
0.4823281228567869
0.48325897348172403
0.4891344288093422
0.49087143228647523
0.48470591702452864
0.4876466784925066
0.49509340092720566
0.5024155470849054
0.5126016995336058
0.5196559064716967
0.5291256993791926
0.5363937778138903
0.5469311236035784
0.5587039880678024
0.5724480252227666
0.5802568534405257
0.5876790332247793
0.596871011479875
0.6066219592299849
0.6170311714135797
0.5960502283897742
0.6013684082760735
0.610057149409282
0.6359616273655847
0.6531899224019324
0.6557678006442569
0.6565803100146014
0.6114126275002849
0.5648549494020362
0.5173354815529787
0.469949452007493
0.445906731324005
0.42318205854050456
0.3996669097951243
0.2540306288369477
0.43875484112942814
0.2596520486265038
0.37754462210607953
0.400774851758754
0.24364275106749977
0.39399219130240676
0.42695003098296247
0.2698179302917082
0.3522147824662871
0.37479346529761104
0.2650960062331219
0.2952975573473963
0.3700715412390248
0.29182111519926995
0.24591907939549773
0.26613140729341606
0.20862924928923138
0.23646983837421265
0.25904852120553656
0.2015463632013519
0.23174791431562633
0.2566875591762434
0.2015463632013519
0.23174791431562633
0.21095859267533398
0.21876705543809444
0.20017913066571538
0.21592317992134807
0.2576438168862284
0.2408879199498465
0.25349940979546226
0.23196892997130408
0.21117129768169843
0.22378278752731423
0.2334232781260718
0.21896703690495578
0.23387818246583744
0.2637376784787038
0.4017221343114492
0.4445915237999003
0.49961404555195477
0.5037161463620976
0.537185633954238
0.5676841222995205
0.48244611195971243
0.49735725752059406
0.5092974038346175
0.4948411626135015
0.5097523081743831
0.5216924544884066
0.5072362132672905
0.5197531334671774
0.5292990544202062
0.5124485878380953
0.5249655080379823
0.499839592991359
0.4824482566327606
0.49496517683264746
0.5333764856826436
0.5479609863252946
0.5569430601184605
0.5648943434747189
0.5696102823325987
0.5718042164784727
0.5692443037465572
0.5636062024363978
0.5630654028690507
0.5669979068622131
0.5690715657974788
0.5711821340422403
0.5704375125314719
0.56748234940183
0.5626485485108126
0.5591955922725165
0.5555162185707159
0.5516200327436558
0.5493915246992741
0.5470025590717857
0.5460011062153185
0.5462146169494441
0.5489227974493182
0.5316088660931754
0.5203708915958931
0.5243473570506217
0.5381136744407929
0.5645598532031474
0.5662477197548352
0.5668212401492834
0.5200484053397908
0.47090658802202934
0.4208673793192614
0.372648916670858
0.35003721673708926
0.3281017675919286
0.30538967794746574
0.14476673683945443
0.24549921341605072
0.21489528038091618
0.19848782064802417
0.20751922404537654
0.19376589658943788
0.20971815972935332
0.23369440326958493
0.21994107581364628
0.21758011378435307
0.2259599703603549
0.21521915175505996
0.21521915175505996
0.22123804630176858
0.19167070992175486
0.1658406738031614
0.1718541754457575
0.15875239481116943
0.15639143278187626
0.16477128935787805
0.15166950872328996
0.15166950872328996
0.16241032732858493
0.15166950872328996
0.15166950872328996
0.15441792565021611
0.15610071531018485
0.15597723460484486
0.1562499534862133
0.17934852179870403
0.196686023888976
0.19695874277034442
0.18806253618386595
0.1669694016208279
0.16724212050219636
0.17075693799816227
0.22932140393368297
0.23189377853031726
0.20107133835079424
0.3575202382505787
0.3845015691447687
0.43694770542404515
0.45951425030122706
0.4806449669291202
0.5050177821716109
0.43824421589884194
0.4408165904954762
0.446631063706708
0.450639266552631
0.45321164114926527
0.459026114360497
0.46303431720642
0.4632124664420596
0.4666327142922966
0.46824669177722483
0.4684248410128644
0.4440848791792849
0.43824636057189004
0.43842450980752956
0.4639661222600134
0.4765621584017698
0.4810496561372232
0.4837279974622368
0.48479783074456123
0.48342801151589787
0.4792810309363771
0.4746456341830368
0.4726473707578768
0.47993288304143733
0.48841665671490214
0.49783212302371127
0.5028338442103729
0.5055378342817204
0.5117100319805066
0.5191023067418409
0.5265754933817737
0.5344430078358273
0.5389702675964633
0.5434717359727921
0.5490760692375135
0.5559356840442936
0.5640741997657512
0.5556877819933522
0.5433360314130282
0.5494622172388768
0.5610356044560646
0.5939459920578607
0.5975815450512143
0.5996338121825852
0.557089525772536
0.5129963495771523
0.4680469263915414
0.42273975957086374
0.40264298219159644
0.38375145475382993
0.3636239183107979
0.24507991072582516
0.40271184964510176
0.2680093609191277
0.37025811611445253
0.3647318602744276
0.24458987254294914
0.2801221210272805
0.2919286436329171
0.27076505176715754
0.2903720133850625
0.28419421072368706
0.26604312770857125
0.2880110513557694
0.2794722866651007
0.24444146957583132
0.23863257340387078
0.23008841580908962
0.20957637076468072
0.22918333238258567
0.22300552972121016
0.20249348467680128
0.22446140832399938
0.220644567691917
0.20249348467680128
0.22446140832399938
0.14145788371775495
0.1420403700390475
0.14022141476592495
0.14145788371775495
0.15310661084417204
0.17543412054206461
0.1766705894938946
0.17336033735644055
0.14022141476592495
0.14145788371775495
0.1420403700390475
0.14022141476592495
0.14145788371775495
0.1420403700390475
0.14152450840862613
0.14406407100315735
0.14878280540230288
0.15110009820703332
0.15386662795131392
0.06663906391510625
0.156454776917444
0.15922130666172457
0.07513852722056162
0.168863521151003
0.17908077486732688
0.23306617872923457
0.23501563364980121
0.26085856430323034
0.27958411508644165
0.2815335700070082
0.27547930154553296
0.2608890144621741
0.25907005918905157
0.26030652814088157
0.2608890144621741
0.2638846201689309
0.26151241998894065
0.25434998211850535
0.25625825330565244
0.25435411771948657
0.25384260947617204
0.2532549979411379
0.25672727241792265
0.2552270858535738
0.2561810838539944
0.25680882560780754
0.26008197363903224
0.2611767029274323
0.14849798958543522
0.24413367668719083
0.10822591228287505
0.2773998957091241
0.2629063522809897
0.08637761099418101
0.2613758891583796
0.2340532111590612
0.07301275075589073
0.2615914668094615
0.23900929099926183
0.07083798993197452
0.2766221645735899
0.23889295994055496
0.06736013546535706
0.2678783082274131
0.22581863299698254
0.05866990642793482
0.2433443087625249
0.21272782164904558
0.0538889583186162
0.05229530894884333
0.05070165957907045
0.04910801020929756
0.14361890168350733
0.17366082713538797
0.17366082713538797
0.17366082713538797
0.1404470545149031
0.1384481213592483
0.1384481213592483
0.1384481213592483
0.1384481213592483
0.1384481213592483
0.1384481213592483
0.1384481213592483
0.1384481213592483
0.1384481213592483
0.1384481213592483
0.1384481213592483
0.1384481213592483
0.1384481213592483
0.1384481213592483
0.1384481213592483
0.1384481213592483
0.1384481213592483
0.1384481213592483
0.15339766387734444
0.14145788371775495
0.1420403700390475
0.14022141476592495
0.14145788371775495
0.15310661084417204
0.17543412054206461
0.1766705894938946
0.17336033735644055
0.14022141476592495
0.14145788371775495
0.1420403700390475
0.14022141476592495
0.14145788371775495
0.1420403700390475
0.14152450840862613
0.14406407100315735
0.14878280540230288
0.15110009820703332
0.15386662795131392
0.06663906391510625
0.156454776917444
0.15922130666172457
0.07513852722056162
0.168863521151003
0.17908077486732688
0.23306617872923457
0.23501563364980121
0.26085856430323034
0.27958411508644165
0.2815335700070082
0.27547930154553296
0.2608890144621741
0.25907005918905157
0.26030652814088157
0.2608890144621741
0.2638846201689309
0.26151241998894065
0.25434998211850535
0.25625825330565244
0.25435411771948657
0.25384260947617204
0.2532549979411379
0.25672727241792265
0.2552270858535738
0.2561810838539944
0.25680882560780754
0.26008197363903224
0.2611767029274323
0.14849798958543522
0.24413367668719083
0.10822591228287505
0.2773998957091241
0.2629063522809897
0.08637761099418101
0.2613758891583796
0.2340532111590612
0.07301275075589073
0.2615914668094615
0.23900929099926183
0.07083798993197452
0.2766221645735899
0.23889295994055496
0.06736013546535706
0.2678783082274131
0.22581863299698254
0.05866990642793482
0.2433443087625249
0.21272782164904558
0.0538889583186162
0.05229530894884333
0.05070165957907045
0.04910801020929756
0.14361890168350733
0.17366082713538797
0.17366082713538797
0.17366082713538797
0.1404470545149031
0.1384481213592483
0.1384481213592483
0.1384481213592483
0.1384481213592483
0.1384481213592483
0.1384481213592483
0.1384481213592483
0.1384481213592483
0.1384481213592483
0.1384481213592483
0.1384481213592483
0.1384481213592483
0.1384481213592483
0.1384481213592483
0.1384481213592483
0.1384481213592483
0.1384481213592483
0.1384481213592483
0.15339766387734444
0.15166950872328996
0.15166950872328996
0.15166950872328996
0.15350153655928714
0.1553335643952843
0.1571655922312815
0.15899762006727863
0.16082964790327586
0.16266167573927307
0.16449370357527024
0.16632573141126736
0.2250136780521281
0.2291453616033911
0.2016031483193959
0.3884252181451635
0.4104708584911569
0.4325164988371503
0.4552065244196722
0.47789655000219405
0.4112464644347652
0.43393649001728707
0.43806817356855005
0.4421998571198131
0.4463315406710761
0.45046322422233914
0.4545949077736022
0.45872659132486515
0.44696634668662943
0.4269888019292621
0.4287262601195303
0.4350920708418398
0.4674138822762065
0.46915134046647483
0.4708887986567431
0.4726262568470113
0.4743637150372796
0.47610117322754786
0.47783863141781613
0.4778132379595455
0.4762453493088033
0.47224501919168554
0.46600771165459753
0.4632961074145871
0.4636694935595198
0.46404287970445246
0.4644162658493853
0.46302680034577914
0.46009483964970144
0.45872659132486515
0.45872659132486515
0.45872659132486515
0.45872659132486515
0.45872659132486515
0.45872659132486515
0.4606286508173694
0.43371242549384686
0.43254866813812054
0.4361150296865659
0.45853428748630803
0.47846045855959635
0.4820268201080417
0.4855931816564872
0.48915954320493255
0.5009298252778857
0.45625058275558483
0.4166610160540117
0.3786880110634694
0.3407150060729272
0.3253596238293418
0.31000424158575635
0.29464885934217083
0.14476673683945446
0.2071210657253548
0.29030184333897646
0.288592428131034
0.19677840544008157
0.3122664847906457
0.31607070099794354
0.22295358466429005
0.31004568329665605
0.30768472126736285
0.21521915175505996
0.3053237592380697
0.3053237592380697
0.19394947933638165
0.2606672053447574
0.2559452812861711
0.1611133568404626
0.15875239481116943
0.15639143278187626
0.15403047075258314
0.15166950872328996
0.15166950872328996
0.15166950872328996
0.15166950872328996
0.16070864479178265
0.18688221449942966
0.18688221449942966
0.18501694699304952
0.15350153655928714
0.1553335643952843
0.1571655922312815
0.15899762006727863
0.16082964790327586
0.16266167573927307
0.16449370357527024
0.16632573141126736
0.3049841552216614
0.3091158387729244
0.19664013176389936
0.3564894220481686
0.4104708584911569
0.4325164988371503
0.4552065244196722
0.47789655000219405
0.4112464644347652
0.43393649001728707
0.43806817356855005
0.4421998571198131
0.4463315406710761
0.45046322422233914
0.4545949077736022
0.45872659132486515
0.4604640495151334
0.4622015077054017
0.44772427913711077
0.4304637183097986
0.4322011765000669
0.44296325061830744
0.4708887986567431
0.4726262568470113
0.4743637150372796
0.47610117322754786
0.47783863141781613
0.4778132379595455
0.4762453493088033
0.47224501919168554
0.46600771165459753
0.4632961074145871
0.4636694935595198
0.46404287970445246
0.4644162658493853
0.46302680034577914
0.46009483964970144
0.45872659132486515
0.45872659132486515
0.45872659132486515
0.45872659132486515
0.45872659132486515
0.45872659132486515
0.4606286508173694
0.4641950123658148
0.44800076661005506
0.4361150296865659
0.4396813912350113
0.45264928155199324
0.4820268201080417
0.4855931816564872
0.48915954320493255
0.49177487500712574
0.454634021044554
0.4166610160540117
0.3786880110634694
0.3407150060729272
0.3253596238293418
0.31000424158575635
0.29464885934217083
0.14476673683945443
0.2774035394893342
0.29030184333897646
0.19848782064802417
0.2868830129230913
0.28530352372761225
0.2259660935149338
0.3574803249234211
0.35446781607277733
0.21758011378435307
0.349745892014191
0.349745892014191
0.21521915175505998
0.34502396795560464
0.31163986179322223
0.1658406738031614
0.1611133568404626
0.15875239481116943
0.15639143278187626
0.15403047075258314
0.15166950872328996
0.15166950872328996
0.15166950872328996
0.15166950872328996
0.15166950872328996
0.15166950872328996
0.15166950872328996
0.16449071497952172
0.18871424233542677
0.19054627017142395
0.18673033345988055
0.15899762006727863
0.16082964790327586
0.16266167573927307
0.16449370357527024
0.16632573141126736
0.3049841552216614
0.3091158387729244
0.19664013176389936
0.35321251236902385
0.3940336089607539
0.4325164988371503
0.4552065244196722
0.47789655000219405
0.4112464644347652
0.43393649001728707
0.43806817356855005
0.4421998571198131
0.4463315406710761
0.45046322422233914
0.4545949077736022
0.45872659132486515
0.4604640495151334
0.4622015077054017
0.46393896589566996
0.45010963667654197
0.4322011765000669
0.43393863469033517
0.44499222495038687
0.4726262568470113
0.4743637150372796
0.47610117322754786
0.47783863141781613
0.4778132379595455
0.4762453493088033
0.47224501919168554
0.4687996706215801
0.46565382049846443
0.4720402519468446
0.4683931231096175
0.4721194117361542
0.467546473163324
0.4624682827714314
0.4617794931235898
0.46169752449070284
0.4632229369585444
0.4735957354729147
0.4806270437306895
0.48599117242031137
0.49180769092923327
0.49754646340084097
0.5021923648396477
0.47623437644535493
0.4777252569323068
0.48317857641088285
0.5106599698008989
0.5304499938533933
0.5325295923067596
0.5336726924081773
0.4890363994690124
0.44281524146713075
0.39914988205836677
0.3593240265462912
0.34262636781120887
0.32621839879725645
0.3092457560405958
0.14476673683945443
0.24935529150918068
0.20965329164283095
0.19848782064802417
0.21137530213850655
0.19376589658943788
0.21511237020689408
0.23755048136271495
0.21994107581364628
0.21758011378435307
0.22981604845348494
0.21521915175505996
0.21521915175505996
0.2250941243948986
0.1872269191622361
0.1658406738031614
0.17571025353888756
0.15875239481116943
0.15639143278187626
0.1686273674510081
0.15166950872328996
0.15166950872328996
0.16626640542171492
0.15166950872328996
0.15166950872328996
0.15410560282586167
0.15404388683821116
0.15684363974620794
0.15974693994062178
0.19292064828634511
0.1975524290303391
0.19664641994599
0.1665689875522766
0.16783580676219098
0.1669297976778419
0.16870010952618855
0.2657361534684581
0.26712980009937487
0.21382188747086095
0.3583866433919418
0.3879326457872106
0.43489087695207146
0.46038065544259016
0.48033264410476567
0.41362084254968634
0.43911062104020504
0.4405042676711218
0.44457423523473427
0.4515056716939941
0.45289931832491087
0.4569692858885233
0.4639007223477832
0.46290014361770515
0.4645758858203229
0.469113096918588
0.46811251818851
0.43471963846112577
0.43911276571325314
0.4381121869831751
0.46904035188719334
0.47797067441914826
0.47863330757064604
0.4815709092915436
0.48827379756257183
0.5023787585181309
0.5048859335356733
0.5046607246797908
0.508152820628619
0.5152304402083748
0.5236271561265549
0.5315667960255845
0.5364655277534901
0.538633053047233
0.5438318987684861
0.5510887234751128
0.5582805416059057
0.5648607706812795
0.5677920957656212
0.5705363412074682
0.5725478099082904
0.5751787450200309
0.5765314011523779
0.5566101029454998
0.5408325320605623
0.537916524534149
0.5502978019469686
0.5749333438676332
0.5760719216211406
0.5764395826021526
0.528411725288867
0.47882021766857585
0.43033387422279235
0.3827896783196973
0.3619551478715039
0.3413396744117851
0.3214771259357749
0.14476673683945443
0.2615866614043598
0.21484724082296533
0.19848782064802417
0.22360667203368562
0.19376589658943788
0.2097413705054189
0.249781851257894
0.21994107581364628
0.21758011378435307
0.24204741834866397
0.21521915175505996
0.21521915175505996
0.23732549429007765
0.19163922715253115
0.1658406738031614
0.18794162343406662
0.15875239481116943
0.15639143278187626
0.18085873734618715
0.15166950872328996
0.15166950872328996
0.178497775316894
0.15166950872328996
0.15166950872328996
0.15166950872328996
0.15376740000512304
0.15396829936995024
0.15350153655928714
0.17714951220405722
0.1946770886540814
0.19421032584341827
0.18559491280780338
0.16496046638593329
0.16449370357527024
0.16842362269310046
0.22731246869878835
0.2291453616033911
0.19873802304573243
0.3555113030156841
0.3817071135862221
0.4346143901189834
0.45750531506633246
0.47789655000219405
0.4133443557165983
0.4362352806639473
0.43806817356855005
0.4442977484016462
0.44863033131773633
0.45046322422233914
0.45669279905543525
0.4610253819715254
0.4604640495151334
0.4642993989872348
0.4662377565423302
0.4656764240859383
0.4418700133075081
0.43623742533699544
0.43567609288060344
0.46151736898019774
0.4767221078634683
0.4834332911828921
0.485139441462871
0.4966591794438951
0.5141421151896868
0.5155552353855128
0.5132945941838376
0.5165813664824777
0.5221748483058372
0.5334312544492198
0.5435585632473395
0.5500584466950605
0.5538712949880061
0.5523257090886128
0.5522808288188302
0.5478569227817769
0.5423590826838335
0.5381223643839921
0.5335426945227371
0.5344066515380222
0.5377095000888241
0.5394203918445724
0.5252454839068512
0.5081008816331776
0.5101862120130926
0.5202025705625015
0.5521740162193425
0.5613516759563907
0.5690563655854125
0.5334256025637814
0.49518825351382983
0.4526532147772172
0.4099953866322251
0.3903418980759415
0.37042675451448565
0.34867660264904105
0.1648976893286765
0.38776453398334504
0.26350587397266584
0.2824171719610046
0.30536241183654955
0.19571142804879402
0.2640592103226036
0.27698132797116026
0.22188660727300244
0.27423133355253465
0.2692468950619302
0.2171646832144161
0.2718703715232415
0.2645249710033439
0.1955060717112384
0.22249189357134289
0.21514110014733287
0.1606979262705256
0.21304265255005778
0.2080582140594534
0.15361504018264613
0.20832072849147149
0.20569725203016023
0.15361504018264613
0.20832072849147149
0.1455183729157454
0.15053333155336954
0.1421772676553818
0.1455183729157454
0.16185018769064147
0.1773899734315215
0.18073107869188504
0.18160264311454608
0.1421772676553818
0.1455183729157454
0.15053333155336954
0.1421772676553818
0.1455183729157454
0.15053333155336954
0.14348036129808303
0.14812456020114778
0.15727576691662493
0.15305595109649023
0.15792711714930435
0.07513202542942832
0.12286228541348884
0.127733451466303
0.08363148873488369
0.13527102964704782
0.1475929196719053
0.2415591402435567
0.23697148653925812
0.26517087431693276
0.2880770766007637
0.28348942289646506
0.27928797111632514
0.2693819759764962
0.26102591207850845
0.264367017338872
0.2693819759764962
0.2768824788044326
0.2852086346625689
0.28689905016265593
0.29108171812704176
0.2958421317004965
0.30205655621655725
0.30645283450968464
0.3051516484956461
0.30332238835848824
0.30110548281989136
0.29879400789240423
0.2986561320044593
0.29809009579214113
0.18375667639343335
0.26176983756155037
0.10847807072966796
0.30259420340045856
0.27527581185121935
0.11847922350939438
0.33320385035218675
0.24575640600763923
0.10207892494551345
0.3274778768063163
0.2662304218552533
0.12701116149569736
0.32694795116832154
0.26676078457290653
0.1228727386546384
0.31503284823625727
0.25356735249695145
0.11201594610873904
0.2953357166310904
0.2402696113499988
0.0538889583186162
0.05229530894884333
0.05070165957907045
0.04910801020929756
0.14386987209325217
0.17366082713538797
0.17366082713538797
0.17366082713538797
0.1402006157078558
0.1384481213592483
0.1384481213592483
0.1384481213592483
0.1384481213592483
0.1384481213592483
0.1384481213592483
0.1384481213592483
0.1384481213592483
0.1384481213592483
0.1384481213592483
0.1384481213592483
0.1384481213592483
0.1384481213592483
0.1384481213592483
0.1384481213592483
0.1384481213592483
0.1384481213592483
0.1384481213592483
0.1536442455212969
0.1455183729157454
0.15053333155336954
0.1421772676553818
0.1455183729157454
0.16185018769064147
0.1773899734315215
0.18073107869188504
0.18160264311454608
0.1421772676553818
0.1455183729157454
0.15053333155336954
0.1421772676553818
0.1455183729157454
0.15053333155336954
0.14348036129808303
0.14812456020114778
0.15727576691662493
0.15305595109649023
0.15792711714930435
0.07513202542942832
0.12286228541348884
0.127733451466303
0.08363148873488369
0.13527102964704782
0.1475929196719053
0.2415591402435567
0.23697148653925812
0.26517087431693276
0.2880770766007637
0.28348942289646506
0.27928797111632514
0.2693819759764962
0.26102591207850845
0.264367017338872
0.2693819759764962
0.2768824788044326
0.2852086346625689
0.28689905016265593
0.29108171812704176
0.2958421317004965
0.30205655621655725
0.30645283450968464
0.3051516484956461
0.30332238835848824
0.30110548281989136
0.29879400789240423
0.2986561320044593
0.29809009579214113
0.18375667639343335
0.26176983756155037
0.10847807072966796
0.30259420340045856
0.27527581185121935
0.11847922350939438
0.33320385035218675
0.24575640600763923
0.10207892494551345
0.3274778768063163
0.2662304218552533
0.12701116149569736
0.32694795116832154
0.26676078457290653
0.1228727386546384
0.31503284823625727
0.25356735249695145
0.11201594610873904
0.2953357166310904
0.2402696113499988
0.0538889583186162
0.05229530894884333
0.05070165957907045
0.04910801020929756
0.14386987209325217
0.17366082713538797
0.17366082713538797
0.17366082713538797
0.1402006157078558
0.1384481213592483
0.1384481213592483
0.1384481213592483
0.1384481213592483
0.1384481213592483
0.1384481213592483
0.1384481213592483
0.1384481213592483
0.1384481213592483
0.1384481213592483
0.1384481213592483
0.1384481213592483
0.1384481213592483
0.1384481213592483
0.1384481213592483
0.1384481213592483
0.1384481213592483
0.1384481213592483
0.1536442455212969
0.16270986317475974
0.16757116631100466
0.1616115127483711
0.16454189101075692
0.171235221982999
0.16710759625636257
0.1700379745187484
0.17673130549099056
0.17260367976435415
0.17553405802674
0.18222738899898205
0.2705040264706213
0.2757340604482729
0.21755510384719767
0.3983672221702446
0.4215112129426266
0.448418156424865
0.4651485284447533
0.48893690445366383
0.42714812202247987
0.4438784940423682
0.4491085280200198
0.4581015147075278
0.4562735446961573
0.4615035786738089
0.47049656536131684
0.46866859534994626
0.4579995242220665
0.44289045951697675
0.4386682641446114
0.44613461099112783
0.48331553986392123
0.47909334449155594
0.4819291531082128
0.48852791443472593
0.5025804880522554
0.514296994821789
0.5266484246238037
0.5383154872249861
0.547312188341481
0.5467186468906494
0.5435388778936094
0.5448296303188147
0.5503804397729185
0.555926770255466
0.5609983095483614
0.562934949469482
0.5623726580724625
0.5641189137471391
0.5679657137836488
0.5724339402451093
0.5773185082573297
0.5803120141585183
0.5830873638632467
0.5872486674194866
0.5621861361931735
0.5645958085118054
0.5713754325614885
0.596305191819599
0.6182116837012881
0.6232025040743505
0.6277452380721165
0.6314595693171005
0.6338550999029944
0.5884935450111302
0.541415423694247
0.4934268359072381
0.4453919619161681
0.42272813629622924
0.4009346548673891
0.3781121126946766
0.2461108215462832
0.30025280299316304
0.252052122629936
0.3767127771187773
0.3792200546583064
0.27396373646666283
0.4041910499856869
0.40539523388251475
0.2717959625876156
0.2968266743893873
0.2986824051075658
0.2670740385290293
0.29446571236009417
0.2774220818992756
0.222417484635717
0.24508723440819555
0.24457661019296836
0.21060728158513875
0.2356379933869104
0.2374937241050889
0.2035243954972593
0.23091606932832415
0.23513276207579575
0.2035243954972593
0.23994966142695526
0.2407095978308366
0.25712922772289765
0.21732420880163483
0.20732891989069407
0.22558057761875236
0.18946730897264263
0.2128250033986856
0.23107666112674388
0.19496339248063418
0.2183210869066772
0.2365727446347354
0.2027591317038916
0.2284164818452004
0.2668871449873674
0.38875224121029733
0.46429824182256385
0.5027635120606183
0.48750824116103336
0.531723933333601
0.48149347765823314
0.4662382067586482
0.491895556899957
0.5124468703432812
0.47863325741243723
0.5042906075537461
0.5248419209970702
0.49102830806622627
0.5142914328465403
0.5324485209288697
0.47976735250655483
0.4842911016412056
0.5024481897235349
0.47551596758698095
0.5247161819881501
0.5428732700704794
0.5606148330464803
0.572862169556112
0.5847155722058232
0.5932313470797848
0.5988827390141919
0.5986916677437851
0.5956178911344279
0.5971168262094307
0.6028667286476423
0.6091329006102363
0.6159035229516692
0.6201593127258052
0.6220028974594649
0.6247470636659846
0.6298344742053456
0.6354200016199816
0.6414364772243285
0.6445706725982043
0.6475295642854343
0.651949992504967
0.6576142724193433
0.6459237880979299
0.638505576517684
0.645780019574046
0.6623429392355239
0.6903377297032022
0.6925912928524555
0.6945261174374711
0.6955205381945688
0.6518033622468069
0.606703189516788
0.5603017095268998
0.51473778100214
0.4927518890423449
0.47100894193078424
0.4475354502777562
0.3557570659645554
0.4303392753305601
0.31241036096004743
0.4748370052455771
0.48419173663479803
0.30750061320554084
0.46676693371907463
0.4748185714655943
0.33215420091772696
0.4583809539884939
0.4670841385563643
0.32743227685914067
0.45601999195920073
0.462362214497778
0.28923031809976096
0.30766311814158326
0.31399994777604795
0.27096551991525014
0.2982138771202982
0.30691706168816846
0.2638826338273707
0.2934919530617119
0.30455609965887537
0.2638826338273707
0.2934919530617119
0.2427511926266424
0.25409386809374895
0.2442334208843731
0.27979592623877925
0.2929706295418829
0.26555752951236444
0.2500793039706311
0.2632540072737348
0.24194665640397303
0.2555753874786227
0.26875009078172635
0.24974239562723044
0.26567078241714587
0.29906449113435835
0.43249749303372387
0.4851432821267193
0.5349408582076093
0.5344915050843722
0.5689782339055465
0.5136708238052241
0.5132214706819871
0.5291498574719025
0.544624216490272
0.5256165213357762
0.5415449081256916
0.5570192671440611
0.5380115719895652
0.5515457334184859
0.5646258670758607
0.54322394656037
0.5410700843967944
0.5346255358705259
0.5132236153550351
0.53619242294247
0.5750506162174703
0.5885362752476975
0.6020914638233116
0.6157078439855092
0.6258589365129534
0.6331518557940387
0.6334126417419266
0.6306799518792617
0.632572025196625
0.6389010170269758
0.650943529310108
0.6636233591514239
0.6731268148445657
0.6796465163803354
0.6824380958093786
0.6870566681860939
0.6911279133569331
0.6948057859126777
0.6975524417311946
0.700009181429063
0.7038316029042823
0.7088669673227068
0.7162819098870219
0.6922022368807809
0.6953362048823086
0.7017051585615444
0.7247574289225674
0.7390172927980573
0.7389033594051349
0.7375645451359781
0.6913891643833945
0.6437748479143915
0.5961405870734185
0.5494525238032804
0.5261743704169831
0.5033747428717958
0.47862340494253613
0.38663778118789827
0.4639195695203014
0.34772270440214526
0.5001712430338519
0.515279691299578
0.3317526603114171
0.5166484892749482
0.5414548705237864
0.35792783953562546
0.5192635361701808
0.5337204376145562
0.35320591547703917
0.5169025741408878
0.5289985135559699
0.32538461113226885
0.3329973559298582
0.3450879024408279
0.2967391585331486
0.323548114908573
0.33800501635294844
0.28965627244526915
0.31882619084998665
0.3356440543236553
0.28965627244526915
0.31882619084998665
0.27982973213885226
0.2941405283895375
0.26601730331444184
0.284725062880985
0.33301728983767154
0.30672609259857303
0.32237054925898057
0.30741166231627465
0.27700947033042495
0.29265392699083254
0.308796751077515
0.32922734232980355
0.347171454705477
0.339111151430147
0.46756030696017575
0.5134502372104084
0.5749875185033979
0.5695543190108241
0.6060567734177562
0.5537174841010127
0.5482842846084389
0.5662283969841124
0.5846708767860607
0.5606793352622279
0.5786234476379014
0.5970659274398498
0.5730743859160171
0.5886242729306957
0.6046725273716492
0.5782867604868218
0.5938366475015004
0.5752438112015125
0.5482864292814871
0.5638363162961658
0.6087199589396384
0.6300604567006858
0.6409600293990216
0.6515326343737483
0.6591234192319766
0.663796555652549
0.6632307118440253
0.6598312338785722
0.6612431968504416
0.6669287354868005
0.6753142870532463
0.6839297860946805
0.6914479510402819
0.6962488881269625
0.7022636448252448
0.7107216890559184
0.7196078415226974
0.7287345512719208
0.7329831706342533
0.7364564105383653
0.740676647246482
0.7456822811708301
0.7535547930492882
0.7402009958823449
0.7327153455703224
0.7397102986485029
0.7513589342913826
0.7755004073874057
0.7744849044840882
0.7721434554492388
0.7256177234874703
0.6768098138082446
0.6281413889528531
0.5802215915470448
0.5548732183481391
0.5290890591654027
0.49969584195854827
0.3971106967954117
0.4849920065363135
0.36347439503641304
0.5183831854437511
0.53635212831559
0.3422255759189305
0.5294397143344776
0.5625273075397985
0.36840075514313897
0.53747547858008
0.5547928746305684
0.36367883108455257
0.5351145165507869
0.5500709505719821
0.34030425534302566
0.3512092983397573
0.36616033945684
0.30721207414066204
0.34176005731847225
0.3590774533689605
0.3001291880527826
0.3370381332598859
0.3567164913396674
0.3001291880527826
0.3370381332598859
0.2886894276067372
0.3019935876539976
0.2751098203754439
0.29052145544273444
0.3244985677481337
0.31581860965957514
0.3312302447268656
0.3346982535105001
0.28610198739142695
0.3015136224587175
0.3166498103419749
0.33831985939080567
0.35603115017336195
0.346964210694607
0.47665282402117787
0.5185565150561857
0.5828405777678579
0.5786468360718262
0.5255763577356906
0.5615705433654727
0.557376801669441
0.5750880924519973
0.5925239360505207
0.56977185232323
0.5874831431057864
0.6049189867043098
0.5821669029770191
0.5974839683985806
0.6125255866361092
0.5873792775478239
0.6026963429693853
0.5904315541785861
0.5573789463424891
0.5726960117640507
0.6094163564200186
0.6379756070915434
0.6505042195418803
0.6627185850354244
0.6713107211191333
0.6765786118616882
0.675661633740235
0.6718547175325701
0.6729810933889988
0.6792932415803078
0.68747871711681
0.6964252973360014
0.7024685020885565
0.7061309920024185
0.7093780293054268
0.7149059794087287
0.7208634215787422
0.7270514924225578
0.7303702336969102
0.7337532873368369
0.7388003103571061
0.7452840654422206
0.754737883262903
0.7480186990242146
0.7369382079134976
0.7444344253354362
0.753843560452811
0.7851918284817158
0.787230903279396
0.7881936835502568
0.7426090268370958
0.6957816106169724
0.6480133123785395
0.6006631307575526
0.5762712070755435
0.5522046798405776
0.5245591113333993
0.4274461993192058
0.5098552759111645
0.38978449723817865
0.5345282005456014
0.561215397690441
0.3662150594747072
0.5432026771021167
0.5873905769146496
0.3923902386989156
0.5536204936819303
0.5796561440054195
0.38766831464032936
0.5512595316526372
0.5749342199468331
0.36624726791875317
0.3673543134416076
0.391023608831691
0.3312015576964387
0.35790507242032243
0.38394072274381164
0.3241186716085593
0.3531831483617362
0.3815797607145185
0.3241186716085593
0.3531831483617362
0.2500732288133411
0.2562127866579855
0.24297083638733555
0.2500732288133411
0.26651488864610373
0.2781835421634752
0.2852859345894807
0.2882970226379701
0.24297083638733555
0.2500732288133411
0.2562127866579855
0.24297083638733555
0.2500732288133411
0.2562127866579855
0.24427393003003672
0.2526794160987435
0.26295522202124094
0.2538495198284439
0.1731418618969493
0.18081148053404428
0.2680779869215638
0.27671044014002
0.18931094383949967
0.2804867311551228
0.29656990834562225
0.3472385953481727
0.3377650552712118
0.36871090344895613
0.39375653170537966
0.3842829916284187
0.38485765556357787
0.3750614310811121
0.36181948081046217
0.3689218732364677
0.3750614310811121
0.38096486254715495
0.38103163580683685
0.3814279956000276
0.38309514001047157
0.38427582126388526
0.3833452394822768
0.3821528703220746
0.37688527756817747
0.37189180988735643
0.36744453933201754
0.36312503403095703
0.3644427385333384
0.3660142013394195
0.27768689915511674
0.3755466420298676
0.1074647748071697
0.4072099103756132
0.37602704581875224
0.08713803476014215
0.36537800866322107
0.35573563515728174
0.07301275075589073
0.3741852253812332
0.35682614054199707
0.07083798993197452
0.3703532560706954
0.3471537373962738
0.06736013546535706
0.3534239918492122
0.32737399252681865
0.05866990642793482
0.3327089040466178
0.30892468597828904
0.0538889583186162
0.05229530894884333
0.05070165957907045
0.04910801020929756
0.05351793017999054
0.17366082713538797
0.17366082713538797
0.17366082713538797
0.14121245745860006
0.1384481213592483
0.1384481213592483
0.1384481213592483
0.1384481213592483
0.1384481213592483
0.1384481213592483
0.1384481213592483
0.1384481213592483
0.1384481213592483
0.1384481213592483
0.1384481213592483
0.1384481213592483
0.1384481213592483
0.1384481213592483
0.1384481213592483
0.1384481213592483
0.1384481213592483
0.1384481213592483
0.152632161496943
0.2500732288133411
0.2562127866579855
0.24297083638733555
0.2500732288133411
0.26651488864610373
0.2781835421634752
0.2852859345894807
0.2882970226379701
0.24297083638733555
0.2500732288133411
0.2562127866579855
0.24297083638733555
0.2500732288133411
0.2562127866579855
0.24427393003003672
0.2526794160987435
0.26295522202124094
0.2538495198284439
0.1731418618969493
0.18081148053404428
0.2680779869215638
0.27671044014002
0.18931094383949967
0.2804867311551228
0.29656990834562225
0.3472385953481727
0.3377650552712118
0.36871090344895613
0.39375653170537966
0.3842829916284187
0.38485765556357787
0.3750614310811121
0.36181948081046217
0.3689218732364677
0.3750614310811121
0.38096486254715495
0.38103163580683685
0.3814279956000276
0.38309514001047157
0.38427582126388526
0.3833452394822768
0.3821528703220746
0.37688527756817747
0.37189180988735643
0.36744453933201754
0.36312503403095703
0.3644427385333384
0.3660142013394195
0.27768689915511674
0.3755466420298676
0.1074647748071697
0.4072099103756132
0.37602704581875224
0.08713803476014215
0.36537800866322107
0.35573563515728174
0.07301275075589073
0.3741852253812332
0.35682614054199707
0.07083798993197452
0.3703532560706954
0.3471537373962738
0.06736013546535706
0.3534239918492122
0.32737399252681865
0.05866990642793482
0.3327089040466178
0.30892468597828904
0.0538889583186162
0.05229530894884333
0.05070165957907045
0.04910801020929756
0.05351793017999054
0.17366082713538797
0.17366082713538797
0.17366082713538797
0.14121245745860006
0.1384481213592483
0.1384481213592483
0.1384481213592483
0.1384481213592483
0.1384481213592483
0.1384481213592483
0.1384481213592483
0.1384481213592483
0.1384481213592483
0.1384481213592483
0.1384481213592483
0.1384481213592483
0.1384481213592483
0.1384481213592483
0.1384481213592483
0.1384481213592483
0.1384481213592483
0.1384481213592483
0.152632161496943
0.234756167909624
0.24534939430192712
0.2245208335469229
0.23658819574562112
0.24901344997392144
0.23001691705491442
0.24208427925361264
0.25450953348191296
0.23551300056290594
0.24758036276160425
0.2600056169899045
0.2877308725622846
0.30209789047624874
0.2951286052637399
0.4612765429687964
0.4935575176774909
0.5261963844157874
0.5280578492433051
0.4716430980385773
0.5049263500134022
0.50678781484092
0.5211548327548842
0.5358797426984502
0.519182865494709
0.5335498834086732
0.5482747933522393
0.5315779161484981
0.5303519438595078
0.5206686875078992
0.5015775849431633
0.5178846384839431
0.5610937678548437
0.5420026652901078
0.5539754578430771
0.5663061424256485
0.5789660856090771
0.5866415297700952
0.5945344964693532
0.5984875566509832
0.5994671174516496
0.59704367250903
0.5919637649238189
0.5919172714199175
0.5963809507318205
0.6072144083906864
0.617608535045003
0.625655972422776
0.630172048650335
0.6316517899139277
0.6354635372871525
0.6391256054653205
0.6427824881361873
0.646929180476396
0.6506884883056862
0.6555744616144076
0.6312574231683178
0.6330399632365371
0.6392871326962305
0.6639338031348478
0.6859210388857965
0.686899095337751
0.6877237603554954
0.6873148119097011
0.6860747707310452
0.6412856269722657
0.595184145821291
0.548626646527641
0.5024226502084318
0.48049043512831896
0.45889234342338103
0.43500152975171635
0.33933756363583145
0.39278243278141944
0.3019155826968922
0.47164728654688
0.4716578161087582
0.3237302835101377
0.4635772150203774
0.4622846509395545
0.3216594226545718
0.45519123528979677
0.4545502180303244
0.31693749859598547
0.4528302732605036
0.43340182141618866
0.27228094470267317
0.3044733994428861
0.3014660272500081
0.26047074165209494
0.295024158421601
0.2943831411621286
0.25338785556421545
0.29030223436301467
0.29202217913283546
0.25338785556421545
0.2988995156649351
0.2886318174435936
0.29942062941033626
0.27631824970534
0.2552511395034512
0.26787197930619094
0.2480249510781056
0.26074722301144265
0.27336806281418247
0.25352103458609715
0.26624330651943423
0.278864146322174
0.30573890658547576
0.3207608342340787
0.309178546674806
0.44722405145393335
0.5122204614353209
0.545054913748057
0.5460658832664963
0.4903060417964073
0.5237848793456719
0.5247958488641112
0.5398177765127141
0.5547382720307197
0.5371908995179002
0.5522128271665032
0.5671333226845088
0.5495859501716893
0.5622136524592976
0.5747399226163084
0.5385417191881541
0.5322133212539627
0.5447395914109735
0.5338642738167245
0.5726384016009071
0.585164671757918
0.5979635868553415
0.6038555368008662
0.6091201965747489
0.6111916170579308
0.6103392446678376
0.6063628522710932
0.6001225380588149
0.5989408475825504
0.6027125296591057
0.6138399316831633
0.6250032404703377
0.6328388488064931
0.637971447729608
0.6364906828280871
0.6365447823967749
0.6360219174700987
0.6351335793224016
0.6384982207999788
0.6419785805019997
0.6476371690949425
0.6547993720472358
0.6402255826133928
0.6294585542314082
0.6332923165160105
0.6459566990206418
0.6755323113347862
0.6791163143024855
0.6824719174449048
0.6848657254784323
0.6402373739041343
0.5940311084220646
0.547376179630595
0.5009020722510995
0.47971776816282036
0.45888584949412325
0.4365762698324639
0.35049839652576453
0.41945324358533176
0.30715169152125654
0.47338743864509947
0.47323255618950577
0.3021639623481366
0.46531736711859695
0.4638593910203021
0.3268955314789361
0.45693138738801625
0.456124958111072
0.3221736074203499
0.45457042535872316
0.4514030340524857
0.28404888356920915
0.30621355154110563
0.30304076733075563
0.26570685047645926
0.2967643105198205
0.2959578812428762
0.2586239643885798
0.29204238646123415
0.29359691921358305
0.2586239643885798
0.29204238646123415
0.27386615068008674
0.28366472630581474
0.2766600700397757
0.31091088429222363
0.3225414877539488
0.29870324099812234
0.28119426202407544
0.29282486548580067
0.2747328135584769
0.286690345532067
0.2983209489937922
0.32695068555785556
0.3412078732467115
0.3286353493464242
0.4652836501882277
0.5162332226831712
0.5645117164196751
0.5672776622388761
0.51075308080904
0.54324168201729
0.5460076278364909
0.5602648155253469
0.5741950747023379
0.5584026784902799
0.572659866179136
0.5865901253561271
0.5707977291440691
0.5826606914719302
0.5941967252879266
0.5760101037148738
0.572238175560333
0.5641963940825915
0.5460097725095391
0.567255408522219
0.6046214744295362
0.6161011320723178
0.625906562145878
0.6352937078195259
0.6407341533500559
0.6425652898143228
0.6397287909844319
0.6340980069365916
0.6333549393466579
0.6372452778331145
0.6419045461366717
0.6466111928441471
0.648393357659143
0.6483123223402663
0.6506858618185706
0.655299368977833
0.6601842613967084
0.665015721197484
0.6685775936795714
0.671799500998865
0.6762347035924101
0.6819418948180399
0.6881451099301776
0.6626471092816224
0.6638725714854632
0.6684831495965559
0.6940365533336288
0.7113411529710194
0.7147636553645785
0.7170057552830192
0.6720896835848358
0.6263330818549789
0.5802601577128103
0.5344166963772182
0.5137559246233674
0.49335630659294266
0.4712126902989284
0.3845203704409812
0.4565088548766937
0.345622970676319
0.498635695112415
0.5078689766559703
0.32963524956449997
0.5150947802809274
0.5340441558801787
0.3558104287887084
0.517727988248744
0.5263097229709486
0.35108850473012204
0.47981868182603876
0.4860394545189503
0.3232820975827643
0.33146180800842123
0.3376771877972202
0.2946217477862315
0.3220125669871361
0.33059430170934073
0.287538861698352
0.31729064292854986
0.3282333396800476
0.287538861698352
0.31729064292854986
0.28895716302547947
0.30294778485493845
0.27457278571041
0.29378738347385464
0.3418245463030724
0.3152815749945412
0.3314979801456077
0.31628403186635573
0.285564952726393
0.3017813578774597
0.3176040075429158
0.33778282472577165
0.35629888559210415
0.3479184078955478
0.47611578935614385
0.522616640317727
0.5837947749687988
0.5781098014067921
0.5258440931544327
0.5625247405664136
0.5568397670044071
0.5753558278707395
0.5934781332514616
0.5692348176581962
0.5877508785245287
0.6058731839052506
0.5816298683119852
0.5977517038173229
0.6134797838370502
0.58684224288279
0.6029640783881276
0.583939154998974
0.5568419116774552
0.5729637471827929
0.6176363213143303
0.6400898161708489
0.6545454788432233
0.6696206662234998
0.682539231281279
0.6930950664493172
0.6933029674240959
0.6905638038777896
0.6926780541542337
0.6995215381521235
0.7098246721854696
0.7200608073654808
0.7269770939282967
0.7310799380076999
0.7354517618744201
0.7420127767751425
0.7488308421143333
0.7560321763004336
0.7604205431845809
0.76444317052029
0.7692122336859624
0.7750687354155487
0.7815494143229754
0.7669380478052032
0.751479550499337
0.7480839808095217
0.7475271375512161
0.7590680598113348
0.7475407470295776
0.7351239779937963
0.6700601451056285
0.6043370189636054
0.5465403211960217
0.4915221265582378
0.47060445309390053
0.450632240267819
0.4285753193550696
0.30126919536139246
0.4138714839328348
0.30421799739686395
0.47372676108683487
0.46523160571211136
0.2830049849818104
0.48481989436841094
0.49140678493631984
0.30918016420601885
0.4928190542231637
0.4836723520270898
0.3044582401474325
0.45490974780045856
0.44340208357509137
0.2810545294027231
0.30655287398284103
0.29503981685336134
0.24799148320354197
0.2971036329615559
0.28795693076548184
0.2409085971156625
0.29238170890296966
0.28559596873618875
0.2409085971156625
0.29238170890296966
0.3318508377408134
0.34603586213351983
0.31674155602544374
0.33368286557681065
0.36865783889318393
0.35745034530957487
0.3743916548609418
0.37862352777504726
0.3277337230414268
0.3446750325927937
0.3606920848214972
0.3799515950408054
0.39919256030743816
0.39100648517412917
0.5182845596711776
0.5617404430143188
0.6268828522473802
0.6202785717218259
0.5687377678697667
0.605612817844995
0.5990085373194407
0.6182495025860736
0.6365662105300429
0.6114035879732299
0.6306445532398626
0.6489612611838319
0.6237986386270189
0.6406453785326569
0.6565678611156315
0.6290110131978236
0.6458577531034616
0.634429311012037
0.5990106819924889
0.615857421898127
0.6535020666347877
0.6843217975019288
0.6961219762741718
0.7079278600182617
0.716322565489627
0.7217922887444207
0.720500165724941
0.7167550800083242
0.7180830050264364
0.7242746326375455
0.7329885966703139
0.7412921617161379
0.7458577009849261
0.747139463019997
0.7485760335204381
0.7524469303507285
0.7569787637047538
0.7620018968676009
0.7670830797639373
0.772348278964199
0.7791028411297101
0.7879414304247014
0.7920832668562761
0.7796212577833933
0.7581283743131654
0.7547703104088508
0.758836805815778
0.7839713782571238
0.7814159469318409
0.7795550359597847
0.7316932186081276
0.6821741835393268
0.6316508488109335
0.5806688779845507
0.550524860907701
0.5195453054799971
0.4901954148449797
0.37522056298020817
0.4754915794227449
0.34899730432414583
0.5070540105661884
0.5268517012020215
0.3254425187091713
0.5157434887030384
0.5530268804262298
0.3516176979333797
0.5261463037025174
0.5452924475169999
0.34689577387479337
0.5237853416732242
0.5405705234584135
0.3254630071245758
0.33988012346219465
0.35665991234327143
0.29042901693090284
0.3304308824409095
0.34957702625539194
0.28334613084302335
0.3257089583823232
0.3472160642260988
0.28334613084302335
0.3257089583823232
0.3094291798535998
0.3238241243718023
0.29758080005586035
0.3094291798535998
0.33417785226092644
0.332793505832
0.34464188562973946
0.3558567253656446
0.29758080005586035
0.3094291798535998
0.3238241243718023
0.29758080005586035
0.3094291798535998
0.3238241243718023
0.29888389369856155
0.3120353671390022
0.3305665597350576
0.30845948349696867
0.23249781293720803
0.24842281824786103
0.26813168750049093
0.28151012809068104
0.2569222815533164
0.2805404317340499
0.355925859385881
0.41484993306198936
0.39237501893973664
0.4281181124308969
0.46136786941919644
0.43889295529694355
0.4441623481527194
0.44267276879492895
0.41642944447898694
0.4282778242767265
0.44267276879492895
0.4575187050570516
0.4637618227033381
0.4696518433614312
0.47708439334448616
0.4838386724343143
0.4882860777047016
0.49162819146515674
0.4891622763215897
0.48614305184331397
0.48562231594524885
0.48481317516030126
0.48611513626986214
0.48742927575519823
0.41406152584906375
0.47776207757051875
0.1075160710383085
0.5277330121127861
0.4682091849887021
0.08708597723751184
0.4969450349035289
0.4375690356718417
0.07301275075589073
0.49931342301631554
0.4452794511982051
0.07083798993197452
0.49987973767090216
0.4395349625508666
0.06736013546535706
0.47343861028421186
0.4196043524349027
0.05866990642793482
0.4513366132248669
0.40683958041866586
0.0538889583186162
0.23659587841766339
0.24961297361467422
0.04910801020929756
0.25247969415314614
0.27263922300110693
0.27539013643531085
0.3725721411709917
0.2401332971135175
0.24017743065917121
0.3373594353948521
0.23742651722496727
0.24017743065917121
0.33735943539485197
0.23742651722496727
0.24017743065917121
0.33735943539485197
0.23742651722496727
0.24017743065917121
0.3373594353948521
0.23742651722496727
0.24017743065917121
0.3373594353948521
0.23742651722496727
0.24017743065917121
0.31514836900679144
0.23742651722496727
0.25441325120039465
0.3094291798535998
0.3238241243718023
0.29758080005586035
0.3094291798535998
0.33417785226092644
0.332793505832
0.34464188562973946
0.3558567253656446
0.29758080005586035
0.3094291798535998
0.3238241243718023
0.29758080005586035
0.3094291798535998
0.3238241243718023
0.29888389369856155
0.3120353671390022
0.3305665597350576
0.30845948349696867
0.23249781293720803
0.24842281824786103
0.26813168750049093
0.28151012809068104
0.2569222815533164
0.2805404317340499
0.355925859385881
0.41484993306198936
0.39237501893973664
0.4281181124308969
0.46136786941919644
0.43889295529694355
0.4441623481527194
0.44267276879492895
0.41642944447898694
0.4282778242767265
0.44267276879492895
0.4575187050570516
0.4637618227033381
0.4696518433614312
0.47708439334448616
0.4838386724343143
0.4882860777047016
0.49162819146515674
0.4891622763215897
0.48614305184331397
0.48562231594524885
0.48481317516030126
0.48611513626986214
0.48742927575519823
0.41406152584906375
0.47776207757051875
0.1075160710383085
0.5277330121127861
0.4682091849887021
0.08708597723751184
0.4969450349035289
0.4375690356718417
0.07301275075589073
0.49931342301631554
0.4452794511982051
0.07083798993197452
0.49987973767090216
0.4395349625508666
0.06736013546535706
0.47343861028421186
0.4196043524349027
0.05866990642793482
0.4513366132248669
0.40683958041866586
0.0538889583186162
0.23659587841766339
0.24961297361467422
0.04910801020929756
0.25247969415314614
0.27263922300110693
0.27539013643531085
0.3725721411709917
0.2401332971135175
0.24017743065917121
0.3373594353948521
0.23742651722496727
0.24017743065917121
0.33735943539485197
0.23742651722496727
0.24017743065917121
0.33735943539485197
0.23742651722496727
0.24017743065917121
0.3373594353948521
0.23742651722496727
0.24017743065917121
0.3373594353948521
0.23742651722496727
0.24017743065917121
0.31514836900679144
0.23742651722496727
0.25441325120039465
0.412213619450857
0.5241298773692898
0.49921474313433345
0.41404564728685417
0.5277939330412842
0.5047108266423249
0.41954173079484564
0.5332900165492757
0.5102069101503164
0.42503781430283716
0.5387861000572671
0.5535509937669858
0.47068155363477243
0.5739153111921471
0.636992056690488
0.6710149692187238
0.7059984716174312
0.7037733629649966
0.6491005495798101
0.6847284372150461
0.6825033285626115
0.698612284296117
0.715681829900094
0.6948983792164006
0.7110073349499061
0.728076880553883
0.7072934298701896
0.7054819541279416
0.7004707747095429
0.6772930986648547
0.6974835286187023
0.7408958550564875
0.7177181790117992
0.7314329093843102
0.7461082296272923
0.7611194624112162
0.7751964406058549
0.7893150682753511
0.7994879728658907
0.8067402195477883
0.8058408912890479
0.8019923911504564
0.8018644075110304
0.806185293905472
0.8145587782750672
0.8225657835388874
0.8298824463835706
0.8347848729720699
0.8364200300422637
0.8403601892472201
0.8445184851365161
0.8487706005925618
0.8522903451003672
0.8553440211607529
0.85707222980522
0.8287220139953423
0.8384418503546632
0.8483321444813113
0.8836903806042672
0.9035610754225538
0.903554091125438
0.9016572985361602
0.8983277223630665
0.8926881855537833
0.8435775419383247
0.7935540072330765
0.7425615459365325
0.6901714048059701
0.6637969312121513
0.6366427409602065
0.6109044452440304
0.5072650870082502
0.5632359999982649
0.4470660773936919
0.6126820800529499
0.6475607316010722
0.4746431553607041
0.6401603529198597
0.6737359108252805
0.46680991735137145
0.631774373189279
0.6660014779160506
0.46208799329278516
0.6294134111599858
0.6396190843592807
0.41743143939947286
0.44550819294895627
0.4773689427423222
0.4278323027369552
0.5350373477933902
0.5248423197440404
0.39853835026101514
0.5303154237348038
0.5669034904908684
0.39853835026101514
0.5347813631778394
0.5141510198178826
0.4279700176854274
0.4502004971940008
0.4807703418777401
0.3964213675812821
0.37336021775111383
0.43171016229613396
0.446339583865395
0.3788563012591053
0.3927841130280043
0.4074135345972652
0.5211787807414937
0.5374062482256585
0.43772793494989715
0.5771476117470992
0.638761267943891
0.6736043020231481
0.6714011499395045
0.6168468483049773
0.652334267620763
0.6501311155371193
0.666358583021284
0.6832876603058109
0.6625261661909085
0.678753633675073
0.6956827109595999
0.6749212168446975
0.6887544589678674
0.7032893108913995
0.6508187031641812
0.6587541277625324
0.6732889796860645
0.6716920171390229
0.6991792081094771
0.7137140600330092
0.7297187426084372
0.7464460098100995
0.7632697451182451
0.773540239387033
0.7795054593217144
0.7803010250751155
0.77812889029319
0.7807512606252573
0.7882177000773096
0.7990547901583478
0.8088030800045297
0.8147656288005103
0.8183636903594215
0.8192335571407658
0.8241772271017276
0.8284233853076546
0.8329836644888219
0.8327494831862949
0.8324022833110376
0.8316593978174539
0.8284651886736834
0.7922185292212369
0.7881384116932774
0.7821079725687579
0.8021301662229768
0.805724115610948
0.800597897854341
0.7953152445250822
0.7890221328629513
0.7264742065347319
0.6620759461399702
0.6012798045961266
0.5419108895411197
0.5152893309289678
0.4898181680962272
0.46586352882354287
0.34755052471083103
0.4368833010319264
0.3133805530166404
0.5064285552787602
0.5025198151805848
0.3209018874751372
0.5339068281456699
0.5286949944047932
0.33312439297432
0.5255208484150892
0.5209605614955631
0.32840246891573366
0.523159886385796
0.5117449145765792
0.2837459150224214
0.3392546681747664
0.3323280263218346
0.27193571197184313
0.3298054271534813
0.3252451402339552
0.2648528258839637
0.32508350309489503
0.32288417820466203
0.2648528258839637
0.32508350309489503
0.32083557578990674
0.3544705862511268
0.3500553982400772
0.3578803094020436
0.34817634678860254
0.320338775971929
0.3281636871338954
0.3374587390400578
0.32583485947992047
0.333659770641887
0.34295482254804927
0.46815733896230893
0.4782819058395412
0.3732692229006812
0.5163856961096713
0.5725232796160294
0.6091455899739322
0.6183797081603197
0.5577225059188601
0.5878755555715471
0.5971096737579346
0.6072342406351668
0.618828948256595
0.6095047244117237
0.6196292912889558
0.6312239989103839
0.6218997750655126
0.6296301165817502
0.6388305988421835
0.6224144328173044
0.5996297853764152
0.6088302676368486
0.5971118184309825
0.6375284993288343
0.6492553479837933
0.6588584098482284
0.670152570612761
0.6815348576570556
0.6818297333146928
0.6771090071187502
0.6685750966249364
0.6573117016393232
0.6668369835281228
0.6850390695261436
0.7020282484544201
0.7189653247529945
0.7229300754140036
0.7216842758315899
0.725299573046265
0.7306566743865349
0.7372569828444067
0.7439449498182841
0.7472594927558346
0.7516188588764072
0.7548605954636105
0.7587945228130892
0.7377366817347245
0.7307535012425062
0.7256409644619735
0.7320344270278191
0.7311385960547225
0.7069333865731832
0.6939006183922043
0.6810993123589835
0.6313355111013106
0.5801792919036688
0.5297804544248663
0.47972343774694876
0.46165529245265835
0.4441732204678756
0.42670482535424814
0.2769812001763088
0.40405255500123294
0.27403541516160856
0.4776746738197183
0.46336111171128996
0.2747617229772884
0.5051529466866278
0.4895362909354984
0.29377925511928815
0.461218622562635
0.44625351363285626
0.28905733106070186
0.45885766053334187
0.4415315895742699
0.24559851249390655
0.3105007867157244
0.2931693228525399
0.2325905741168113
0.3010515456944393
0.2860864367646604
0.22550768802893184
0.296329621635853
0.28372547473536724
0.22550768802893184
0.296329621635853
0.3189824393765965
0.3280771712524969
0.34722120389194483
0.35602717298873326
0.36595141044865304
0.32367648027870877
0.3263105507205851
0.336234788180505
0.3230006651317882
0.3318066342285767
0.3417308716884964
0.3752185371311669
0.38632416194322117
0.3720452720411285
0.5135515017615391
0.5657809378277134
0.6079216391143795
0.6155455138121874
0.5558693695055498
0.5866516047119943
0.5942754794098023
0.6053811042218565
0.6176049973970422
0.6066705300635914
0.6177761548756455
0.6300000480508313
0.6190655807173804
0.6277769801684399
0.6376066479826308
0.6242779552881851
0.5995509291337293
0.6076063167772958
0.5942776240828502
0.6293037225291195
0.6480313971242405
0.6580943379216103
0.6680274877430266
0.6784988939074968
0.6823506411311524
0.682892377235443
0.6827026024650592
0.6800636126617815
0.6823506154088054
0.6897815640597559
0.6401771197240548
0.6343444390874791
0.6310671327395141
0.6270733421716127
0.6243949172496671
0.622436632739643
0.6210743095034937
0.6197029642992229
0.622751458497899
0.6274033951375655
0.6336686995883318
0.694336902579226
0.6846980295608689
0.6828365646502675
0.6880346867222406
0.7041295241017871
0.7229971140430753
0.7188341955610341
0.7205852269605529
0.7222672903292855
0.6789062911018765
0.6348037254842703
0.5879846513882063
0.5400560008293072
0.5191021092271487
0.4981902378442928
0.47650130678255453
0.35206123918706156
0.4534384644575521
0.3158644414301757
0.5059393291084947
0.5131575931395963
0.3169773466072441
0.5334176019754043
0.5393327723638047
0.3356082813878553
0.4894832778514115
0.49604999506116254
0.3308863573292689
0.4871223158221184
0.4913280710025763
0.28695544793421424
0.3387654420045009
0.3429658042808463
0.27441960038537844
0.3293162009832158
0.3358829181929668
0.267336714297499
0.3245942769246295
0.33352195616367364
0.267336714297499
0.3245942769246295
0.3179774812559543
0.32647311619854996
0.3476290346902326
0.3550222148680912
0.36229951455734644
0.32203634753456173
0.325305592599943
0.33258289228919835
0.323408495930076
0.33080167610793454
0.3380789757971898
0.3756263679294547
0.38531920382257906
0.3865787971796876
0.5139593325598268
0.5651722571961675
0.6042697432230727
0.6159533446104751
0.5548644113849076
0.5829997088206877
0.5946833102080902
0.6043761461012145
0.6139531015057355
0.6070783608618792
0.6167711967550035
0.6263481521595246
0.6194734115156681
0.6267720220477978
0.633954752091324
0.6237924456119093
0.5967716908424628
0.603954420885989
0.5946854548811381
0.6307979096611922
0.6443795012329337
0.6515616477878531
0.6572001675439664
0.6631477767233581
0.666608376985471
0.6673614725996739
0.667135143463462
0.6646200023033945
0.6686069260728973
0.6782769896286639
0.6904943523442072
0.7032770939860815
0.7094017043468296
0.711789511746258
0.7111108598272297
0.7123768407603476
0.7101417430417252
0.7068844234523021
0.7017827390748983
0.6963462581963785
0.6896426519187522
0.683625939775495
0.6173205559138311
0.5971528297639481
0.5898088395689041
0.6025091908561961
0.6251893103089587
0.6314385026387297
0.6359583971761557
0.6387730276306828
0.5945929989507746
0.5484411746850436
0.5178040066463647
0.47163593534539855
0.44792489542577313
0.42440788896218445
0.40206185856273224
0.1830810873507344
0.33975983068813825
0.11617867659538962
0.38453560256308
0.403169800526362
0.21051230539677696
0.4120138754299895
0.42934497975057034
0.22526262770301994
0.3763497641546101
0.4216105468413403
0.22054070364443362
0.34671067058051813
0.3595818769606591
0.17588414975112135
0.25291005985249826
0.268526356061024
0.1640739467005431
0.24346081883121312
0.26144346997314455
0.15699106061266363
0.23873889477262683
0.25908250794385135
0.15699106061266363
0.23873889477262683
0.22370243769173753
0.24976113092799904
0.2514305497667568
0.2589151434678772
0.25541299856350685
0.2162178439906171
0.22370243769173753
0.23139433081447816
0.2162178439906171
0.22370243769173753
0.23139433081447816
0.2162178439906171
0.22370243769173753
0.23139433081447816
0.21752093763331834
0.22630862497713994
0.23813676617773355
0.2270965274317255
0.1467710707753458
0.1559930246905369
0.14234659865912647
0.1513612531526975
0.1644924879959923
0.15475534289268547
0.1993617754627519
0.3576328452808049
0.34622476865063306
0.33650763608091444
0.33372537008573266
0.3223172934555607
0.33617648463577265
0.3502429752376048
0.33506648841374376
0.3425510821148642
0.3502429752376048
0.35718715663748424
0.36072924020629105
0.3638722663128552
0.3714619124469123
0.3793362582719698
0.38620978436568015
0.393045592743714
0.39226903137965985
0.3910656098916124
0.39261339604911905
0.39360993920469656
0.3975933745426699
0.4305034656771967
0.32142264893501465
0.43735974309133546
0.08207986376847626
0.3917077414466531
0.34993683109642626
0.0746064001256636
0.39586626724844015
0.35871653002186965
0.07301275075589073
0.40700361167148624
0.36472110133742597
0.07083798993197452
0.4090198707101095
0.35835117339480127
0.06736013546535706
0.3869533503545647
0.3414644279364246
0.05866990642793482
0.36657378297888066
0.3335129203445876
0.0538889583186162
0.0647727344992311
0.0859143653552101
0.11675414555616262
0.13356676085369507
0.05426330823522413
0.17774396680357657
0.193004384448846
0.19815968247477256
0.17774396680357657
0.1384481213592483
0.14360341938517487
0.17774396680357657
0.1384481213592483
0.14360341938517487
0.17774396680357657
0.1384481213592483
0.14360341938517487
0.17774396680357657
0.1384481213592483
0.14360341938517487
0.17774396680357657
0.1384481213592483
0.14360341938517487
0.2000019412848404
0.17366082713538797
0.17881612516131457
0.19787143549550548
0.22370243769173753
0.24976113092799904
0.2514305497667568
0.2589151434678772
0.25541299856350685
0.2162178439906171
0.22370243769173753
0.23139433081447816
0.2162178439906171
0.22370243769173753
0.23139433081447816
0.2162178439906171
0.22370243769173753
0.23139433081447816
0.21752093763331834
0.22630862497713994
0.23813676617773355
0.2270965274317255
0.1467710707753458
0.1559930246905369
0.14234659865912647
0.1513612531526975
0.1644924879959923
0.15475534289268547
0.1993617754627519
0.3576328452808049
0.34622476865063306
0.33650763608091444
0.33372537008573266
0.3223172934555607
0.33617648463577265
0.3502429752376048
0.33506648841374376
0.3425510821148642
0.3502429752376048
0.35718715663748424
0.36072924020629105
0.3638722663128552
0.3714619124469123
0.3793362582719698
0.38620978436568015
0.393045592743714
0.39226903137965985
0.3910656098916124
0.39261339604911905
0.39360993920469656
0.3975933745426699
0.4305034656771967
0.32142264893501465
0.43735974309133546
0.08207986376847626
0.3917077414466531
0.34993683109642626
0.0746064001256636
0.39586626724844015
0.35871653002186965
0.07301275075589073
0.40700361167148624
0.36472110133742597
0.07083798993197452
0.4090198707101095
0.35835117339480127
0.06736013546535706
0.3869533503545647
0.3414644279364246
0.05866990642793482
0.36657378297888066
0.3335129203445876
0.0538889583186162
0.0647727344992311
0.0859143653552101
0.11675414555616262
0.13356676085369507
0.05426330823522413
0.17774396680357657
0.193004384448846
0.19815968247477256
0.17774396680357657
0.1384481213592483
0.14360341938517487
0.17774396680357657
0.1384481213592483
0.14360341938517487
0.17774396680357657
0.1384481213592483
0.14360341938517487
0.17774396680357657
0.1384481213592483
0.14360341938517487
0.17774396680357657
0.1384481213592483
0.14360341938517487
0.2000019412848404
0.17366082713538797
0.17881612516131457
0.19787143549550548
0.3619428266000004
0.3673223922628941
0.34965149319814254
0.3637748544359975
0.37098644793488844
0.35514757670613406
0.36927093794398896
0.37648253144287996
0.3606436602141256
0.37476702145198054
0.3819786149508714
0.5029661396965139
0.5193891566496348
0.4402025720691288
0.5864072026200161
0.6207441763678672
0.6481693823767545
0.5638483977445741
0.5988297567289536
0.6268993479743693
0.6319184744921397
0.6483414914452604
0.6578527406594172
0.6443135251459287
0.6607365420990494
0.6702477913132062
0.622566893133036
0.6355246616157041
0.642641685468866
0.6504886113411912
0.6759497419626485
0.6830667658158105
0.6671333249413273
0.6811621165334535
0.6882791403866155
0.6935855021151125
0.6972582405735568
0.6995928276047294
0.7003529695879149
0.6984798537508905
0.6927899915942237
0.6851813467859201
0.6883195774276953
0.6983767508876434
0.7136307165100655
0.7286857156177003
0.7397929608976868
0.7483653092079895
0.7563447744049642
0.7665630689535953
0.7745457529846129
0.7823634978708565
0.7856067639541154
0.760187030743214
0.7543741301522503
0.7565349480932224
0.7732493749379912
0.7982848659166296
0.7936461231462004
0.7871563543875839
0.7649496545762839
0.7420042012540845
0.7288395707650036
0.717496884625357
0.6686755227005639
0.6185430003314332
0.5719269354264069
0.5260884915103188
0.5077421519852696
0.4906573390229974
0.4601599537272249
0.3351650804602867
0.4180200072119052
0.23595645077436544
0.5139574808717394
0.5398055405434611
0.35407792843392705
0.5286937040128694
0.5307680139915298
0.34504040188199575
0.5203077242822888
0.5230335810822998
0.34031847782340946
0.4868845507480777
0.48309895124757385
0.29566192393009716
0.33404154404196607
0.3344010459085714
0.28385172087951893
0.34362659173855786
0.3625308655968315
0.3119815405677791
0.3432215356019807
0.3249571977913987
0.2767688347916395
0.3198703789620946
0.3616339302013573
0.3717767214268851
0.3520344958079284
0.3634659580373545
0.37544077709887946
0.35753057931591986
0.368962041545346
0.380936860606871
0.3630266628239114
0.37445812505333753
0.3864329441148624
0.46980079791288776
0.4835319158575797
0.4288679855025225
0.588790205229802
0.6204352799692242
0.6526237115407455
0.5662314003543598
0.5985208603303106
0.6313536771383603
0.6343014771019254
0.6480325950466175
0.6623070698234083
0.6466965277557145
0.6604276457004065
0.6747021204771972
0.652739844724204
0.6352157652170611
0.647096014632857
0.6290912472041685
0.6717741327789643
0.6875210949798015
0.6695163275511131
0.6808532201348104
0.6927334695506066
0.7052431253182777
0.7164387003008421
0.7272330250111484
0.7339227145603411
0.7369568071857969
0.7339327674869097
0.7281607695425603
0.7279799528438311
0.7330674242590889
0.7415824208431918
0.7504233753149512
0.7570238668652434
0.7610525937954806
0.7633352452963307
0.7680983527351742
0.772489696453951
0.7767817532502569
0.779187799439305
0.769651509178826
0.7490861726439721
0.753700016202135
0.7572920332863737
0.7929249566866181
0.7976341365711604
0.7987366103870953
0.8004337908469432
0.802477848183578
0.8057669799857061
0.8087702364936418
0.762881107140351
0.716970331908775
0.6705824871867379
0.6240024062456504
0.6017943298577126
0.5797145214948344
0.5541433101252089
0.42677222605508386
0.5042267689268345
0.3128691993235249
0.5678642665858226
0.6260123022583903
0.4309906769830864
0.5931308580998618
0.616974775706459
0.4219531504311552
0.5847448783692811
0.609240342797229
0.4172312263725688
0.5602347426535887
0.569305712962503
0.37257467247925663
0.3984786981289584
0.42060780762350064
0.36076446942867835
0.3890294571076732
0.427786294369081
0.3888942891169385
0.4195202388252266
0.43928835937409505
0.3536815833407989
0.38430753304908694
0.3885788252886771
0.39849267437721375
0.3783988743363144
0.3904108531246743
0.4021567300492081
0.3838949578443059
0.3959069366326658
0.4076528135571996
0.3893910413522974
0.40140302014065743
0.4131488970651911
0.5317135208346859
0.5460251553383116
0.44744850956461474
0.6151545837581879
0.6473801750565441
0.6793396644910741
0.5925957788827458
0.6254657554176304
0.658069630088689
0.6606658556303114
0.6749774901339372
0.6890230227737368
0.6730609062841005
0.6873725407877261
0.7014180734275259
0.6854559569378895
0.6693912627712469
0.6738119675831857
0.6554556257325546
0.68525295823115
0.7142370479301302
0.6958807060794991
0.7077981152221302
0.7194494225009351
0.7317958962437946
0.7437511220634755
0.7551465600848569
0.7617668258010115
0.7648556273615185
0.7622141439351112
0.7574084856069068
0.7583300934191161
0.7649469646171297
0.7728841556906978
0.7805701992124549
0.7863315598402923
0.7877528901768229
0.7907189974313598
0.7951822147373411
0.799406695738572
0.803865418140445
0.8054153994089741
0.8007604657041285
0.7733332105763541
0.7771722371849543
0.7829580300753111
0.8149035238736405
0.8289700251490195
0.8341869994176725
0.8365079640950774
0.8392056954048603
0.8431879124965715
0.8468906077473923
0.804583614221768
0.7587667959698562
0.7086144599766864
0.656270783774999
0.6308456689566692
0.6049365125291047
0.5767760979804073
0.43949744795762496
0.5268595567820329
0.32280735541722744
0.5719379477751243
0.6477689750020583
0.44092883307678904
0.5994162206420339
0.6396075635616575
0.43189130652485774
0.5910302409114534
0.6318731306524275
0.42716938246627145
0.5690312117267567
0.5919385008177014
0.38251282857295915
0.40476406067113063
0.4432405954786991
0.37070262552238087
0.39531481964984544
0.43915308836076683
0.3988324452106411
0.4258056013673988
0.4690094531376661
0.36779866103059006
0.39059289559125915
0.3528466327093575
0.3617414814259829
0.34423431303369534
0.3546786605453547
0.36540553709797724
0.3497303965416868
0.3601747440533462
0.37090162060596876
0.3552264800496783
0.3656708275613378
0.3763977041139602
0.4975489595320667
0.510292962758992
0.4084022678853222
0.580990022455569
0.6116479824772245
0.6425884715398432
0.5584312175801267
0.5897335628383108
0.621318437137458
0.6265012943276923
0.6392452975546176
0.652271829822506
0.6388963449814815
0.6516403482084066
0.664666880476295
0.6512913956352705
0.6363738481699586
0.6370607746319549
0.6212910644299355
0.6467508979751561
0.6774858549788993
0.6617161447768801
0.6720659226428106
0.6826982295497043
0.6933282794655493
0.7021349239672985
0.711922409115991
0.7192417063147949
0.724018173052574
0.7220723281558904
0.7176059985886805
0.7175311314301542
0.7222087424978455
0.7286384192863204
0.7351908634204448
0.7395756089599839
0.7417353983779873
0.7430595275653546
0.7468716477309211
0.748212326817464
0.7487667076486343
0.7513119412811217
0.7456793005654969
0.7215278651695143
0.7274554790446056
0.7350026957533988
0.7703726657974719
0.7838778675017455
0.7893766152157681
0.7921921861153683
0.7944108910561823
0.7976679440085374
0.7992176664512569
0.7525872360810689
0.7047947526417677
0.6562112411351975
0.6086102737270804
0.5885437929521519
0.5685846732972353
0.5470032150898134
0.4258790582503776
0.49708667389143896
0.3110942443800002
0.5655526624595185
0.6188722072229949
0.4292157220395618
0.5919000567551824
0.6098346806710636
0.4201781954876305
0.5835140770246017
0.6021002477618336
0.41545627142904423
0.559574045373819
0.5621656179271075
0.37079971753573193
0.39724789678427896
0.41346771258810516
0.35898951448515365
0.3877986557629938
0.4179952560480901
0.3871193341734139
0.41828943748054714
0.43479955662613406
0.3519066283972742
0.3830767317044075
0.32714372223409804
0.3298985957113286
0.32256564791580206
0.3289757500700953
0.33356265138332303
0.3280617314237935
0.33447183357808674
0.33905873489131455
0.33355781493178505
0.3399679170860783
0.344554818399306
0.4758802944141735
0.48459005228373253
0.37830875568713535
0.5593213573376755
0.5859450720019651
0.610745585825189
0.5367625524622336
0.5640306523630514
0.589475551422804
0.6048326292097992
0.6135423870793582
0.6204289441078518
0.6172276798635882
0.6259374377331471
0.6328239947616408
0.6296227305173772
0.605984780967234
0.6052178889173006
0.5996223993120423
0.6255622853511
0.645642969264245
0.6400474796589868
0.6463630121675512
0.6508553438350501
0.6546252941411591
0.6593285155576308
0.6642473815367591
0.6733073685031593
0.6821281721332815
0.6880716470079652
0.6914427704664758
0.6963779602748557
0.7056118544148438
0.7163053109276978
0.7261177405539856
0.7305464091463192
0.7304367383966123
0.7289487562733321
0.7299462497567448
0.7319718973136344
0.7361924025673486
0.7397031513642461
0.7305588197680305
0.7127711090307188
0.7176854963187093
0.7228713251688171
0.7625922804891541
0.7684184646494263
0.7727194815376375
0.7713508013935885
0.7701114458722775
0.7683717054476038
0.7655312954244033
0.7197601541941794
0.673056991136239
0.6292565867639512
0.586310592253566
0.5700493380373965
0.5543380714666079
0.5318952210385373
0.4002264524284719
0.48430311554200156
0.2938149579906252
0.5640705094963682
0.6060886488735574
0.41193643565018667
0.5849466208475576
0.5970511223216262
0.4028989090982555
0.5765606411169768
0.5893166894123962
0.3981769850396691
0.5477346160337364
0.5493820595776702
0.35352043114635684
0.39029446087665404
0.4006841542386677
0.3417102280957786
0.380845219855369
0.42696876824430213
0.3698400477840388
0.4113360015729223
0.4002595928661872
0.3346273420078992
0.37612329579678266
0.2918260787417817
0.2956319830773209
0.28702733275138076
0.2918260787417817
0.2956319830773209
0.28702733275138076
0.2918260787417817
0.2956319830773209
0.28702733275138076
0.2918260787417817
0.2956319830773209
0.28702733275138076
0.2918260787417817
0.2956319830773209
0.28833042639408196
0.29443226602718403
0.31030239627072126
0.24377861081867802
0.25010741760152944
0.2546895038465156
0.312134483285609
0.31846329006846047
0.228730140258835
0.32454322751916787
0.33832275827406283
0.386657791767508
0.38182155163525705
0.39038870781934704
0.3979630223485754
0.3931267822163243
0.4043001256858167
0.4144806275004475
0.40587597717450735
0.4106747231649083
0.4144806275004475
0.4179227023247153
0.4165318927223857
0.4148934838182709
0.4133427253370726
0.42867634837972934
0.44187185001571416
0.4376279424936965
0.4174994037944128
0.3833149955448803
0.37041392178216864
0.3404786527223373
0.3325381271314975
0.32850019447903545
0.12277355872147656
0.2832960470724494
0.1441170315265356
0.3858443653514557
0.32348423425194867
0.1609941747782656
0.41657793259041703
0.35509823584186556
0.1602378323030335
0.39954351835803986
0.3430185708451564
0.1531367474451359
0.38293065887717254
0.3398202564186628
0.1740779993911775
0.4046038458899423
0.3604267703191798
0.1469769356624789
0.3475073184647739
0.28652514854778455
0.0538889583186162
0.05229530894884333
0.05070165957907045
0.04910801020929756
0.04910801020929756
0.04910801020929756
0.1384481213592483
0.1384481213592483
0.1384481213592483
0.1384481213592483
0.1384481213592483
0.1384481213592483
0.1384481213592483
0.1384481213592483
0.1384481213592483
0.1384481213592483
0.14048550661024756
0.17366082713538797
0.17366082713538797
0.17366082713538797
0.14358508610576023
0.1384481213592483
0.1384481213592483
0.1384481213592483
0.1384481213592483
0.1384481213592483
0.1384481213592483
0.1384481213592483
0.2918260787417817
0.2956319830773209
0.28702733275138076
0.2918260787417817
0.2956319830773209
0.28702733275138076
0.2918260787417817
0.2956319830773209
0.28702733275138076
0.2918260787417817
0.2956319830773209
0.28702733275138076
0.2918260787417817
0.2956319830773209
0.28833042639408196
0.29443226602718403
0.31030239627072126
0.24377861081867802
0.25010741760152944
0.2546895038465156
0.312134483285609
0.31846329006846047
0.228730140258835
0.32454322751916787
0.33832275827406283
0.386657791767508
0.38182155163525705
0.39038870781934704
0.3979630223485754
0.3931267822163243
0.4043001256858167
0.4144806275004475
0.40587597717450735
0.4106747231649083
0.4144806275004475
0.4179227023247153
0.4165318927223857
0.4148934838182709
0.4133427253370726
0.42867634837972934
0.44187185001571416
0.4376279424936965
0.4174994037944128
0.3833149955448803
0.37041392178216864
0.3404786527223373
0.3325381271314975
0.32850019447903545
0.12277355872147656
0.2832960470724494
0.1441170315265356
0.3858443653514557
0.32348423425194867
0.1609941747782656
0.41657793259041703
0.35509823584186556
0.1602378323030335
0.39954351835803986
0.3430185708451564
0.1531367474451359
0.38293065887717254
0.3398202564186628
0.1740779993911775
0.4046038458899423
0.3604267703191798
0.1469769356624789
0.3475073184647739
0.28652514854778455
0.0538889583186162
0.05229530894884333
0.05070165957907045
0.04910801020929756
0.04910801020929756
0.04910801020929756
0.1384481213592483
0.1384481213592483
0.1384481213592483
0.1384481213592483
0.1384481213592483
0.1384481213592483
0.1384481213592483
0.1384481213592483
0.1384481213592483
0.1384481213592483
0.14048550661024756
0.17366082713538797
0.17366082713538797
0.17366082713538797
0.14358508610576023
0.1384481213592483
0.1384481213592483
0.1384481213592483
0.1384481213592483
0.1384481213592483
0.1384481213592483
0.1384481213592483
0.35457737397988004
0.3587275777525179
0.35085855856491693
0.3564094018158772
0.36239163342451225
0.3563546420729084
0.3776032385565407
0.40310042270864344
0.39706343135703953
0.3940894490805165
0.3733838004404952
0.5041732050632883
0.5120237040295146
0.4036982007931273
0.5524015622106507
0.5781660179716073
0.6316103539336023
0.5650554631113484
0.5914643041088333
0.6183045334639932
0.633125539858914
0.6409760388251401
0.649257926149041
0.645520590512703
0.6533710894789291
0.6616529768028301
0.657915641166492
0.6633719147717234
0.6692595767346295
0.6631280157372968
0.6664854575179632
0.6392592455292946
0.633127684531962
0.6385839581371935
0.6743517548616257
0.6857696807166858
0.6919278105654043
0.6981819772015254
0.6969405390186089
0.6915601209565903
0.6809403895859453
0.6675057177367542
0.6652596158883725
0.6698707190763684
0.676011748454429
0.6827285106852832
0.6877210951868895
0.6891730882335506
0.693297398697087
0.6996015843510037
0.7028639171138865
0.7055035066098907
0.7063298216935397
0.7067225954056323
0.7058238262545742
0.7011785283984984
0.6686442699637078
0.6661800794488423
0.6667112607202915
0.6954743472474225
0.7058198154107959
0.7085523304654651
0.7079189183994105
0.7053970051384028
0.6536135845569656
0.5997657652508707
0.5487748631680744
0.4982965117811473
0.4790065254056489
0.4605795181826364
0.4401378883510944
0.2796290872787107
0.39866252712858663
0.18734319111405975
0.48540069350174275
0.4767941747081363
0.29682179819542237
0.5128789663686524
0.5029693539323447
0.2964271422216901
0.4689446422446595
0.45968657662970247
0.2917052181631038
0.4665836802153664
0.4375416238681722
0.2470486642697915
0.3182268063977489
0.30660238584938615
0.2352384612192132
0.3087775653764638
0.2995194997615067
0.22815557513133375
0.30405564131787755
0.29715853773221357
0.22815557513133375
0.3166404550924816
0.3400489703593965
0.3447646801899745
0.3294584631646829
0.30666829241925403
0.3132160300858292
0.3051533809054177
0.3121643759272455
0.31871211359382073
0.31064946441340924
0.31766045943523713
0.3242081971018122
0.3628673364127879
0.3721779871498816
0.35452259745444425
0.5050118953327044
0.5636376143511238
0.5903989645276952
0.5138542019438577
0.5417231947122102
0.5691289301253102
0.5819242786914234
0.591234929428517
0.600082322810358
0.5943193293452124
0.603629980082306
0.612477373464147
0.6067143799990014
0.6136308053751003
0.6082219619287901
0.5767140487936664
0.5836304741697653
0.5923186015686942
0.617139129140611
0.62405555451671
0.6305087225375563
0.6367009022359388
0.6411417628675645
0.6453630497821798
0.6462961901346109
0.6441952802030908
0.6392850219375011
0.6320944630079646
0.6336108881872725
0.6416104508884031
0.6527708079861737
0.6644077844865331
0.6708315833713228
0.6741222721465581
0.6735988757050454
0.6741805835016642
0.6761090053455502
0.6794460411643619
0.6889994777381643
0.6994316649118685
0.6873880761475089
0.691942894243549
0.703946871805876
0.7264870430291848
0.7563899713243425
0.7602476049437191
0.7635506132588681
0.7665533019327592
0.7645139181315145
0.7602221928588733
0.7054762655747514
0.6494652048393634
0.5959017281309554
0.5432027623576936
0.5150576943827282
0.486968708449929
0.4603491452826603
0.25674395807050826
0.41043260408428583
0.19109426577371738
0.4893251074302609
0.5266924763386546
0.309215743433279
0.5168033802971705
0.5231806108639104
0.30017821688134777
0.5084174005665899
0.5154461779546805
0.2954562928227614
0.4806553865120559
0.4755115481199545
0.2507997389294491
0.32215122032626714
0.32681364278095204
0.2389895358788709
0.312701979304982
0.31973075669307255
0.25587003934305286
0.3431927610225353
0.35258250043991907
0.250328773613248
0.3079800552463957
0.33355172466403554
0.3436246845139578
0.32718864802861364
0.33538375250003266
0.3472887401859521
0.33268473153660516
0.3408798360080242
0.35278482369394365
0.3381808150445966
0.34637591951601576
0.35828090720193506
0.44495495013357306
0.45544971032025794
0.38859530755456717
0.5627401657677531
0.5923530744319025
0.6244716746278182
0.5413855525750451
0.5704386547929887
0.603201640225433
0.6094556293226107
0.6199503895092956
0.6341550329104809
0.6218506799763998
0.6323454401630846
0.6465500835642699
0.6342457306301887
0.6131716959090657
0.6189439777199297
0.6042453994248538
0.6307065589778807
0.6593690580668742
0.6446704797717984
0.6527710145974887
0.6645814326376792
0.6771327836191616
0.6906185760382879
0.7047727604524151
0.7101115471747307
0.7111355657932339
0.7081712435649504
0.7026604503870665
0.7009783403433725
0.7044183196635394
0.7073334214244845
0.7112845619704957
0.7136980537311473
0.7137335332073281
0.7128956806346326
0.7136244108064668
0.7176771463184117
0.7239183067971225
0.7342924358372064
0.715753335112777
0.7177679386112649
0.7272576121921963
0.7487772053342233
0.7779978839271476
0.7806313155846529
0.7816065874881147
0.7819612366029316
0.782201571187864
0.78527830575783
0.7881792786491078
0.7449538534486106
0.7007487625639726
0.6535684614454569
0.605446028419394
0.5830956277332909
0.5610396037052932
0.5245685855945358
0.39696647504645083
0.49253629400286963
0.2943852880626874
0.5909650412826287
0.6143218273344255
0.4125067657222489
0.5954450067660898
0.6052843007824943
0.40346923917031774
0.5870590270355092
0.5975498678732643
0.3920359405093445
0.5494853592300764
0.5576152380385383
0.3540907612184191
0.4007928467951864
0.4089173326995358
0.3748538355072756
0.4265563115500409
0.437047152387796
0.345009136938556
0.38662168171531497
0.39947348458236326
0.3351976720799614
0.38662168171531497
0.36579377227383714
0.37160263647753267
0.35874808191600377
0.3676258001098343
0.37526669214952696
0.36424416542399524
0.3731218836178258
0.3807627756575186
0.3697402489319868
0.3786179671258174
0.38625885916551006
0.4765143840209632
0.5054659301267656
0.4741495052398415
0.5955037913378775
0.6245951220417041
0.6524496265913929
0.5729449864624352
0.6026807024027904
0.6311795921890079
0.6410150632100008
0.6521924371190972
0.6621329848740557
0.6534101138637899
0.6645874877728862
0.6728398222347506
0.6305924587414392
0.6393756072895409
0.6469219296835046
0.6613388609814732
0.6798006876364853
0.6873470100304491
0.6762299136591885
0.6850130622072903
0.692559384601254
0.7000521457962087
0.7081379168366492
0.716489735045297
0.7229381068919868
0.7270549130192596
0.7268160462805849
0.724214882721203
0.7251141385849588
0.7309668932075389
0.7385512269702854
0.746369499227121
0.7528941918411123
0.7556647384325709
0.7637911113517581
0.7742284982794271
0.7816748871242698
0.7898002953727077
0.7649105785649636
0.7603894988230903
0.7638463787390648
0.7793503338551314
0.8094526212754923
0.814924865160566
0.8198743945615188
0.8244600732599084
0.8272220817847312
0.8305003483587239
0.833780244380429
0.8363475457623804
0.7913687619130327
0.7454817378299926
0.696239338055769
0.6459079879792216
0.6191439833080123
0.5866834573240445
0.5353677438145782
0.43357380554869435
0.5206639083923434
0.33484371740845953
0.6115228611257757
0.6424494417238993
0.439731022173394
0.6037884282165457
0.6334119151719679
0.43069349562146275
0.5954024484859651
0.625677482262738
0.3967762422125709
0.5578287806805322
0.585742852428012
0.3813150176695641
0.42426327008891157
0.4722576528651493
0.40471752039512554
0.4348633668177433
0.4299620610011301
0.36242192853110644
0.3949651031657709
0.427601098971837
0.36242192853110644
0.3949651031657709
0.3822098127688532
0.3912255784526342
0.37408781631379207
0.38404184060485036
0.3948896341246286
0.37958389982178353
0.3895379241128418
0.40038571763262015
0.3850799833297751
0.39503400762083346
0.4058818011406116
0.5274024628121635
0.5396561428184877
0.467567856102531
0.6108435257356656
0.6410111625367202
0.6720725685664946
0.5882847208602235
0.6190967428978065
0.6508025341641094
0.656354797607789
0.6686084776141132
0.6817559268491573
0.6687498482615782
0.6810035282679022
0.6737112234398631
0.6459321931392276
0.6557916477845569
0.6754545548841817
0.6863572734861719
0.6962167281315014
0.7069699520055506
0.6915696480569768
0.7014291027023064
0.7121823265763556
0.7223658138173847
0.7331426461068361
0.7451366668407141
0.7548012118671567
0.7620302353733243
0.7635237943304282
0.7623358504972298
0.7658891343061366
0.7751656769774452
0.7830902325540952
0.7905390978069511
0.7937730878862385
0.7937522092384526
0.7983603111891296
0.806101168762077
0.8147172125359036
0.8150689599592235
0.7932215199447427
0.7964224731091268
0.8018074355996174
0.8366274544740129
0.8505639324476901
0.856479831289475
0.8613105380867208
0.8655814200437917
0.868323695216481
0.8711015639416572
0.8738214335038823
0.8758714126608264
0.8320693513073092
0.7861946674519711
0.7381781165261402
0.6891870574862496
0.6435241849999083
0.5397973008257473
0.475852932659942
0.34694667272917384
0.4611490972377072
0.2745805683463289
0.5499014285520887
0.582934630569263
0.36585952070281424
0.5421669956428585
0.573897104017332
0.356821994150883
0.5337810159122779
0.5599048769384256
0.31688736431615705
0.496207348106845
0.5262280412733759
0.3074435161989844
0.375915026871382
0.412742841710513
0.33084601892454574
0.36696001251744664
0.3704472498464939
0.28855042706052664
0.33334367059208375
0.36808628781720076
0.28855042706052664
0.33334367059208375
0.30144904431766384
0.3155286181990166
0.288895680648855
0.30144904431766384
0.3155286181990166
0.288895680648855
0.30144904431766384
0.3155286181990166
0.288895680648855
0.30144904431766384
0.3155286181990166
0.288895680648855
0.30144904431766384
0.33879455887633314
0.3254114800676959
0.33926793737920585
0.3413905915831571
0.21043425294001264
0.22451767740127204
0.24012731207507534
0.25944656809348565
0.273529992554745
0.24862677538053074
0.27185531232704463
0.29338946076034733
0.40655442688920373
0.3836898995327313
0.4000116733952292
0.41785965747027115
0.3949951301137986
0.41392309126169896
0.4343772626221432
0.4077443250719816
0.4202976887407905
0.4343772626221432
0.45066500702916706
0.49378959320792765
0.5071474474752238
0.5172400869829671
0.5008959863243106
0.4944850972595931
0.49685542335981
0.49136282083261457
0.4855899172709707
0.47579916416213996
0.46655233858275047
0.46104454280106655
0.4547926733057442
0.3651145799436542
0.45218563829409597
0.0776166267130124
0.4654437202491595
0.4103060482460038
0.0746064001256636
0.4602984610928254
0.41267833660405573
0.07301275075589073
0.47237214757440593
0.4266128586484898
0.10605069570811418
0.4940348794179835
0.38409262742853956
0.06736013546535706
0.3594032505621827
0.34330454993285514
0.05866990642793482
0.40828514654367876
0.3882499208840146
0.0538889583186162
0.0910502605076298
0.15062515699400988
0.12539253157574135
0.19345364040035823
0.13552666188921772
0.26675945716144017
0.282793751550309
0.22486677303916847
0.24454839077337953
0.282793751550309
0.22486677303916847
0.2223373243853189
0.20118430207197174
0.20552321572571047
0.25755003016145855
0.20883192491491154
0.1703105099495708
0.2223373243853189
0.18381535568459006
0.1703105099495708
0.2223373243853189
0.18381535568459006
0.1703105099495708
0.2223373243853189
0.18381535568459006
0.1703105099495708
0.2223373243853189
0.30144904431766384
0.3155286181990166
0.288895680648855
0.30144904431766384
0.3155286181990166
0.288895680648855
0.30144904431766384
0.3155286181990166
0.288895680648855
0.30144904431766384
0.3155286181990166
0.288895680648855
0.30144904431766384
0.33879455887633314
0.3254114800676959
0.33926793737920585
0.3413905915831571
0.21043425294001264
0.22451767740127204
0.24012731207507534
0.25944656809348565
0.273529992554745
0.24862677538053074
0.27185531232704463
0.29338946076034733
0.40655442688920373
0.3836898995327313
0.4000116733952292
0.41785965747027115
0.3949951301137986
0.41392309126169896
0.4343772626221432
0.4077443250719816
0.4202976887407905
0.4343772626221432
0.45066500702916706
0.49378959320792765
0.5071474474752238
0.5172400869829671
0.5008959863243106
0.4944850972595931
0.49685542335981
0.49136282083261457
0.4855899172709707
0.47579916416213996
0.46655233858275047
0.46104454280106655
0.4547926733057442
0.3651145799436542
0.45218563829409597
0.0776166267130124
0.4654437202491595
0.4103060482460038
0.0746064001256636
0.4602984610928254
0.41267833660405573
0.07301275075589073
0.47237214757440593
0.4266128586484898
0.10605069570811418
0.4940348794179835
0.38409262742853956
0.06736013546535706
0.3594032505621827
0.34330454993285514
0.05866990642793482
0.40828514654367876
0.3882499208840146
0.0538889583186162
0.0910502605076298
0.15062515699400988
0.12539253157574135
0.19345364040035823
0.13552666188921772
0.26675945716144017
0.282793751550309
0.22486677303916847
0.24454839077337953
0.282793751550309
0.22486677303916847
0.2223373243853189
0.20118430207197174
0.20552321572571047
0.25755003016145855
0.20883192491491154
0.1703105099495708
0.2223373243853189
0.18381535568459006
0.1703105099495708
0.2223373243853189
0.18381535568459006
0.1703105099495708
0.2223373243853189
0.18381535568459006
0.1703105099495708
0.2223373243853189
0.43873254298156994
0.48721959888400695
0.4246780808182886
0.44430953383640287
0.5260963603321409
0.46538687010241975
0.40286370853835096
0.44182347497439517
0.43567024783427166
0.39700047474395256
0.4028974257062653
0.5335705945405388
0.5416226099416068
0.43321182605889735
0.5817989516879011
0.622937907838879
0.6690881931321482
0.5944528525885988
0.6210632100209255
0.6478181587297631
0.6625229293361644
0.6705749447372323
0.678771551414811
0.6749179799899534
0.6829699953910213
0.6911666020686001
0.6873130306437425
0.6929708206838157
0.6987732020003997
0.6738633714149156
0.6629704894784807
0.6687728707950648
0.6716865442784921
0.7033955698254254
0.7091979511420093
0.7166014933115029
0.7204629851824954
0.724211183021198
0.7247786045452692
0.7226342968423166
0.7176106510966291
0.7103977338528766
0.708610771211812
0.7118481637360282
0.7165585798255116
0.7215289445030638
0.7238123554784122
0.7239019858775692
0.7269171692914024
0.732584517067149
0.7390365277995753
0.7463067012286804
0.7506961685643793
0.7544517219319261
0.7344565768279357
0.729530588011061
0.7353325878834692
0.7507305503859049
0.7806164356845108
0.7852004979858535
0.7908855123864954
0.7966358743663432
0.8021579234485319
0.8068098418076641
0.7632094136017211
0.7184947534348771
0.6731051420100173
0.6274129271440138
0.6060008127106644
0.5844437681327075
0.5609080846231224
0.44410052595352156
0.510991543424748
0.3271511537637264
0.580817028888028
0.6327770767563038
0.44527263142328805
0.6076905833492922
0.6237395502043724
0.43623510487135675
0.5993046036187116
0.6160051172951425
0.43151318081277046
0.5738251864264377
0.5760704874604164
0.38685662691945816
0.41303842337838886
0.42737258212141416
0.3750464238688799
0.40358918235710367
0.4381835875727994
0.4031762435571401
0.43407996407465704
0.44242033085165416
0.36796353778100044
0.39886725829851744
0.33163343555837693
0.34075263417890655
0.3217400695494531
0.33346546339437405
0.3444166898509009
0.3272361530574446
0.33896154690236563
0.3499127733588924
0.33273223656543616
0.3444576304103572
0.3554088568668839
0.4750547160478245
0.4890797656080114
0.3904057458810502
0.5584957789713266
0.590434785326244
0.6215996242927669
0.5359369740958846
0.5685203656873301
0.6003295898903818
0.6040070508434501
0.618032100403637
0.6312829825754297
0.6164021014972393
0.630427151057426
0.6436780332292187
0.6160345034107472
0.6052152705740806
0.6160719273848785
0.5998580107034924
0.645640350921025
0.656497007731823
0.6392219012926379
0.65085272549183
0.661709382302628
0.6729984605095723
0.6792401734212559
0.6852669451114364
0.6878226790422136
0.6868140499814408
0.6843091120191505
0.6795282634384582
0.6792833304327142
0.6828053169950535
0.6876314955994347
0.6934622468186965
0.6972823889612098
0.7006949767928898
0.698645652841503
0.7005835324351831
0.7019854876036725
0.7019126852186339
0.6802487602787737
0.673808564893876
0.6772702844813023
0.6919311034194334
0.7252350357581293
0.7318121367345127
0.7384694880080923
0.744682768667031
0.7499636356169282
0.7548567733891874
0.7589360289920059
0.7616138036982346
0.7179521353409811
0.6732749831863838
0.6284899947934758
0.5837092264126905
0.5637356256421686
0.5328753683391116
0.4878806118603703
0.4093779910986372
0.47317677643813555
0.31468325950662135
0.5866417680385121
0.5949623097696913
0.41553520772333696
0.5789073351292822
0.5859247832177602
0.40649768117140567
0.5705213553987014
0.5781903503085302
0.3679897219447833
0.5329476875932686
0.5382557204738042
0.3571192032195071
0.40420211078641644
0.4247705209109413
0.3805217059450684
0.40769244279508016
0.38247492904692226
0.33822611408104936
0.3700840100785073
0.3801139670176292
0.33822611408104936
0.3700840100785073
0.3523844470355562
0.3626826792744854
0.34338363538739924
0.35421647487155333
0.36634673494647974
0.34887971889539077
0.3597125583795449
0.3718428184544713
0.35437580240338223
0.3652086418875365
0.3773389019624628
0.49669828188577064
0.5098307770851908
0.4395057605421842
0.5801393448092729
0.6111857968034232
0.6435296693883458
0.5575805399338307
0.5892713771645094
0.6222596349859606
0.6256506166813963
0.6387831118808163
0.6532130276710085
0.6380456673351854
0.6511781625346053
0.6382225747617857
0.6152280122128347
0.6259662820512599
0.6533516596293933
0.6556530925597792
0.6663913623982044
0.6784270528274018
0.660865467130584
0.6716037369690093
0.6836394273982068
0.6984045533753117
0.7086835352995535
0.7192697107079695
0.726930074303478
0.731996674602736
0.7297844011293452
0.7246841673683766
0.724609688399057
0.7292742739898247
0.7374078706904281
0.7460224940948558
0.7502506946379496
0.7519620017504639
0.7509716432362329
0.753153319987737
0.7565142044157659
0.7298526819400085
0.7261929995580626
0.7288910278812758
0.745315207955121
0.7697727463005304
0.7721856500335548
0.7743824119694951
0.7762113750612091
0.7778319153348232
0.7845102090259273
0.7912354450007066
0.7994758198201436
0.8078743738632518
0.7650615099685767
0.7215737368592441
0.6758295274531433
0.6293447370932709
0.6010472179576463
0.5483881986060959
0.522373759872848
0.4345528954481378
0.5204217130715848
0.35543918623590803
0.6070161012332549
0.629455457782169
0.4383479581193299
0.5992816683240249
0.6204179312302377
0.4293104315673987
0.5908956885934442
0.5868958044491631
0.3893758017326728
0.5533220207880115
0.5727488684862817
0.39413378536346316
0.43984221412926117
0.4592636689234191
0.40333445634106146
0.41429351428774147
0.41696807705939987
0.3610388644770424
0.3904583432732501
0.4146071150301068
0.3610388644770424
0.3904583432732501
0.318702812043361
0.32827340841897107
0.3094756434623211
0.3205348398793582
0.3319374640909654
0.3149717269703126
0.3260309233873497
0.337433547598957
0.3204678104783041
0.3315270068953412
0.34292963110694846
0.46279028996069255
0.4761491420929954
0.4079998504218895
0.5462313528841946
0.577504161811228
0.6091203985328314
0.5236725480087526
0.5555897421723143
0.5878503641304463
0.5917426247563182
0.605101476888621
0.6188037568154942
0.6041376754101072
0.6174965275424101
0.5971353137818021
0.5813200202877565
0.5922846470590647
0.6255246386571374
0.621745100634701
0.6327097274060092
0.6440177819718874
0.6269574752055058
0.6379221019768142
0.6492301565426924
0.6611385300525564
0.6696710190093503
0.6783065650161464
0.68375483766196
0.685968301786627
0.6837190873399951
0.6788362271510574
0.679194757473247
0.6844708302474345
0.6946417983052684
0.7048760351679821
0.7130087757099807
0.7188730526447704
0.7208623370029644
0.7246095446548304
0.7257815355041177
0.6985478590896899
0.7027744017213923
0.7063016596504016
0.7325998304504813
0.7517363611320277
0.7613983485744577
0.7699657879828572
0.778129268702085
0.7860175580836612
0.7877471629178788
0.789022496084608
0.7885059921165267
0.7872721040722213
0.7443623846243318
0.7005264116544302
0.655991271345863
0.6111537901135278
0.5760112224030394
0.5320139334012385
0.5087552818896108
0.4140983976562832
0.5140433775647534
0.3399204809747335
0.5961003777575874
0.615836979798932
0.42282925285815537
0.5883659448483574
0.6067994532470006
0.41379172630622413
0.5799799651177768
0.5668530458194159
0.3738570964714982
0.542406297312344
0.5591303905030448
0.38551528083725245
0.42892649065359373
0.44564519094018196
0.3878157510798869
0.4001954076230445
0.4033495990761628
0.3455201592158678
0.37954261979758264
0.40098863704686966
0.3455201592158678
0.37954261979758264
0.3903926105792317
0.3997728888462088
0.38149500086657456
0.39222463841522887
0.4034369445182031
0.38699108437456603
0.3977207219232204
0.40893302802619474
0.3924871678825575
0.403216805431212
0.4144291115341862
0.534809647364946
0.5488541803150913
0.4799562176629578
0.618250710288448
0.6491939603470986
0.6806198789600691
0.595691905413006
0.6272795407081849
0.659349844557684
0.6637619821605716
0.6767912754244918
0.6903032372427319
0.6761570328143607
0.6836826605046895
0.6674855821203812
0.65333937769201
0.6639744455949355
0.7035775557672761
0.6937644580389545
0.7043995259418798
0.7155172623991252
0.6989768326097593
0.7096119005126849
0.7207296369699302
0.7333278692307134
0.7428374929493958
0.7530656899606979
0.7596394531139471
0.7630719342834471
0.7608629757569789
0.7552790662744708
0.7550184364590286
0.7596813500476448
0.7670232172963689
0.7750375298216953
0.7804789715946107
0.7838716919032067
0.787999371502029
0.7940734680956562
0.7884756838071632
0.7706442398336623
0.7728963270986102
0.7734424026213239
0.803465006479252
0.8114554267479085
0.8169331003027105
0.8221986278744948
0.8266711810603837
0.8307368797513861
0.832972956352836
0.8346919798321097
0.8359505595011242
0.8360637764584037
0.7905409778799691
0.743495683450853
0.6958924387301976
0.6479981305664053
0.6060656186240948
0.568140389125962
0.5427217076568408
0.44972325559028054
0.5552456101944846
0.3706095463780507
0.620118107285552
0.6498034055661619
0.4535183182614727
0.612383674376322
0.6407658790142307
0.4444807917095414
0.6004389948621109
0.597818740328861
0.40454616187481546
0.5664240268403085
0.5930968162702747
0.4233296102299088
0.4529442201815583
0.47961161670741187
0.41850481648320415
0.44314801413968313
0.509016289164313
0.43076548770878276
0.40356034932554724
0.47937719559022085
0.4206313573953064
0.40356034932554724
0.36472492398921097
0.3758386878217036
0.35513521045864543
0.36472492398921097
0.3758386878217036
0.35513521045864543
0.36472492398921097
0.3758386878217036
0.35513521045864543
0.36472492398921097
0.3758386878217036
0.35513521045864543
0.36901755081489557
0.41105139359784326
0.39165100987748624
0.402543817050753
0.38546275482719583
0.27667378274980303
0.2877935570728192
0.3004373816977624
0.41579070538628576
0.4269104797093019
0.3089368450032177
0.4281994496198447
0.4467699479149042
0.46686449651189077
0.4499294293425217
0.4632875530667764
0.47816972709295813
0.46123465992358903
0.4771989709332461
0.49468733224483025
0.4739838548817721
0.48357356841233756
0.49468733224483025
0.5208193931007211
0.5480051029306077
0.5547486961371176
0.5575028380529898
0.5383281570751759
0.5425344598961059
0.5451962739731652
0.5411000607856282
0.5359114863568358
0.5344950078354215
0.5318580108203089
0.531048716849973
0.5300582191115544
0.44378550204132455
0.5156613505094615
0.0776166267130124
0.5038371548802384
0.4626248439725946
0.0746064001256636
0.5088959700101087
0.4651471924681409
0.07301275075589073
0.4891099696604091
0.4683577574723412
0.10605069570811416
0.49045761444679314
0.4422914504797004
0.06736013546535706
0.42056202910080753
0.34525966450372136
0.05866990642793482
0.3502028231463702
0.31576953473217445
0.0538889583186162
0.05229530894884333
0.05070165957907045
0.04910801020929756
0.04910801020929756
0.04910801020929756
0.04910801020929756
0.1384481213592483
0.1384481213592483
0.1384481213592483
0.1828702541353696
0.1828702541353696
0.1384481213592483
0.17205965014602784
0.17366082713538797
0.17366082713538797
0.14722343242181235
0.1384481213592483
0.1384481213592483
0.1384481213592483
0.1384481213592483
0.1384481213592483
0.1384481213592483
0.1384481213592483
0.1384481213592483
0.1384481213592483
0.1384481213592483
0.1384481213592483
0.36472492398921097
0.3758386878217036
0.35513521045864543
0.36472492398921097
0.3758386878217036
0.35513521045864543
0.36472492398921097
0.3758386878217036
0.35513521045864543
0.36472492398921097
0.3758386878217036
0.35513521045864543
0.36901755081489557
0.41105139359784326
0.39165100987748624
0.402543817050753
0.38546275482719583
0.27667378274980303
0.2877935570728192
0.3004373816977624
0.41579070538628576
0.4269104797093019
0.3089368450032177
0.4281994496198447
0.4467699479149042
0.46686449651189077
0.4499294293425217
0.4632875530667764
0.47816972709295813
0.46123465992358903
0.4771989709332461
0.49468733224483025
0.4739838548817721
0.48357356841233756
0.49468733224483025
0.5208193931007211
0.5480051029306077
0.5547486961371176
0.5575028380529898
0.5383281570751759
0.5425344598961059
0.5451962739731652
0.5411000607856282
0.5359114863568358
0.5344950078354215
0.5318580108203089
0.531048716849973
0.5300582191115544
0.44378550204132455
0.5156613505094615
0.0776166267130124
0.5038371548802384
0.4626248439725946
0.0746064001256636
0.5088959700101087
0.4651471924681409
0.07301275075589073
0.4891099696604091
0.4683577574723412
0.10605069570811416
0.49045761444679314
0.4422914504797004
0.06736013546535706
0.42056202910080753
0.34525966450372136
0.05866990642793482
0.3502028231463702
0.31576953473217445
0.0538889583186162
0.05229530894884333
0.05070165957907045
0.04910801020929756
0.04910801020929756
0.04910801020929756
0.04910801020929756
0.1384481213592483
0.1384481213592483
0.1384481213592483
0.1828702541353696
0.1828702541353696
0.1384481213592483
0.17205965014602784
0.17366082713538797
0.17366082713538797
0.14722343242181235
0.1384481213592483
0.1384481213592483
0.1384481213592483
0.1384481213592483
0.1384481213592483
0.1384481213592483
0.1384481213592483
0.1384481213592483
0.1384481213592483
0.1384481213592483
0.1384481213592483
0.5325044502060082
0.49691334513249785
0.4820384306525622
0.5695491838181451
0.535790106580632
0.505805462403427
0.5398325615499969
0.5060734843124839
0.4809770142190504
0.5453286450579885
0.5115695678204752
0.5243210978357198
0.5909723843899238
0.5418839681731074
0.6271057180726799
0.6753268934107567
0.7232040721567605
0.6397596189733775
0.6704129844692426
0.7019340377543754
0.707829695720943
0.7199247191855495
0.7328874304394234
0.7202247463747322
0.7323197698393384
0.7452824810932125
0.7326197970285212
0.7423205951321328
0.7525235551022309
0.7026194658231864
0.7123202639267978
0.722888749819677
0.7327789693499341
0.7527453442737425
0.7633138301666216
0.7754042004977131
0.7848740350595427
0.793963379724034
0.7997407720469674
0.802535382415072
0.8003996993778135
0.7953870654753671
0.7950343380796665
0.8006909077347943
0.8095789909390139
0.8183055830812949
0.8226809985641843
0.8258142606821025
0.8233495594861433
0.8250947520365157
0.8204220393742213
0.8142379592534383
0.8060196903315601
0.7754180194257724
0.758051723752243
0.7574040038855012
0.7623458468916108
0.7920196255712239
0.7958753351819052
0.800494327395871
0.8093547431375768
0.817780821949585
0.8204739000029817
0.820673927117514
0.7682498516457866
0.712785233539188
0.6559599857723124
0.5983838360281761
0.5644235691880902
0.5304408466548205
0.4687346894109758
0.34641949812522005
0.44429456433077125
0.24721086843929882
0.4566797964014703
0.5660800976623271
0.3653323460988604
0.5432429491455723
0.5570425711103959
0.35629481954692915
0.5348569694149915
0.5493081382011659
0.3359362139344086
0.4972833016095587
0.5093735083664398
0.3069163415950305
0.34904365513518737
0.395888308803577
0.33031884432059194
0.37435425392952326
0.36055086194765495
0.28802325245657284
0.33441962409479736
0.3512317549102648
0.28802325245657284
0.33441962409479736
0.22799775710130132
0.2269371542400879
0.2279878145447376
0.22982978493729847
0.23060120991208222
0.2334838980527291
0.23532586844528997
0.23609729342007374
0.23897998156072064
0.24082195195328157
0.24159337692806526
0.2911978535600993
0.29533947966792606
0.30193222981497114
0.4647435239666111
0.4867991068691682
0.5077841443539483
0.442184719091169
0.4648846872302546
0.4865141099515631
0.5102547958387347
0.5143964219465614
0.517467502636611
0.5226498464925238
0.5267914726003504
0.4981234683406978
0.4998321913701731
0.5015795921170051
0.5213566282181754
0.5402572717171176
0.5420046724639496
0.5426815277930044
0.5454696462879224
0.5472170470347544
0.5478939023638092
0.5482504728760453
0.5521655270556931
0.5560602859956558
0.5583450882071288
0.5580892836806173
0.557500201678553
0.554628491685943
0.5542778602431395
0.5583758727592649
0.5605055441269082
0.5623005910284539
0.5634402539159118
0.5623315562009452
0.5615081545936059
0.5621601549426266
0.5493475015179702
0.5360359344238782
0.5413420923131865
0.5479010914581551
0.591994450507455
0.6038842523978374
0.6174819904639414
0.6313598810535048
0.6390759086760843
0.6453779945963705
0.6498815549403262
0.6540977509725742
0.6555207350631437
0.6553786791795417
0.607207912605788
0.5562577985751581
0.5062753808928301
0.45630082361021407
0.4056376281712479
0.376852315930527
0.35819135839385624
0.16150593892197734
0.37870022874776105
0.15276627795640366
0.39116260930080626
0.46527305630317733
0.23567504983982557
0.4372199431481149
0.420687185357834
0.22663752328789433
0.38949264695580604
0.3777400466724643
0.18670289345316834
0.33670403252250386
0.3206447023830989
0.2124717511121354
0.31332883334676326
0.29508126744442725
0.20066154806155714
0.27715963640909136
0.25278567558040815
0.15836595619753802
0.26394496249075217
0.250424713551115
0.15836595619753802
0.26394496249075217
0.2977260128912111
0.30454617169562337
0.2914438097434768
0.29955804072720826
0.3082102273676177
0.2969398932514683
0.30505412423519973
0.31370631087560924
0.30243597675945977
0.31055020774319136
0.3192023943836007
0.3546538487588385
0.3735219544577727
0.38472950051237237
0.5281995191653504
0.556527362659078
0.5853931618094838
0.5056407142899082
0.5346129430201644
0.5641231274070986
0.5737107910374739
0.5841246777364711
0.5950765200921465
0.5761767197848696
0.5613070226141205
0.5722588649697958
0.5632881865689122
0.6036749495096596
0.6150781706777351
0.6037132669158567
0.6117329282538593
0.6202905452485398
0.6089256414866615
0.6169453028246642
0.6255029198193448
0.6353382583960279
0.645059742819749
0.6548040516093779
0.6622223714790794
0.6676720062591573
0.6677631961668468
0.6657943162494306
0.6671205489440349
0.6731276009768998
0.6832725626419253
0.6932796847473981
0.6994214106578687
0.7024987862012702
0.706511597183347
0.6890192158979377
0.685981407086346
0.6947406912938964
0.7080733861333816
0.7418373458822654
0.7488981450390899
0.7570175923100443
0.7674191845953485
0.777558263233132
0.7873400362420907
0.79699129297173
0.7961002659171534
0.7943982036295686
0.7917888337202962
0.7874636789062087
0.7444700937126517
0.7009410743628686
0.6570545750742691
0.5867054312227751
0.5570557672444559
0.5361801158112405
0.5093247146960013
0.42519573130811517
0.5298335850499061
0.32398254153954825
0.499335540856299
0.6164064126053224
0.40689131342297025
0.5809412190970198
0.607368886053391
0.3918646732783305
0.5373425335902994
0.5644217473680213
0.35791915703631305
0.5349815715610062
0.5937075401536922
0.38368801469528
0.42150176490225594
0.4462146237465722
0.36616360702530637
0.3768398181048312
0.4039190318825531
0.3295822197806827
0.3721178940462449
0.40155806985326
0.3295822197806827
0.3721178940462449
0.4201339410251474
0.4290306441719103
0.41083161121507517
0.4219659688611445
0.43269469984390463
0.41632769472306663
0.4274620523691361
0.43819078335189615
0.42182377823105816
0.4329581358771276
0.44368686685988773
0.5641462577134466
0.6002418722216991
0.5092139729886593
0.6475873206369486
0.6789352907930143
0.7098776342857707
0.6250285157615066
0.6570208711541006
0.6886075998833855
0.6930985925090722
0.7046038954739954
0.6843482867922938
0.6702809373867216
0.6837149507480568
0.720225045427606
0.7178886938166502
0.7289284818169909
0.739562643154022
0.7231010683874551
0.7341408563877956
0.7447750177248268
0.7283134429582598
0.7393532309586005
0.7499873922956317
0.7617041770785125
0.7706566149157793
0.7806882694349365
0.7870759146915062
0.7905947343534406
0.7884642119396915
0.7835844073210341
0.7839469145924776
0.7893612592554219
0.7979470062401983
0.8063673650516786
0.8110301814865051
0.7901884090632422
0.7800704887297689
0.785065454378633
0.8009125711910792
0.8320257850159456
0.8358070659247181
0.8393923860893049
0.8446910058715519
0.8515096331046039
0.860424371299156
0.8692170795741657
0.8774947734973768
0.8856010706746898
0.8883965540225492
0.8905951936902606
0.8902717864187076
0.889388065396349
0.8414837585308819
0.7704592888717164
0.7075237576866983
0.659330581274119
0.6370210564944364
0.6478062376233733
0.6264207668667936
0.5080985569321151
0.6117169314445587
0.39632463205855173
0.572865479099488
0.698289758999975
0.4792334039419736
0.6544711573402089
0.6573593878973564
0.43498317161390276
0.6108724718334885
0.6463050937626741
0.45972398090029776
0.643724215580335
0.6767958754802275
0.4560301052142835
0.49503170314544503
0.5280979701412251
0.41068372382718005
0.45036975634802034
0.5847807741429248
0.5009027061654051
0.44564783228943394
0.4834414162479127
0.5009027061654051
0.5446262281551529
0.3750768153749892
0.37939599594390294
0.42559819670698146
0.4758872390767053
0.42748218439201857
0.37653801712537527
0.38240492671897786
0.44311239821348647
0.43659036372296445
0.3879010102269694
0.3940522186318803
0.5396262680748058
0.5677358512007633
0.45957932476065194
0.6077976430392572
0.6338781651428561
0.6602429860577632
0.5852388381638153
0.602452409425497
0.6037602458792384
0.6180962091352411
0.6262627744441096
0.6624106317889252
0.6657039655651699
0.6738705308740383
0.6823213949942151
0.6780990162189588
0.6838713561668326
0.6899279949260146
0.6833113907897638
0.6890837307376374
0.6951403694968193
0.6885237653605685
0.6942961053084423
0.7003527440676244
0.70766208244931
0.7167331655980368
0.7263721070874448
0.7327609659629112
0.7226823359211711
0.6988462629084702
0.693843636485015
0.708268916255862
0.7340511554721411
0.7409638661529377
0.748570292880711
0.7534352517018961
0.7560040469476933
0.7575508411468119
0.760565369059611
0.7634582869784822
0.7657570451693655
0.7708247059962344
0.7759105460391769
0.7838250249817246
0.7930999519985821
0.80055449150066
0.8077012168503658
0.8131639636339585
0.7841921751724368
0.7875401682787599
0.7924690931477295
0.8194602957524523
0.8362710179792823
0.7914459988892133
0.7451042489765263
0.6988658052579728
0.6524944974781159
0.6310513177196747
0.6097415959193018
0.5868308680274518
0.49950947834592496
0.572127032605217
0.3689799037403064
0.5110547504072975
0.6234871543844935
0.43098940630203175
0.6035413414798662
0.6496623336087018
0.4571645855262402
0.6194871546935773
0.6419279006994719
0.45244266146765383
0.6171261926642841
0.6372059766408856
0.4311328137214008
0.4332209744532546
0.45329536552574357
0.3959759045237633
0.4237717334319694
0.49063461221398535
0.4878714143016028
0.4736060724629808
0.44385151740857093
0.38889301843588386
0.46347194214950443
0.41009265657100685
0.37417069217082377
0.35663776925255725
0.41009265657100685
0.42806447625900607
0.3918504750286969
0.40088322957102523
0.4515056956885231
0.4010599020286785
0.36567052379488557
0.37417069217082377
0.35663776925255725
0.41009265657100685
0.41859282494694505
0.35794086289525845
0.3682767110802879
0.38091312753407913
0.2781763415437149
0.2887391568784938
0.2987693860468825
0.4172932641801977
0.4278560795149765
0.3072688493523379
0.42970200841375655
0.44771554772057887
0.4651965008610109
0.4514319881364336
0.4834794503537571
0.511714437218218
0.4979499244936405
0.5012837130507032
0.4930193365939504
0.4754864136756839
0.4845191682180122
0.4930193365939504
0.5017588115330578
0.5033134527686546
0.504710954537824
0.5084565523787594
0.5120939248271585
0.5152875527187071
0.5186308671630528
0.5154310176281363
0.5110264621729103
0.5097264508095064
0.5085245806047456
0.5090710889804864
0.5070793331933274
0.4255565397963707
0.49075134488379774
0.10663610508681115
0.5099613248897402
0.48023314855498783
0.08796588139697606
0.490211761589133
0.45552005192911277
0.07301275075589073
0.4940499015802908
0.45948077058794273
0.07083798993197452
0.48829866685714374
0.4491755434705095
0.06736013546535706
0.45265976140407643
0.4183317506472348
0.05866990642793482
0.42436758723909085
0.40331998184679035
0.0538889583186162
0.22212256654455592
0.23915040626362702
0.04910801020929756
0.2411372726173587
0.18329911185115613
0.19000534494877955
0.3621095738199445
0.24101337121340294
0.24413275032259066
0.32689686804380486
0.23742651722496727
0.24413275032259066
0.32689686804380486
0.23742651722496727
0.24413275032259066
0.32689686804380486
0.23742651722496727
0.24413275032259066
0.32689686804380486
0.23742651722496727
0.24413275032259066
0.32689686804380486
0.23742651722496727
0.24413275032259066
0.32689686804380486
0.23742651722496727
0.25748802570953455
0.41009265657100685
0.37417069217082377
0.35663776925255725
0.41009265657100685
0.42806447625900607
0.3918504750286969
0.40088322957102523
0.4515056956885231
0.4010599020286785
0.36567052379488557
0.37417069217082377
0.35663776925255725
0.41009265657100685
0.41859282494694505
0.35794086289525845
0.3682767110802879
0.38091312753407913
0.2781763415437149
0.2887391568784938
0.2987693860468825
0.4172932641801977
0.4278560795149765
0.3072688493523379
0.42970200841375655
0.44771554772057887
0.4651965008610109
0.4514319881364336
0.4834794503537571
0.511714437218218
0.4979499244936405
0.5012837130507032
0.4930193365939504
0.4754864136756839
0.4845191682180122
0.4930193365939504
0.5017588115330578
0.5033134527686546
0.504710954537824
0.5084565523787594
0.5120939248271585
0.5152875527187071
0.5186308671630528
0.5154310176281363
0.5110264621729103
0.5097264508095064
0.5085245806047456
0.5090710889804864
0.5070793331933274
0.4255565397963707
0.49075134488379774
0.10663610508681115
0.5099613248897402
0.48023314855498783
0.08796588139697606
0.490211761589133
0.45552005192911277
0.07301275075589073
0.4940499015802908
0.45948077058794273
0.07083798993197452
0.48829866685714374
0.4491755434705095
0.06736013546535706
0.45265976140407643
0.4183317506472348
0.05866990642793482
0.42436758723909085
0.40331998184679035
0.0538889583186162
0.22212256654455592
0.23915040626362702
0.04910801020929756
0.2411372726173587
0.18329911185115613
0.19000534494877955
0.3621095738199445
0.24101337121340294
0.24413275032259066
0.32689686804380486
0.23742651722496727
0.24413275032259066
0.32689686804380486
0.23742651722496727
0.24413275032259066
0.32689686804380486
0.23742651722496727
0.24413275032259066
0.32689686804380486
0.23742651722496727
0.24413275032259066
0.32689686804380486
0.23742651722496727
0.24413275032259066
0.32689686804380486
0.23742651722496727
0.25748802570953455
0.502777586865674
0.6437123217038749
0.623215127455941
0.5046096147016712
0.6384892912775162
0.6287112109639326
0.5101056982096628
0.6262112025888017
0.5986589500785121
0.5156017817176544
0.6317072860967933
0.6420030336951815
0.5612455210495897
0.6665463175544327
0.7254440966186835
0.7615789366335411
0.7989196576569573
0.7028852917432415
0.7396645169946272
0.7776496232545722
0.7709553684908071
0.7891762517109342
0.80860301593962
0.7833504191445961
0.8015713023647232
0.820998066593409
0.7667522492822915
0.7763594218813779
0.7933919607490689
0.7815869069838663
0.8167845022283223
0.8338170410960135
0.8061702189399947
0.8219968767991271
0.8390294156668183
0.8581105405704863
0.867112407933296
0.874426266241195
0.876737747083265
0.8745704044062249
0.8714187496237622
0.8661957386259272
0.8665205144085316
0.8715860007208456
0.8801937659353409
0.8898365014463903
0.8976006330321226
0.9031851615136469
0.9077144714315528
0.9142492329297203
0.9144007582852705
0.8905416346766795
0.8900031680444118
0.8886951632345427
0.9121221914420462
0.9258193398443638
0.929220279324607
0.9320040628589036
0.9340193367972979
0.9353706847214831
0.9413158913375306
0.9488245182360044
0.9565219610827222
0.9646108022238412
0.9218767485015273
0.8768559769063091
0.8258492037991202
0.7736541049055724
0.7087927753657873
0.6611796751552098
0.6307103372337866
0.509530297929203
0.649410641915073
0.42852686555416714
0.5992272144117963
0.7377920351431078
0.5114356374375891
0.6808328926525171
0.7287545085911764
0.5023981108856578
0.6608427290170237
0.6858073699058068
0.4624634810509319
0.6348732451165037
0.6825680024512769
0.48823233870989885
0.5287971272537736
0.6665786421500767
0.5309783987489183
0.5299266416518961
0.6242830502860575
0.4886828068848992
0.5164317003778636
0.6219220882567643
0.4886828068848992
0.5164317003778636
0.615570778482037
0.5802781903209995
0.5518479007742682
0.6174028063180342
0.5839422459929939
0.5573439842822596
0.6228988898260257
0.5894383295009854
0.5628400677902512
0.6283949733340172
0.594934413008977
0.6061841514069206
0.6822050387145231
0.6604615191377485
0.7441814774200205
0.7753937323841851
0.8065689173452623
0.7216226725445783
0.7534793127452714
0.7852988829428772
0.789692749292144
0.8029910474615782
0.816252275627925
0.7888979794593005
0.7801733923392277
0.7934346205055743
0.7792701448235824
0.8251391820163508
0.8362539262135136
0.819695225170527
0.8305992979789663
0.8414663007843183
0.8249075997413317
0.8358116725497713
0.8466786753551233
0.8587015978513247
0.8668315017286946
0.8744920196631812
0.8779443536526186
0.8778817363998077
0.8732249108992988
0.8662002133072614
0.8648744442772595
0.868883807936174
0.8806795869891773
0.8937130341038776
0.9048078302148121
0.9153204895991158
0.9062927074344067
0.8906226076472293
0.8966205102836273
0.9024824597097874
0.9370189981976299
0.9416472772980169
0.9440879520914786
0.9474934475497735
0.9497494113844942
0.951699866029319
0.9526228707340069
0.9531691812682359
0.9616210328239664
0.9705861616050033
0.9813433304891673
0.9919070107914556
0.9486175983992028
0.9030549107772569
0.8352514015776106
0.7692665118793128
0.7346246846688224
0.7001880529062837
0.6897965890654226
0.5672497988350689
0.6827128688783826
0.4510336606838934
0.6208343308225156
0.769285696433799
0.5339424325673152
0.7024400090632364
0.7602481698818678
0.4912505502196118
0.658841323556516
0.7173010311964979
0.484970276180658
0.6853528838211647
0.7477918129140514
0.5107391338396251
0.5594969541794258
0.6980723034407679
0.4801223823348719
0.5973170039367668
0.6557767115767488
0.45663333892502767
0.5925950798781805
0.6534157495474555
0.45663333892502767
0.5925950798781805
0.6023300487069202
0.515384552397155
0.5918220283547884
0.6041620765429174
0.5190486080691494
0.5973181118627799
0.6096581600509088
0.5245446915771409
0.6028141953707716
0.6151542435589004
0.5300407750851324
0.6466944049646013
0.6960106886669755
0.595567881213904
0.729599341910943
0.7621530026090682
0.7962315425110152
0.7070405370355011
0.7402385829701545
0.7749615081086303
0.7507625275867098
0.7545376119103216
0.7707021950175384
0.761093217426705
0.8021453683402504
0.8183099514474672
0.7999007150906449
0.8121461936330446
0.8259165513792667
0.8051130896614496
0.8173585682038496
0.8311289259500715
0.8103254642322543
0.8225709427746544
0.8363413005208763
0.8510248787632428
0.8587221803530579
0.8659308655214796
0.8690379598280302
0.8687076597383301
0.8654899169095801
0.8595247488030587
0.8498200932417892
0.8289907885454252
0.8351294123745479
0.8513760812926174
0.875162448228373
0.869819738462395
0.8675879672443777
0.8669947724629182
0.8741012505500639
0.8825483739679105
0.8883124737674184
0.8942492101334645
0.8930985501168285
0.8912867265111288
0.8719661790854574
0.8072868175192476
0.7879650668284679
0.7751089326218344
0.7569741157943044
0.7517200513555159
0.7518156707518829
0.7627418306281988
0.7417107007465078
0.7011173083249618
0.7139257922826061
0.6828378625590004
0.6698835381828108
0.6572992868741164
0.6391658312752873
0.5285301034842559
0.6244619958530524
0.4142036884958864
0.5544425142410828
0.675822117632329
0.4618997546031687
0.6310902557670821
0.6930600170294829
0.48807493382737704
0.6579169818126411
0.6942628639473074
0.48335300976879075
0.655556019783348
0.689540939888721
0.4739091616516181
0.4756040195688329
0.505630328773579
0.4268862528249003
0.5066236933271546
0.5429695754618208
0.41980336673702073
0.5342469659701052
0.5951648765221252
0.41980336673702073
0.45747963649244694
0.46401222875895864
0.5127941304264765
0.5018265534401102
0.4658442565949558
0.4720360533223495
0.5073226369481019
0.5267606992107485
0.5127448426064807
0.5036092934561116
0.5082244165566497
0.5274503531144539
0.6107190671623604
0.5770364260324718
0.5577647534670858
0.6589474243097228
0.6876008727506859
0.7397343609372604
0.6716013252104205
0.7008991588879119
0.7279489533618303
0.7396714019579861
0.7504108936042189
0.7589023460468782
0.7520664526117751
0.7628059442580079
0.7712973967006673
0.7644615032655642
0.7728067695508022
0.7789039966324668
0.7595807693706197
0.7428064383454672
0.7489036654271318
0.739673546631034
0.7822418245753666
0.7893287457740765
0.7965159163532667
0.8044058720304406
0.8117715235620069
0.8166958824633904
0.8188297079570199
0.8158488870602885
0.8102935188424382
0.8112247367697306
0.8183206592135924
0.8258459230302948
0.8337032613383228
0.8359932426567308
0.8350718926354549
0.8334491056118714
0.8333805245998878
0.8312023771660194
0.8281652687497119
0.8285950499936839
0.7963847912835424
0.7996221397348884
0.8099537179052453
0.8360939223275425
0.8702043922128395
0.881713975598185
0.892880420799669
0.8919070221474571
0.8891081083193658
0.882038704723335
0.8728359646380558
0.8249931678906005
0.7759632235089537
0.7298958910899311
0.6847121832433949
0.666617445525669
0.6408155937625121
0.5878928982639722
0.4759794392879827
0.5731890628417373
0.3738116261876775
0.5617314817139014
0.6949745961732934
0.4797745019591748
0.6433371599546223
0.6859370696213619
0.4707369754072435
0.6349511802240416
0.678202636712132
0.43335220616427084
0.5973775124186088
0.6382680068774059
0.4213584974553449
0.46706771886776877
0.5247828073145433
0.4447610001809063
0.47285647564690875
0.48248721545052414
0.4024654083168872
0.43451383490384743
0.480126253421231
0.4024654083168872
0.43451383490384743
0.40182665007080454
0.4556822090085527
0.44268688156933655
0.40365867790680166
0.4149241319044258
0.448182965077328
0.4535768941909145
0.4204202154124173
0.40925691580919826
0.4146508449227848
0.47033843169653006
0.5515793952915866
0.5148508473443177
0.5323184629702991
0.6350204582150887
0.6606279998386715
0.6921070663462917
0.6124616533396467
0.6387135801997578
0.6708370319439066
0.6805317300872123
0.6882253149160645
0.7017904246289546
0.6929267807410013
0.6915464870189332
0.6789727695066039
0.6701091256186507
0.6754084850865082
0.7172019806896504
0.7105342059655952
0.7158335654334527
0.7270044497853478
0.7157465805364
0.7210459400042577
0.7322168243561529
0.7451816975195061
0.7585581571150424
0.7723065749485614
0.7802510575185062
0.7846401688973805
0.7832929965927024
0.7783746873662423
0.777934509278933
0.7820003811557357
0.7911716691598482
0.8012312741087275
0.8097399491583206
0.8161792196236082
0.8193966784643943
0.8048080827396449
0.7958197528506066
0.8011745735869783
0.8094590142436455
0.8430191679470356
0.8476951826325405
0.8535372411501099
0.8631054377724744
0.8726253992961851
0.8819072724646292
0.8910292005186399
0.8981080424324169
0.9055884941605811
0.9127398992579406
0.9203754523724096
0.8766868450083842
0.8292405393437078
0.7803491946362284
0.6961001385907559
0.6674603091624333
0.6383513957515371
0.6126886583514093
0.5318500151569867
0.6262506436128523
0.4156338770058113
0.5826202029911217
0.7128234711682686
0.4985426488892331
0.6642258812318426
0.7037859446163373
0.47350643769021905
0.6206271957251223
0.6608388059309677
0.4495704925025759
0.6276619712074079
0.6913295876485209
0.47533935016154305
0.5047864270370789
0.5426316823095186
0.4804083841978646
0.559102876105373
0.5447582232216207
0.4212335552469456
0.5543809520467867
0.5969535242819252
0.4212335552469456
0.5321698856587261
0.4448256131861209
0.3473700631367339
0.3488615678649702
0.34584721732040197
0.3473700631367339
0.39328370064109147
0.39026935009652325
0.3473700631367339
0.3488615678649702
0.34584721732040197
0.3917921959128552
0.39328370064109147
0.37319153945430755
0.3825827689128735
0.385377367283811
0.3634948809460904
0.35411249849998927
0.2704001401561278
0.26891585040401017
0.27196875701279266
0.40951706279261046
0.4080327730404929
0.28046822031824803
0.4219258070261694
0.4278922412460952
0.438395871826921
0.4436557867488465
0.4444098463979673
0.44970110240798844
0.4549610173299138
0.45832126426443703
0.46621870755986056
0.4677102122880968
0.4646958617435286
0.46812207572137915
0.5044115631488882
0.5039913279516866
0.5037486820384383
0.47937976872163596
0.4801132293924193
0.48927190952876476
0.49818964008124694
0.4993068439903871
0.5000052130525631
0.5020320763906936
0.50293847713413
0.5028964058104635
0.5013102625344769
0.41953249120163927
0.4845618375477418
0.0776166267130124
0.45776468668858633
0.4290416958783828
0.0746064001256636
0.4712530195948609
0.4407232556220012
0.07301275075589073
0.4958238075178593
0.48686484197982116
0.10605069570811416
0.5264026137531063
0.45732911312663993
0.06736013546535706
0.4958049646821127
0.4542506334226931
0.05866990642793482
0.4895502555759326
0.45189509154720336
0.0538889583186162
0.25573705444255723
0.322894767690294
0.04910801020929756
0.3213011183205211
0.18363475046842856
0.2043695789433409
0.4106412294704718
0.27297486161837936
0.2937096900932917
0.3750928850770598
0.23742651722496727
0.31515711481626946
0.41030559085319945
0.27263922300110693
0.31464275525953134
0.37509288507705973
0.23742651722496727
0.2937096900932917
0.37509288507705973
0.23742651722496727
0.2937096900932917
0.37509288507705973
0.23742651722496727
0.2937096900932917
0.37509288507705973
0.23742651722496727
0.2937096900932917
0.4448256131861209
0.3473700631367339
0.3488615678649702
0.34584721732040197
0.3473700631367339
0.39328370064109147
0.39026935009652325
0.3473700631367339
0.3488615678649702
0.34584721732040197
0.3917921959128552
0.39328370064109147
0.37319153945430755
0.3825827689128735
0.385377367283811
0.3634948809460904
0.35411249849998927
0.2704001401561278
0.26891585040401017
0.27196875701279266
0.40951706279261046
0.4080327730404929
0.28046822031824803
0.4219258070261694
0.4278922412460952
0.438395871826921
0.4436557867488465
0.4444098463979673
0.44970110240798844
0.4549610173299138
0.45832126426443703
0.46621870755986056
0.4677102122880968
0.4646958617435286
0.46812207572137915
0.5044115631488882
0.5039913279516866
0.5037486820384383
0.47937976872163596
0.4801132293924193
0.48927190952876476
0.49818964008124694
0.4993068439903871
0.5000052130525631
0.5020320763906936
0.50293847713413
0.5028964058104635
0.5013102625344769
0.41953249120163927
0.4845618375477418
0.0776166267130124
0.45776468668858633
0.4290416958783828
0.0746064001256636
0.4712530195948609
0.4407232556220012
0.07301275075589073
0.4958238075178593
0.48686484197982116
0.10605069570811416
0.5264026137531063
0.45732911312663993
0.06736013546535706
0.4958049646821127
0.4542506334226931
0.05866990642793482
0.4895502555759326
0.45189509154720336
0.0538889583186162
0.25573705444255723
0.322894767690294
0.04910801020929756
0.3213011183205211
0.18363475046842856
0.2043695789433409
0.4106412294704718
0.27297486161837936
0.2937096900932917
0.3750928850770598
0.23742651722496727
0.31515711481626946
0.41030559085319945
0.27263922300110693
0.31464275525953134
0.37509288507705973
0.23742651722496727
0.2937096900932917
0.37509288507705973
0.23742651722496727
0.2937096900932917
0.37509288507705973
0.23742651722496727
0.2937096900932917
0.37509288507705973
0.23742651722496727
0.2937096900932917
0.4715475512202543
0.4907715904944984
0.5531886232827705
0.5085922848323912
0.5296483519426324
0.5308498220354098
0.4788756625642431
0.4999317296744843
0.5290746596307723
0.4843717460722346
0.5054278131824759
0.5724187432474418
0.5300154854041698
0.5357422135351078
0.6206471003948041
0.6732076046830662
0.717062317518761
0.6333010012955017
0.6640123485730862
0.695792283116376
0.7013710780430673
0.7135240832893932
0.7267456758014239
0.7137661286968564
0.7259191339431822
0.7391407264552129
0.7261611793506454
0.7359199592359765
0.7194344630431367
0.6961608481453104
0.7059196280306416
0.7312946090653337
0.736585928492255
0.7463447083775863
0.7571720755286221
0.7692722793898925
0.781867823527628
0.794918925797427
0.8056193629993612
0.8140525695513987
0.8162266676386136
0.8153954343660392
0.815534891771091
0.8194276053760434
0.8244700291034832
0.8301838354209
0.8306324588853085
0.8310956525949421
0.8298382471605492
0.8316007822774353
0.835410954043669
0.8320694414888955
0.8073067131670068
0.809616356637957
0.81059086367057
0.836338820616345
0.8471756165615653
0.8462519373457953
0.8450148772427983
0.8433899892766265
0.8469194089597919
0.8525777886289323
0.8644971483238314
0.8794140491422587
0.8405399650972851
0.799979267626997
0.7453114113755315
0.6871603868180949
0.6434526740030475
0.5818157432158757
0.5517394460489115
0.4435294011985903
0.5519843780256755
0.36677784593986806
0.5212214016267029
0.6588211439582325
0.44968661782329
0.6028270798674237
0.6497836174063012
0.4406490912713587
0.594441100136843
0.6099926113576837
0.4007144614366328
0.5568674323314102
0.6021145546623451
0.41165816219754275
0.44338762567265994
0.48862935509948247
0.4146731160450215
0.4149456744922985
0.4463337632354633
0.37237752418100245
0.39400375481664884
0.44397280120617016
0.37237752418100245
0.39400375481664884
0.32340464830896887
0.32869508009417897
0.3194981336564298
0.3252366761449661
0.33235913576617326
0.3249942171644214
0.33073275965295756
0.3378552192741649
0.33049030067241286
0.3362288431609491
0.3433513027821563
0.4728127801548013
0.48157707886472967
0.40887840891092797
0.5562538430783034
0.5822059980768359
0.6095420702080393
0.5336950382028613
0.5602915784379221
0.5882720358056542
0.6017651149504268
0.609803313154229
0.619225428490702
0.6141601656042159
0.5997854081098177
0.5964077733683514
0.5913425104818653
0.6053437078252788
0.6392270790762906
0.6317675908288097
0.637411563671617
0.6444394536470954
0.6369799653996147
0.642623938242422
0.6496518282179002
0.6575929138952399
0.6650114619666221
0.6723978251526302
0.6749622858781422
0.6740116569353003
0.6702204723906684
0.6640749176814191
0.6628608405599982
0.6669768415499528
0.6704843444074686
0.6735714741827499
0.6720906821542667
0.6671037821097852
0.6492786891183007
0.6228667091058742
0.6211579134957177
0.6203653957054631
0.6532440600392968
0.6611526892104946
0.663842252635683
0.6667939707873478
0.6653867932332527
0.6638714018112848
0.6640070009854472
0.6645942249642349
0.6680606716766961
0.6713294736745393
0.677122762636766
0.6825760091019895
0.6417621196478542
0.599415560323479
0.5242383875804881
0.4670001343313028
0.4437942815634983
0.4215228611259517
0.4344221276628715
0.3074824901825516
0.4197182922406368
0.24152221369568724
0.4274669185409565
0.506291119796053
0.32443098557910915
0.5090725967816772
0.490144394466705
0.28018075325103825
0.4654739112749568
0.4543064545587521
0.27805137384958317
0.486476206890666
0.4847972362763054
0.301227686851419
0.3496331425869134
0.33609933093730293
0.26678613192547473
0.30497119578948867
0.29380373907328383
0.24712189193682157
0.3002492717309024
0.2914427770439907
0.24712189193682157
0.3002492717309024
0.29451392374840113
0.3010253929988037
0.28939490250766675
0.29634595158439825
0.30468944867079806
0.2948909860156583
0.3018420350923897
0.3101855321787896
0.3003870695236498
0.30733811860038135
0.31568161568678105
0.3569702433467847
0.3970683520911655
0.3812087218155527
0.5261506119295404
0.553315273516268
0.5818723831126641
0.5035918070540983
0.5314008538773544
0.553311942287967
0.5364491780255243
0.5456998828175215
0.5563430356191872
0.574707524130624
0.5933076392474503
0.6039507920491158
0.5964519851092419
0.6033084645402446
0.6115573919809154
0.6016643596800468
0.6085208391110493
0.6167697665517201
0.6068767342508515
0.6137332136818543
0.6219821411225251
0.631192813442642
0.6387006617551297
0.645960124267239
0.6517975723923773
0.6550288069595297
0.6248881203915071
0.6223882925298815
0.6259419016987372
0.6666477790302374
0.6805706312115624
0.6932068231914594
0.7040369944567495
0.7129205747677363
0.7180334783359504
0.7262458570756346
0.7347358047139367
0.7408075113476982
0.7461663715065316
0.7504032265294078
0.7551799756363637
0.7595296672421616
0.7690689544796181
0.7791608794399704
0.7696954650352735
0.759644955542523
0.7594666063256286
0.7621417136369031
0.7948712098028301
0.7958701771353702
0.7502386309439337
0.7030235238398027
0.6551178829377393
0.6068596169077461
0.5836980472585929
0.5609900513882675
0.5391793580629047
0.4257602307234976
0.52447552264067
0.2919394315511881
0.4694879110734891
0.5758356444199465
0.3708751098470164
0.5787228861139365
0.6020108236441548
0.39705028907122486
0.5779203153597688
0.5942763907349249
0.39232836501263846
0.5755593533304757
0.5895544666763386
0.35532534387926684
0.39165413511944613
0.4056438555611965
0.335861608068748
0.38220489409816094
0.398560969473317
0.3287787219808685
0.3774829700395747
0.39620000744402384
0.3287787219808685
0.3774829700395747
0.41306318937379577
0.42754083021324957
0.40479619229465963
0.4501079229859326
0.46641759166138363
0.438135316390902
0.4203913007177845
0.43670096939323555
0.4085164043056307
0.4258873842257761
0.44219705290122696
0.5508388837880192
0.5705095194234303
0.472511453253859
0.5990672409353814
0.6536184323176101
0.7083878203271099
0.6117211418360791
0.6499501195027491
0.6871177859247247
0.6797912185836447
0.6994618542190558
0.7180711786097727
0.6921862692374339
0.7118569048728448
0.7304662292635618
0.7045813198912229
0.7218577301656393
0.7145516769818022
0.6745809886858879
0.6918573989603043
0.7186123807093984
0.7150060690328325
0.732282479307249
0.748497578336971
0.7652656304544238
0.7721441171851223
0.7797256084761881
0.7850806968176955
0.788123286820077
0.7883662328065643
0.7860058203753039
0.788198081606427
0.7953769979761925
0.8055796371352554
0.8135532116631186
0.818757811051441
0.8209303388170698
0.8240563261003185
0.8275055459875247
0.8304223573742463
0.8191079407761666
0.7968417439997434
0.7983740140997424
0.8019858495493476
0.8360584716844806
0.8485462245938445
0.8543002700907164
0.8597227070832593
0.8650935965983321
0.8641438483028404
0.8629452026477951
0.858493365430704
0.85303750793172
0.8084005797409723
0.7614001790220857
0.7155838020321755
0.6714708775402408
0.6327514269713991
0.5894384960520304
0.5607958042413538
0.44393335898107283
0.5673780640322195
0.3697554422995231
0.5380582246347657
0.6678775021506749
0.45266421418294506
0.6196639028754864
0.6588399755987436
0.44362668763101387
0.608174521800491
0.6158928369133738
0.40369205779628786
0.573704255339473
0.6111709128547875
0.42133709973308014
0.46022444868072276
0.4976857132919248
0.41765071240467666
0.4286884047526305
0.5099463845175034
0.4743335164063765
0.45526271060083295
0.4530291593986125
0.4299113836302552
0.46539684091430933
0.4780596957515896
0.49164590161921684
0.47639008972900193
0.4900258539010631
0.45088782451508985
0.471752042923517
0.4853878070955782
0.45638390802308143
0.4328259936553872
0.44646175782744846
0.46187999153107295
0.5751484731377757
0.5949031896767752
0.5274070976598445
0.6585895360612778
0.6924389127433351
0.7280707589569558
0.6360307311858356
0.6705244931044215
0.7068007245545708
0.7041008079334012
0.7200362278207283
0.7377541172396187
0.7134936015626572
0.6972185726983777
0.7149364621172679
0.6936782034648397
0.731070913273038
0.7577557678252073
0.7341032838117842
0.7476444783381165
0.7629681423960121
0.7393156583825891
0.7528568529089215
0.7681805169668169
0.7851124471166994
0.798754803480058
0.8119626160881914
0.819989490262593
0.8237630635871634
0.8215867249435862
0.816617589831291
0.8186403570721655
0.8256865233688125
0.8319959617709979
0.8375459054762499
0.8386095127653876
0.8349986665457642
0.8043965290546268
0.8058110120587101
0.8066769533030127
0.8321210974096336
0.8448398690999078
0.8457745794488154
0.8492522625892185
0.8545022197130274
0.8628893993693183
0.8719331097653135
0.8808480624233471
0.8899882185652789
0.8953689236505544
0.899575359617655
0.902894131363784
0.9055098835884057
0.8624682157851188
0.7943574666085178
0.7385070744167238
0.6943222422808909
0.6755093094174225
0.6902551545675201
0.6718889103320768
0.5684425280041111
0.6571850749098419
0.4506802527197307
0.6151944167888312
0.7437579024652582
0.5335890246031526
0.6950370704148968
0.6995076701371873
0.48933879227508176
0.6532014095228318
0.6917732372279571
0.5185802037127598
0.6860531532696783
0.7222640189455105
0.5103857258754625
0.5373606408347883
0.57320218568632
0.5128520149816039
0.5916770899030824
0.531270521742489
0.4835580625056638
0.5869551658444961
0.5733316924893171
0.4835580625056638
0.5869551658444961
0.4626571823276211
0.4295807003991465
0.5058547850743679
0.5172134454172188
0.4295807003991465
0.5058547850743679
0.5172134454172188
0.4295807003991465
0.5058547850743679
0.5172134454172188
0.4295807003991465
0.4241844932094119
0.49786988810376076
0.5092155389514074
0.4332546258398861
0.42084123683690217
0.4807452685385231
0.37283709427592776
0.341303682635108
0.35417939427520534
0.4675318841362893
0.4804206052715908
0.36267885758066065
0.47994062836984813
0.5002800734771932
0.5206065090893337
0.5016706080925253
0.5167976786290652
0.5319117396704011
0.5129758386735925
0.530709096495535
0.5484293448222731
0.5257250336317756
0.5370836939746265
0.5755112936751066
0.5963785127348639
0.6007440131468285
0.5848338861886305
0.5762012901909516
0.5823509107879157
0.5876121241488831
0.5923313663740063
0.5909862219395449
0.5903996762637919
0.591431361786428
0.5918692946708055
0.5944329066861632
0.5966388440929749
0.4901250435673188
0.5579891907862584
0.0776166267130124
0.5196217635792043
0.47886923498482076
0.0746064001256636
0.5293276701931724
0.5645658962659246
0.07465107906522996
0.5823031292138638
0.616134324569923
0.10605069570811416
0.5641077150301342
0.5839862074720407
0.06736013546535706
0.5376791530732613
0.5693533431115397
0.05866990642793482
0.5252833128566308
0.5632889525334376
0.0538889583186162
0.3099747297256874
0.3484699436322207
0.04910801020929756
0.3468762942624478
0.18363475046842856
0.23151318036551216
0.43621640541239853
0.27297486161837936
0.3208532915154629
0.43621640541239853
0.2843889422539724
0.35606599729160254
0.47142911118853825
0.30393989438582875
0.3208532915154629
0.40066806101898655
0.23742651722496727
0.3208532915154629
0.40066806101898655
0.23742651722496727
0.3208532915154629
0.40066806101898655
0.23742651722496727
0.3208532915154629
0.40066806101898655
0.23742651722496727
0.3208532915154629
0.4626571823276211
0.4295807003991465
0.5058547850743679
0.5172134454172188
0.4295807003991465
0.5058547850743679
0.5172134454172188
0.4295807003991465
0.5058547850743679
0.5172134454172188
0.4295807003991465
0.4241844932094119
0.49786988810376076
0.5092155389514074
0.4332546258398861
0.42084123683690217
0.4807452685385231
0.37283709427592776
0.341303682635108
0.35417939427520534
0.4675318841362893
0.4804206052715908
0.36267885758066065
0.47994062836984813
0.5002800734771932
0.5206065090893337
0.5016706080925253
0.5167976786290652
0.5319117396704011
0.5129758386735925
0.530709096495535
0.5484293448222731
0.5257250336317756
0.5370836939746265
0.5755112936751066
0.5963785127348639
0.6007440131468285
0.5848338861886305
0.5762012901909516
0.5823509107879157
0.5876121241488831
0.5923313663740063
0.5909862219395449
0.5903996762637919
0.591431361786428
0.5918692946708055
0.5944329066861632
0.5966388440929749
0.4901250435673188
0.5579891907862584
0.0776166267130124
0.5196217635792043
0.47886923498482076
0.0746064001256636
0.5293276701931724
0.5645658962659246
0.07465107906522996
0.5823031292138638
0.616134324569923
0.10605069570811416
0.5641077150301342
0.5839862074720407
0.06736013546535706
0.5376791530732613
0.5693533431115397
0.05866990642793482
0.5252833128566308
0.5632889525334376
0.0538889583186162
0.3099747297256874
0.3484699436322207
0.04910801020929756
0.3468762942624478
0.18363475046842856
0.23151318036551216
0.43621640541239853
0.27297486161837936
0.3208532915154629
0.43621640541239853
0.2843889422539724
0.35606599729160254
0.47142911118853825
0.30393989438582875
0.3208532915154629
0.40066806101898655
0.23742651722496727
0.3208532915154629
0.40066806101898655
0.23742651722496727
0.3208532915154629
0.40066806101898655
0.23742651722496727
0.3208532915154629
0.40066806101898655
0.23742651722496727
0.3208532915154629
0.6083491401917345
0.6429691524122437
0.4990128521609383
0.6453938738038713
0.638867564719624
0.4692962298927903
0.6156772515357232
0.6270571934778155
0.47479231340078176
0.6211733350437146
0.6325532769858071
0.48258805262403914
0.6312687299822379
0.6628676773384389
0.6653431500305325
0.7246875405523056
0.764217304152559
0.6779970509312302
0.7107093300615567
0.742947269750174
0.7460671276787958
0.7602210647778636
0.7739006624352217
0.7584621783325848
0.7726161154316527
0.7862957130890108
0.770857228986374
0.7745962621455262
0.7586896072446706
0.740856897781039
0.752616609519112
0.7933346123413674
0.7812819781279834
0.7930416898660567
0.80432706216242
0.8166601044975544
0.830054458590708
0.8425594224388752
0.8496289158977074
0.8522950013725942
0.8499113361896348
0.8452767609920884
0.8448363208249035
0.8482779726183696
0.8584618083334516
0.8705446289435051
0.8808475764545876
0.8896441523046986
0.8955493370458726
0.9029298514734975
0.9100403022351976
0.8856628128376551
0.8900808074896073
0.8933734008984678
0.9140447337540283
0.9359911906053916
0.9451585066741911
0.9551961262899039
0.9678794030857663
0.9816617302574192
0.9801660103938235
0.9760584023589077
0.9699976891800695
0.9613729474198942
0.9138345275547748
0.8655256878046083
0.818032578725645
0.7691347496089235
0.7151668737296498
0.6953850519757562
0.67427325594023
0.5651232214244019
0.6947821262941348
0.47495096528332126
0.6436717870131968
0.7813549538495512
0.5578597371667431
0.7252774652539176
0.77231742729762
0.548822210614812
0.6937679924675596
0.7293702886122502
0.5088875807800859
0.679317817717904
0.7381223951619755
0.534656438439053
0.582334410370107
0.7101415608565201
0.5228462353884747
0.635345770921818
0.703394313385913
0.48055064352445553
0.6391314323311363
0.7010333513566198
0.48055064352445553
0.6391314323311363
0.6575911455110808
0.5402209693160105
0.6291092324863451
0.6594231733470779
0.5438850249880047
0.6109064197320617
0.6293709124616574
0.5849294528894083
0.6519508476334654
0.6348669959696489
0.5548771920039879
0.6597465868567229
0.6941097399500482
0.6204042981327594
0.7431876497802251
0.7818657550198167
0.8210679594298708
0.7206288449047829
0.759951335380903
0.7997979250274857
0.7886989216523485
0.80946307009721
0.8198451245336769
0.7658812665299979
0.7866454149748593
0.8079336625901828
0.8092653755458744
0.8318589460437933
0.8507529682981221
0.8187013975307315
0.837071320614598
0.855965342868927
0.8239137721015363
0.842283695185403
0.8611777174397318
0.8817731513683661
0.894788942826268
0.9067854227182361
0.914627636618256
0.91844235603514
0.9160629713979156
0.9111005411031011
0.911572038189925
0.9175109642211701
0.9251283884340986
0.9187928647125445
0.9023300133821246
0.9041651878973688
0.9138055393946629
0.9474580963771597
0.9531674588446707
0.9592564998268105
0.9582260516198607
0.9566213133650148
0.9557191354230671
0.9557713703524928
0.9663896529487037
0.9773555820208081
0.9880708179758512
0.9985348272760424
0.9991384487614811
1.0
0.9709032933458569
0.9660991535829976
0.921334383464679
0.8909518189418995
0.8616228077192057
0.8127674398046857
0.7897505458474859
0.7670948123034209
0.7428740808231625
0.6262300815903744
0.7281702454009276
0.5071793586949899
0.6729224115993971
0.784458298098025
0.5548754248022721
0.7193153840639784
0.7704928406282731
0.5720461128585352
0.7461421101095372
0.7979711134951826
0.5763286799678942
0.7437811480802441
0.7932491894365963
0.5668848318507216
0.6075969171765515
0.7083169741871731
0.5198619230240037
0.6849534291070605
0.7367824324927058
0.5127790369361241
0.6683820569173368
0.7344214704634126
0.5127790369361241
0.6446831606550619
0.5882775917292093
0.5393980692068799
0.6099984827961851
0.5901096195652066
0.5075137804854621
0.5917956700419017
0.6311540474666101
0.5130098639934537
0.585442305418756
0.6011017865811895
0.5882021072869451
0.6639990948115652
0.6464098872958525
0.6076714598748136
0.6770147461827878
0.7128878398552175
0.7494840091511884
0.6726203449399644
0.7261861259924437
0.7634266805249431
0.757738723831051
0.7756978607087505
0.7943800732099909
0.7701337744848401
0.7880929113625396
0.8067751238637799
0.7825288251386291
0.7980937366553338
0.8143817237955795
0.787741199709434
0.7986571566610551
0.7843813925902446
0.757740868504099
0.7733057800208039
0.8180765998030411
0.8418895047161257
0.851334170713384
0.8605228378109773
0.8664080629971427
0.8687090045205913
0.8649406772664127
0.8585860651645869
0.8567469218174351
0.8604278738715336
0.8649723123151968
0.8706110536164716
0.8716844309566087
0.8714438585473022
0.8757310758464043
0.8829847155112474
0.892065828586715
0.900534216772109
0.9052792413911326
0.8746079057540339
0.8783617494091673
0.8824015879282336
0.9066384278873157
0.9327796591619414
0.9397964011048376
0.9464074301625017
0.9402348754025919
0.9333338678536031
0.9260093448719459
0.9176313442756883
0.8735045299547715
0.8288672716138049
0.7849678264748414
0.7414813582197544
0.7238082744666514
0.685086443280378
0.6528466273199897
0.5462816880633252
0.6381427918977548
0.4549152663799908
0.633846110606265
0.7599283252293109
0.5466408904385064
0.7154517888469857
0.7508907986773797
0.5376033638865751
0.7070658091164052
0.7301703005150737
0.49766873405184914
0.6694921413109723
0.7032217359334235
0.4882248859346766
0.5556979135725016
0.5897365363705609
0.5611165865930974
0.6361215772864363
0.5474409445065418
0.5188209947290782
0.6056068596619298
0.5450799824772485
0.5188209947290782
0.6056068596619298
0.4396325018922766
0.49709109779666527
0.5373742550705565
0.4414645297282737
0.5007551534686596
0.5428703385785482
0.44696061323626535
0.5062512369766511
0.5483664220865396
0.45245669674425687
0.48446918893984386
0.591710505703209
0.5526566991657899
0.5703100725578121
0.6751515686267111
0.6984338516601436
0.7284488899776661
0.6525927637512691
0.6765194320212298
0.707178855575281
0.7206628404988347
0.7260311667375368
0.7381322482603289
0.7330578911526237
0.7148470366734673
0.7153145931379782
0.7102402360302731
0.7218656309478558
0.7581338988459174
0.7506653163772176
0.7536394172549249
0.7633462734167223
0.7558776909480223
0.7588517918257298
0.7685586479875272
0.7803576884425887
0.7900259852704716
0.7997200137902782
0.8029742515092838
0.8029481950882108
0.800465497610469
0.7953348511610885
0.796000798737794
0.8019789989457952
0.8108930337681513
0.8208589679180475
0.829955576509087
0.8289012153452394
0.8113154538885771
0.8215244268718014
0.8289178863940363
0.8630554590328862
0.8729481458698236
0.8752877098635159
0.880413351431616
0.8862998564019374
0.891690985257632
0.8966035737890083
0.9028382820199536
0.9084645365346875
0.913858785448173
0.9188217997468607
0.9226483258209253
0.9246126174193812
0.8800111810670802
0.8020728408579775
0.755429875307922
0.7094076136606547
0.6993129169915795
0.7008025197787425
0.6747084128173212
0.5520643106864704
0.6600045773950863
0.4358481725352949
0.5970112079263762
0.7465774049505026
0.5187569444187169
0.663454670837341
0.7023271726224318
0.47450671209064593
0.6350182006603766
0.706739172145255
0.5049974938081992
0.6678699444072231
0.725083521430755
0.49555364569102667
0.5191774319723331
0.5706581066544777
0.47074180325236936
0.5734938810406274
0.5886462873173313
0.4414478507764293
0.568771956982041
0.6307074580641592
0.4414478507764293
0.5414938254372422
0.5532793995035185
0.4634442853683189
0.4433581703126283
0.5551114273395157
0.5660867369060324
0.44885425382061983
0.46162911498178816
0.5170265573244262
0.4987724701047326
0.4671251984897797
0.4781005080562963
0.6193443335905402
0.6469600394635737
0.543627614185068
0.6801138797345019
0.7131023534056664
0.7442912754821792
0.6530632325050468
0.655975227990613
0.6878085353036544
0.6904124458304857
0.7250081481248452
0.7539746337648421
0.7380202022604144
0.7530947191368487
0.7663696844186312
0.7504152529142035
0.7630955444296429
0.7739762843504306
0.7556276274850083
0.7683079190004478
0.7791886589212355
0.7608400020558131
0.7735202935712526
0.7844010334920403
0.7959485739303713
0.7850900953933888
0.7882811068015725
0.8004774660813553
0.8278581961873303
0.8444586816366824
0.8399634417648408
0.8407633665413418
0.8464408609818171
0.8540547968545167
0.8622045182853331
0.8629933278007552
0.8583790859524966
0.842957279413617
0.8270090777614167
0.7637978312570587
0.7420406514235064
0.7362512148822072
0.7337118232489874
0.7621414680575473
0.7655545579056301
0.7050683378782595
0.6778111298125026
0.663346280317092
0.6585410302172351
0.6888984597753178
0.6937464076602378
0.69734012427104
0.7125861673603047
0.6633167480097268
0.6122118037131464
0.5627078748638064
0.5140842170875943
0.49385797062923864
0.47442063872819146
0.45416576550473703
0.3058828150071239
0.40424922430636256
0.20606587063036116
0.40854484651327094
0.5051027459503404
0.3241873482899228
0.5253632305301312
0.5169972310859873
0.31514982173799155
0.5169772507995505
0.5092627981767572
0.3104278976794052
0.5056693392236273
0.4693281683420313
0.2657713437860929
0.33071107055922777
0.32063026300302877
0.2539611407355147
0.3212618295379427
0.3135473769151493
0.2468782546476352
0.34032067829247925
0.3463991206619958
0.28209096042377485
0.335144636163223
0.22657181465076576
0.2267392203911654
0.22889940758696564
0.22657181465076576
0.2267392203911654
0.22889940758696564
0.22657181465076576
0.2267392203911654
0.22889940758696564
0.22657181465076576
0.2267392203911654
0.22889940758696564
0.22657181465076576
0.2267392203911654
0.23020250122966684
0.22917800193616816
0.2334816557544208
0.1504379798781233
0.149640447734374
0.18489267200576115
0.32476760829074564
0.32397007614699636
0.16866717758091643
0.2719287775871617
0.308616838576459
0.31776502908135257
0.32369362647084193
0.32513444372833117
0.32907025966241993
0.3349988570519093
0.3390458615948009
0.345587864814292
0.3477480520100923
0.34542045907389235
0.345587864814292
0.3464735654555196
0.3490002036870823
0.3521822702435139
0.36245756090800213
0.37409097424814586
0.382981396240998
0.4001241355137765
0.42522572282033655
0.42173661260540923
0.419519039602784
0.3834717922149265
0.38165282562112063
0.3789399719966436
0.2889885084360337
0.3878957390666937
0.0776166267130124
0.36342545566463497
0.3505023049707992
0.0746064001256636
0.3943403546619292
0.36404047749073404
0.07301275075589073
0.39644559099245485
0.3745730474575455
0.07083798993197452
0.4123075101022406
0.3680964802161856
0.06736013546535706
0.38904319853813196
0.37293661861053057
0.09388261220407447
0.41915995090432817
0.37487221227680345
0.0538889583186162
0.05229530894884333
0.1340906465309879
0.13084662830214983
0.07794073407161736
0.13084662830214983
0.10366427329889523
0.1672808452215681
0.1656304763625029
0.1384481213592483
0.1672808452215681
0.1656304763625029
0.1384481213592483
0.1672808452215681
0.1656304763625029
0.1384481213592483
0.1672808452215681
0.1656304763625029
0.1384481213592483
0.19494584372068652
0.20084318213864252
0.17366082713538797
0.18200168230871283
0.1656304763625029
0.1384481213592483
0.1672808452215681
0.1656304763625029
0.1384481213592483
0.22657181465076576
0.2267392203911654
0.22889940758696564
0.22657181465076576
0.2267392203911654
0.22889940758696564
0.22657181465076576
0.2267392203911654
0.22889940758696564
0.22657181465076576
0.2267392203911654
0.22889940758696564
0.22657181465076576
0.2267392203911654
0.23020250122966684
0.22917800193616816
0.2334816557544208
0.1504379798781233
0.149640447734374
0.18489267200576115
0.32476760829074564
0.32397007614699636
0.16866717758091643
0.2719287775871617
0.308616838576459
0.31776502908135257
0.32369362647084193
0.32513444372833117
0.32907025966241993
0.3349988570519093
0.3390458615948009
0.345587864814292
0.3477480520100923
0.34542045907389235
0.345587864814292
0.3464735654555196
0.3490002036870823
0.3521822702435139
0.36245756090800213
0.37409097424814586
0.382981396240998
0.4001241355137765
0.42522572282033655
0.42173661260540923
0.419519039602784
0.3834717922149265
0.38165282562112063
0.3789399719966436
0.2889885084360337
0.3878957390666937
0.0776166267130124
0.36342545566463497
0.3505023049707992
0.0746064001256636
0.3943403546619292
0.36404047749073404
0.07301275075589073
0.39644559099245485
0.3745730474575455
0.07083798993197452
0.4123075101022406
0.3680964802161856
0.06736013546535706
0.38904319853813196
0.37293661861053057
0.09388261220407447
0.41915995090432817
0.37487221227680345
0.0538889583186162
0.05229530894884333
0.1340906465309879
0.13084662830214983
0.07794073407161736
0.13084662830214983
0.10366427329889523
0.1672808452215681
0.1656304763625029
0.1384481213592483
0.1672808452215681
0.1656304763625029
0.1384481213592483
0.1672808452215681
0.1656304763625029
0.1384481213592483
0.1672808452215681
0.1656304763625029
0.1384481213592483
0.19494584372068652
0.20084318213864252
0.17366082713538797
0.18200168230871283
0.1656304763625029
0.1384481213592483
0.1672808452215681
0.1656304763625029
0.1384481213592483
0.33676002763188195
0.34618093907360664
0.3271438495078303
0.3385920554678791
0.349844994745601
0.33263993301582184
0.34408813897587065
0.3553410782535925
0.3442406406912756
0.38479692826000184
0.39604986753772364
0.5156712017823414
0.49527371710325874
0.39115156211421603
0.5286868531535642
0.5603486716236094
0.6026418880095457
0.5413407540542617
0.5736469577608353
0.6057578947850818
0.6094108308018273
0.6231586924771421
0.6367112874701297
0.6218058814556165
0.6355537431309312
0.6491063381239188
0.6342009321094055
0.6455545684237255
0.6567129380557183
0.6246482817161766
0.6155542372183905
0.6267126068503833
0.6111904580007871
0.655979317565335
0.667137687197328
0.6787299004846535
0.6867500674317892
0.6954167295610135
0.701515442604273
0.7049754951138836
0.70267948091335
0.6976188819768602
0.6974607257364384
0.7019405921933168
0.7088954423263457
0.7158056074424478
0.7196510411874891
0.720889479589571
0.7223941123581943
0.7261976975666978
0.731249913055517
0.7308533087303085
0.7064468973534092
0.7108347707890104
0.7162690628490946
0.7447616654778425
0.7655830970875979
0.7726362306202668
0.7791082390719442
0.7852231783043057
0.7911745930378595
0.7971357363101248
0.8029896476714901
0.8082210561913579
0.7660496478309745
0.7227293105543052
0.6785128303159351
0.6343858261783908
0.5926660373945657
0.557895365252851
0.5361166885664876
0.44449460890263043
0.5474778581953326
0.3653808996904006
0.5334566601110449
0.6431983864758087
0.4482896715738226
0.6150623383517656
0.6341608599238774
0.4392521450218913
0.5968876516750051
0.5912137212385078
0.3993175151871654
0.569102690815752
0.5864917971799215
0.42392751466406275
0.4556228841570018
0.4730065976170587
0.4132761697955541
0.4208701451219146
0.43071100575303956
0.41540271070765633
0.45066114607711205
0.4283500437237464
0.37098057793153505
0.40623901330099077
0.4456916567640754
0.45801979787345487
0.38983582753497065
0.4031015518239513
0.4172617207693279
0.3953319110429621
0.40859763533194277
0.42275780427731946
0.4008279945509536
0.4140937188399343
0.4282538877853109
0.543150474033342
0.565753575193027
0.49378099391408264
0.6265915369568441
0.660070873755821
0.6944446552111938
0.6933728432313528
0.6381564541169072
0.6731746208088087
0.6721028088289677
0.6876681888332141
0.7041280134938566
0.6604456936699836
0.6648505337108634
0.681310358371506
0.6701937686701298
0.7100640647797976
0.7241296640794452
0.7021052847073506
0.7152764393506023
0.72934203865025
0.7073176592781554
0.7204888139214073
0.7345544132210549
0.7505212322664722
0.7615491635450808
0.7725422207195635
0.7799360047827459
0.7839740314058213
0.7827839538410037
0.7787492159353704
0.7802875486658419
0.7860561071666416
0.7943969372419086
0.7929447999105816
0.7713210249190832
0.7738028554021887
0.7715594901369245
0.8079638503706745
0.8102173053666496
0.8124453449168434
0.8174548993271433
0.8221580943134078
0.8283773879100716
0.8358344598142146
0.84007566366761
0.8442821653783732
0.847726057196944
0.8504975196635609
0.8557092532140543
0.8609448875236473
0.832816753791019
0.8358177505643689
0.7927823500604386
0.7683215046132348
0.7393405666994503
0.6937162747185912
0.6736891539988201
0.6541270476707454
0.6330261695438809
0.5319890879260465
0.6183223341216461
0.4157729497748709
0.5840957391186861
0.6700903391703259
0.4634690158821531
0.630488711583267
0.6606449293489913
0.48466932366588755
0.6573154376288262
0.6881232022159011
0.4849222710477753
0.654954475599533
0.6834012781573147
0.4754784229306026
0.4984542461768565
0.4994906670421727
0.4779447120367441
0.5605784122329371
0.4924077809542932
0.4708618259488647
0.5558564881743508
0.49004681892500007
0.4708618259488647
0.5558564881743508
0.4640886080661562
0.5294546737571709
0.5482879875642123
0.4659206359021534
0.5331187294291652
0.5537840710722038
0.47141671941014485
0.5113366813923579
0.5592801545801954
0.5468742572001137
0.5520454706764891
0.6378369439730045
0.6040855080123072
0.5693582316410419
0.6508525953442271
0.6876772520578833
0.7313449259750792
0.7528466073948756
0.7009755381951095
0.7395424315357867
0.7315765729924905
0.7504872729114163
0.7704958242208345
0.7439716236462794
0.7628823235652054
0.7828908748746235
0.7563666743000687
0.7728831488579996
0.7904974748064231
0.7512063368967812
0.7428828176526647
0.7604971436010881
0.7315787176655384
0.7806234814187224
0.8009222239480328
0.8206362982422377
0.8326095802111478
0.844336079489013
0.8524608698236212
0.8572615881656942
0.8570149644368119
0.8537456573175259
0.8547994714951351
0.8607539416235898
0.8632741114038313
0.8645490221202533
0.8619115052580627
0.8554870458611856
0.8546944403122858
0.8567939749087937
0.8606271143666933
0.8582927634011049
0.8365569321315861
0.8425822532083596
0.8498316574466304
0.8809524658552091
0.8941209785888942
0.8936999144408239
0.8902252836805349
0.8860154397797063
0.8905109137682031
0.8954822566576898
0.8964847842595256
0.8963339794482351
0.8423541193101497
0.7848745345403452
0.7313295688575475
0.6783329019174943
0.6186329154552148
0.5704019031814177
0.541270977949717
0.43585252843328715
0.5549310040716602
0.3591009731745649
0.5380167894888346
0.648352675859038
0.44200974505798685
0.6196224677295553
0.6393151493071068
0.43297221850605555
0.5989665548675962
0.596368010621737
0.39303758867132965
0.573662820193542
0.5931160635158238
0.4188064463302966
0.4601830135347917
0.478160887000288
0.4564854412125778
0.5232107839136797
0.435865295136269
0.41418984934855874
0.5097775385444996
0.4335043331069757
0.41418984934855874
0.5097775385444996
0.4441785728633232
0.4571099007937328
0.5294303712312982
0.5449889965650393
0.4607739564657273
0.5349264547392898
0.5504850800730308
0.4662700399737188
0.5131444067024824
0.5559811635810223
0.4717661234817102
0.5837666218639507
0.609856788210491
0.537293229610482
0.6672076847874528
0.70297992263119
0.7379568909075932
0.7339889910619615
0.6810655029922764
0.716686856505208
0.7127189566595763
0.7305772377085833
0.7476402491902561
0.6950950762318007
0.7077595825862327
0.7248225940679054
0.7165570472614727
0.7529731136551666
0.7676418997758446
0.7427214325379593
0.7581854882259713
0.7728542743466493
0.7479338071087641
0.7633978627967763
0.7780666489174543
0.7936511477674361
0.8018781724426651
0.8094251740510343
0.8128575338386562
0.8131944965612351
0.8119096467748889
0.8079825178351688
0.8091174702709115
0.8152230808225553
0.8230956461747421
0.8027351707674684
0.8001125168388021
0.8037947729335267
0.8265336757371639
0.8458206116940139
0.8478894085810769
0.8512505213828521
0.8504043551622502
0.8497804527042561
0.852418286607234
0.8596373373313966
0.8715061698606057
0.8839459018117961
0.8952505091738157
0.9063911394106245
0.9104682299352235
0.8904837015151289
0.8787914293775718
0.8765849937959097
0.8381031957610795
0.8122932908664147
0.7647691345391953
0.71968476424541
0.6968014602101571
0.6737533099804578
0.6468601768647996
0.5395559750255213
0.6321563414425648
0.4233398368743459
0.574766403807125
0.6835164632218413
0.4710359029816281
0.6383671677166782
0.6868258995364729
0.49721108220583643
0.6651938937622373
0.7019572095368198
0.4924891581472502
0.6628329317329441
0.6972352854782334
0.4830453100300775
0.4919848578676032
0.5133246743630914
0.4360224012033597
0.5684568683663483
0.6052201841409308
0.4289395151154802
0.5364568127629632
0.6028592221116377
0.4289395151154802
0.46475654844204306
0.3971733722627647
0.4451541710917703
0.4342795299108243
0.3990054000987619
0.4043960939876433
0.3953534806426945
0.44892361638287465
0.46114006202406294
0.4360622699268256
0.4452102728908846
0.450600966779766
0.5435205505059175
0.5546197023123992
0.44570266135625836
0.5914004007804368
0.6207620162544919
0.6639972264859557
0.6933944128310852
0.634060302391718
0.6603089940271242
0.6721243784287
0.6835720371080248
0.6912623867121721
0.6845194290824892
0.6959670877618138
0.7036574373659611
0.6969144797362782
0.7059679130546082
0.7112640372977607
0.6731016850843426
0.6759675818492732
0.6812637060924257
0.6874909565272252
0.7163926621962179
0.7216887864393704
0.7272244738210497
0.734831593657558
0.7421605942399458
0.7483664493365818
0.7523576074377043
0.753748835920544
0.7529775286754813
0.7561754783273699
0.7644793990142844
0.77317172402169
0.7822220289196189
0.7866454823236635
0.78757842001165
0.787961939112665
0.7900978877928476
0.7928867022721884
0.7714280032406718
0.7632152404020869
0.7660411815850042
0.7751928683179786
0.8106600277759596
0.8143195370505553
0.8180244128562667
0.8206369938947364
0.8230484043890041
0.8239517291341023
0.8247623283535779
0.8284584192291967
0.8327363779860225
0.7898963651782467
0.746915977550261
0.7002952429559006
0.6486682938590501
0.5928021882290262
0.569848486375782
0.5466149925231578
0.460934823919909
0.5671238628770627
0.3742048545388797
0.540592607793648
0.6536966904324789
0.45711362642230163
0.6221982860343688
0.6446591638805477
0.4480760998703704
0.5883371068971873
0.6017120251951779
0.4081414700356445
0.5762386384983553
0.6126453153081275
0.43391032769461146
0.4627588318396051
0.48350490157372883
0.4221001246440332
0.4204216020557024
0.4412093097097098
0.37980453278001414
0.413374960983594
0.43884834768041653
0.37980453278001414
0.45779709375971533
0.3936468491978452
0.35386183673409805
0.34422794992143146
0.3492247164217239
0.35386183673409805
0.34422794992143146
0.3492247164217239
0.35386183673409805
0.34422794992143146
0.3492247164217239
0.35386183673409805
0.34422794992143146
0.36384810279363117
0.3890745425102377
0.3807437493402723
0.37959325164441327
0.3606042720973534
0.3551066333625398
0.2722933495053321
0.27846053061015685
0.40488344484907174
0.4114102721418149
0.28695999391561217
0.41729218908263066
0.4312697403474172
0.4448876454242852
0.43902216880530776
0.4477873454992894
0.45619287600535263
0.450327399386375
0.4616987633657591
0.4727104811572247
0.46307659434455806
0.4680733608448506
0.4727104811572247
0.5034319839053137
0.5190848186158786
0.524558889249674
0.5154413455406379
0.5058671116587843
0.5086034250454744
0.5111886662282401
0.5077254547228627
0.5037038243974322
0.5060633706244171
0.5077645915694355
0.5120760494997862
0.5162963945142925
0.430574654550796
0.49352268336217914
0.0776166267130124
0.46125538879540284
0.4262395419948854
0.0746064001256636
0.465370032307924
0.43258016412546346
0.07301275075589073
0.4674639602386677
0.4695265028537416
0.10605069570811418
0.5044854102677966
0.44878630195324426
0.06736013546535706
0.47317839636674724
0.43929012478796353
0.05866990642793482
0.46228003898053127
0.4306602045314862
0.0538889583186162
0.2656087342834102
0.314600145793557
0.04910801020929756
0.31300649642378403
0.18363475046842856
0.2115221120538215
0.40234660757373475
0.27297486161837936
0.30086222320377226
0.40234660757373486
0.27297486161837936
0.3095877511220224
0.4020109689564624
0.27263922300110693
0.3345174404442456
0.36679826318032277
0.23742651722496727
0.30086222320377226
0.36679826318032277
0.23742651722496727
0.30086222320377226
0.36679826318032277
0.23742651722496727
0.30086222320377226
0.36679826318032277
0.23742651722496727
0.30086222320377226
0.3936468491978452
0.35386183673409805
0.34422794992143146
0.3492247164217239
0.35386183673409805
0.34422794992143146
0.3492247164217239
0.35386183673409805
0.34422794992143146
0.3492247164217239
0.35386183673409805
0.34422794992143146
0.36384810279363117
0.3890745425102377
0.3807437493402723
0.37959325164441327
0.3606042720973534
0.3551066333625398
0.2722933495053321
0.27846053061015685
0.40488344484907174
0.4114102721418149
0.28695999391561217
0.41729218908263066
0.4312697403474172
0.4448876454242852
0.43902216880530776
0.4477873454992894
0.45619287600535263
0.450327399386375
0.4616987633657591
0.4727104811572247
0.46307659434455806
0.4680733608448506
0.4727104811572247
0.5034319839053137
0.5190848186158786
0.524558889249674
0.5154413455406379
0.5058671116587843
0.5086034250454744
0.5111886662282401
0.5077254547228627
0.5037038243974322
0.5060633706244171
0.5077645915694355
0.5120760494997862
0.5162963945142925
0.430574654550796
0.49352268336217914
0.0776166267130124
0.46125538879540284
0.4262395419948854
0.0746064001256636
0.465370032307924
0.43258016412546346
0.07301275075589073
0.4674639602386677
0.4695265028537416
0.10605069570811418
0.5044854102677966
0.44878630195324426
0.06736013546535706
0.47317839636674724
0.43929012478796353
0.05866990642793482
0.46228003898053127
0.4306602045314862
0.0538889583186162
0.2656087342834102
0.314600145793557
0.04910801020929756
0.31300649642378403
0.18363475046842856
0.2115221120538215
0.40234660757373475
0.27297486161837936
0.30086222320377226
0.40234660757373486
0.27297486161837936
0.3095877511220224
0.4020109689564624
0.27263922300110693
0.3345174404442456
0.36679826318032277
0.23742651722496727
0.30086222320377226
0.36679826318032277
0.23742651722496727
0.30086222320377226
0.36679826318032277
0.23742651722496727
0.30086222320377226
0.36679826318032277
0.23742651722496727
0.30086222320377226
0.5887641053489436
0.51057810110185
0.5503729944626121
0.6258088389610804
0.5494548625499839
0.544586242790778
0.5960922166929324
0.5197382402818358
0.503430495220301
0.5660399558075118
0.5252343237898274
0.5467745788369704
0.6116836951394471
0.5555487241424593
0.639425068760454
0.6975523991844552
0.747002958439589
0.7414190808111025
0.6911242952187658
0.7257329240372038
0.7201490464087174
0.7406360299350728
0.7566863167222517
0.7325440970625064
0.7530310805888618
0.7690813673760407
0.7449391477162955
0.7507077943541477
0.7414752615317006
0.7149388165109606
0.7330315746763212
0.7790660152159126
0.7553638968579051
0.7734566550232658
0.78711271644945
0.8018662901969795
0.8089468220502106
0.8143091123519782
0.8199903754049553
0.8232684978357139
0.8235059204697398
0.8216253173338346
0.8218039104808655
0.8267846263879205
0.8357891045371875
0.8453210633536382
0.855157726464953
0.8631289722116293
0.8689814739155185
0.8765349282039052
0.8468079885798703
0.8522662695952814
0.8599144968566066
0.8796634371447258
0.9073838117878409
0.9138765832515623
0.9211470845866484
0.9266767392500513
0.9314733314425686
0.9349015859068109
0.9369867946425523
0.9386175559630283
0.9405141911921869
0.9425293299250308
0.8895175962753181
0.8356494581420653
0.7770220912354465
0.6917904248616255
0.6642364798188123
0.6380625845836243
0.6223562846086568
0.5312528016396743
0.632656452637899
0.4169263866513047
0.5961586432402549
0.7192292801933153
0.4998351585347266
0.6777643214809757
0.710191753641384
0.4659127538068643
0.6341656359742553
0.6672446149560144
0.4508630021480695
0.6499066457180049
0.6977353966735677
0.4766318598070365
0.518324867286212
0.5490374913345654
0.4999598116165914
0.5726413163545061
0.5067418994705462
0.4447371312804998
0.5679193922959198
0.5589372005308507
0.4447371312804998
0.5679193922959198
0.5276771404560638
0.48765336921916297
0.532076607479924
0.5739313010681824
0.49131742489115726
0.5375726909879157
0.5794273845761737
0.4968135083991488
0.47136851017498704
0.5303672049945677
0.5467317246832616
0.5692688568812542
0.6618617016042321
0.6122588308120331
0.6971320525808775
0.7319222271343331
0.7685003593330233
0.7639133588553862
0.7100078074954195
0.7472303249306382
0.7262210995343612
0.7243068364355866
0.7429710118395464
0.7198256693306504
0.7705743797628508
0.790578768269475
0.7674334257605793
0.7819154181583097
0.7981853682012746
0.772645800331384
0.7871277927291144
0.8033977427720794
0.7778581749021888
0.7923401672999194
0.8086101173428843
0.826928869610419
0.834828151605681
0.8417323662097417
0.8436754303249833
0.8230858191345993
0.8063098009614393
0.8030134729081928
0.822427450475219
0.8499370696818495
0.8592670768963911
0.867320177706116
0.8697607235644909
0.8683255941910751
0.8676667884900777
0.8695095698862657
0.873087169744539
0.8778525044760223
0.8834033261876977
0.8893468990453863
0.8974018680238696
0.9072088452858804
0.9108898158043367
0.8883882922156757
0.8701391368176775
0.8578530546840223
0.8519469094739133
0.8616623804290062
0.8590505540295221
0.8583356483956457
0.8194003965186117
0.7780192862916977
0.7285400478285569
0.6760368149550392
0.6562859089769842
0.6355342419930785
0.6122745151694958
0.4972375362520213
0.5643448738037369
0.3500605694410197
0.5197138929680132
0.6489308015265376
0.46366680203016025
0.6365322769848736
0.675105980750746
0.45914452054864996
0.6281462972542929
0.667371547841516
0.45442259649006367
0.6257853352249998
0.6340623626339317
0.4097660425967514
0.44188011701397023
0.47873901266778757
0.39795583954617314
0.531409271858404
0.5706345224456271
0.3908729534582937
0.5266873477998177
0.5682735604163338
0.4159685356435726
0.5346219220311585
0.5686625116111785
0.4653085254166371
0.5013287359156418
0.5352818336710361
0.4516878728576806
0.501757754266895
0.5407779171790276
0.4571839563656721
0.5345319693196854
0.546274000687019
0.46268003987366363
0.5778760529363549
0.5919177400189545
0.4929944402262956
0.638994994765175
0.6932727597371868
0.7288708072995466
0.7280984221343656
0.6713583400982732
0.7076007728971614
0.7068283877319804
0.72087007481458
0.7385541655822093
0.7192234383857696
0.7332651254683691
0.7509492162359984
0.7125503514691388
0.7080532449850236
0.7233431103916582
0.7047844375633814
0.7484783253319682
0.7637681907386027
0.7420432381811682
0.753690699902773
0.7689805653094076
0.7846960196567034
0.7951848036379285
0.8052749528455219
0.8095935632322555
0.810070357395712
0.8037933120184576
0.7943651934310261
0.7887288989261095
0.7877877921301271
0.7878529244351421
0.7883619490661614
0.7885324264993843
0.7859060256361424
0.7853098598943009
0.753966596352282
0.7576414953811069
0.7593452465753728
0.7781034369315531
0.7979250595217843
0.8013684110124945
0.8073737366979273
0.8129422846872979
0.8181315176980001
0.8220364761746003
0.8255451311831317
0.8300148426981095
0.8348611561646911
0.8398940915042731
0.8440949385495667
0.7999869259479092
0.7491965642632221
0.676146416670772
0.6314412505120732
0.6130955855058928
0.6075263911803884
0.602922962260703
0.4989743563387956
0.5882191268384682
0.3846479413504262
0.5484299160005512
0.6747919543938844
0.46755671323384806
0.630035594241272
0.6413480846652587
0.4233064809057771
0.5864369087345517
0.6228072891565835
0.4384287275449005
0.6192886524813982
0.6532980708741368
0.44435341450615784
0.47059614004650824
0.5046001655351344
0.4025237489719311
0.42593419324908344
0.5067267064472366
0.4346697523676818
0.4212122691904972
0.45994361164182207
0.3902476195915605
0.4212122691904972
0.3854319736566142
0.3945287134109894
0.37635754834198465
0.38726400149261136
0.39819276908298373
0.4262757646260974
0.43718221777672417
0.40368885259097526
0.3873497153579676
0.44267830128471575
0.453607068875088
0.4970039702067881
0.5780910094823882
0.5191341750038597
0.6131132577638582
0.6442333234244811
0.6753757035248498
0.6798945640383668
0.6182211192575442
0.6188929633463249
0.623411823859842
0.6366179327257346
0.6696218995967027
0.6710195802897708
0.6842256891556633
0.6974541124613015
0.6834146309435598
0.6942265144484576
0.7050607123931011
0.6886270055143645
0.6994388890192624
0.7102730869639058
0.6938393800851694
0.7046512635900672
0.7154854615347108
0.7270859605340272
0.7336720541438485
0.7096058985842276
0.7162043532426322
0.7203008236089358
0.7479027487081862
0.747546521445141
0.7468091698730615
0.7509133958846306
0.7584103415208423
0.7660087487108483
0.7706322271750383
0.7727917813231449
0.7697470624417155
0.7691806555700159
0.7695398016614627
0.7702485566937057
0.775261185073975
0.7795015245797142
0.7848035927343165
0.7905602192510702
0.7617743624235455
0.7669368605729165
0.7711538369435537
0.7935769606934683
0.8162690288937561
0.8225375244777122
0.8265991561320424
0.8290969397445409
0.7819770900354284
0.7338383841256216
0.686706007017535
0.6407008447053545
0.6182348073636517
0.5958035952931511
0.5737366177214527
0.45536811062109844
0.5238200765230783
0.33552797934829776
0.5028063494798177
0.6401896752512181
0.4536494570078594
0.619624733496678
0.6365680833027029
0.44461193045592806
0.6112387537660975
0.6288336503934729
0.4398900063973418
0.5838974708266752
0.5888990205587468
0.3952334525040295
0.4249725735257747
0.4402011152197444
0.3834232494534512
0.4155233325044896
0.4570323291027744
0.45597520191783275
0.49043624699816424
0.44922640667614266
0.3763403633655718
0.4108014084459033
0.3793455237010538
0.387248328343419
0.3687222199509007
0.38117755153705096
0.39091238401541334
0.3742183034588922
0.38667363504504243
0.3964084675234049
0.37971438696688364
0.39216971855303395
0.40190455103139633
0.522036866449272
0.5367918537506882
0.4380016397387531
0.6054779293727742
0.6381468734689206
0.6680953184572792
0.6722592356472828
0.6162324538300069
0.6468252840548941
0.6509892012448977
0.6657441885463139
0.6777786767399421
0.6633842518986869
0.6781392392001029
0.6634367674117673
0.6405665967763362
0.6529273587167574
0.6730476274364676
0.6809916771232806
0.6933524390637019
0.7029927018963354
0.6862040516940855
0.698564813634507
0.7082050764671404
0.7177546151211545
0.7255177772834259
0.7329591164378313
0.7387552530215253
0.7426054931287537
0.7419538565773489
0.739366185002551
0.7400331317654706
0.7452598017180269
0.7547804286759782
0.7651293839022791
0.7692510182245242
0.7548568892477515
0.7361846605486213
0.7387167507224098
0.7420514608674059
0.7804646087209918
0.7845513371474284
0.7870750057081304
0.7910602476540775
0.7970605159380331
0.8051007719799225
0.813225217320245
0.8200053708277393
0.826620301939645
0.8309635879863698
0.8351105357732093
0.8405716319050455
0.845239616012551
0.7708637405134205
0.7173092136302094
0.6664226031669036
0.6205392820530631
0.6188380845944726
0.5885384274097775
0.5567756803084091
0.4443842699489251
0.5420718448861743
0.33545706399714426
0.5058962335296844
0.6286446724415905
0.40891636368606843
0.5522892059942655
0.5843944401135195
0.3741156035524953
0.5500059405741027
0.6118727129804293
0.40460638527004866
0.5767549700105313
0.6071507889218429
0.39516253715287597
0.42806245757564143
0.441128295111845
0.348139628326158
0.38340051077821663
0.4161572917188214
0.34105674223827864
0.37867858671963034
0.41379632968952823
0.34105674223827864
0.37867858671963034
0.3450629056263769
0.3498253172794703
0.3395279085862868
0.3450629056263769
0.3498253172794703
0.3395279085862868
0.3450629056263769
0.3498253172794703
0.3395279085862868
0.3450629056263769
0.3498253172794703
0.37380112994255565
0.3802756114025166
0.3850380230556099
0.3489447695438478
0.34766909291177933
0.3565677526427256
0.3504065920273951
0.26813153870998513
0.27442401115552906
0.40018340351392717
0.4072484613464679
0.2829234744609844
0.41259214774748615
0.4271079295520703
0.4408511259696574
0.4343221274701631
0.4436255347039424
0.4521563565507248
0.44562735805123044
0.4575369525704121
0.46867396170259695
0.45837655300941343
0.47274325808015705
0.5038866674787366
0.5097048103928615
0.5054999647525055
0.4691743284427581
0.46886201972646824
0.4689570611323199
0.46886385362152505
0.46845793711660044
0.4636369700742257
0.45909820254279704
0.4578550681376642
0.45633339395180883
0.4599856669443736
0.464344175965002
0.382601762669327
0.4583394980292878
0.0776166267130124
0.4311620761935087
0.4069085167606681
0.0746064001256636
0.44805634834858615
0.4167380794235762
0.09161546900446499
0.4865875214387716
0.45604619736083235
0.0946142624843615
0.4532480855706103
0.4229132260233387
0.06736013546535706
0.4435200786511199
0.41194226603287215
0.05866990642793482
0.42540976452169577
0.39882198369133054
0.0538889583186162
0.22528723230029415
0.24371049092851454
0.08060435285416169
0.27766518595215367
0.1618085765231746
0.31164540416244146
0.3670052971021045
0.2511486876731253
0.2760970597690294
0.3314569527086924
0.2795250815633773
0.311309765545169
0.3666696584848321
0.26515216974822564
0.2760970597690294
0.3314569527086924
0.2511486876731253
0.2760970597690294
0.23247855684297347
0.1521702918074064
0.2760970597690294
0.23247855684297347
0.1521702918074064
0.2760970597690294
0.23247855684297347
0.1521702918074064
0.2760970597690294
0.3450629056263769
0.3498253172794703
0.3395279085862868
0.3450629056263769
0.3498253172794703
0.3395279085862868
0.3450629056263769
0.3498253172794703
0.3395279085862868
0.3450629056263769
0.3498253172794703
0.37380112994255565
0.3802756114025166
0.3850380230556099
0.3489447695438478
0.34766909291177933
0.3565677526427256
0.3504065920273951
0.26813153870998513
0.27442401115552906
0.40018340351392717
0.4072484613464679
0.2829234744609844
0.41259214774748615
0.4271079295520703
0.4408511259696574
0.4343221274701631
0.4436255347039424
0.4521563565507248
0.44562735805123044
0.4575369525704121
0.46867396170259695
0.45837655300941343
0.47274325808015705
0.5038866674787366
0.5097048103928615
0.5054999647525055
0.4691743284427581
0.46886201972646824
0.4689570611323199
0.46886385362152505
0.46845793711660044
0.4636369700742257
0.45909820254279704
0.4578550681376642
0.45633339395180883
0.4599856669443736
0.464344175965002
0.382601762669327
0.4583394980292878
0.0776166267130124
0.4311620761935087
0.4069085167606681
0.0746064001256636
0.44805634834858615
0.4167380794235762
0.09161546900446499
0.4865875214387716
0.45604619736083235
0.0946142624843615
0.4532480855706103
0.4229132260233387
0.06736013546535706
0.4435200786511199
0.41194226603287215
0.05866990642793482
0.42540976452169577
0.39882198369133054
0.0538889583186162
0.22528723230029415
0.24371049092851454
0.08060435285416169
0.27766518595215367
0.1618085765231746
0.31164540416244146
0.3670052971021045
0.2511486876731253
0.2760970597690294
0.3314569527086924
0.2795250815633773
0.311309765545169
0.3666696584848321
0.26515216974822564
0.2760970597690294
0.3314569527086924
0.2511486876731253
0.2760970597690294
0.23247855684297347
0.1521702918074064
0.2760970597690294
0.23247855684297347
0.1521702918074064
0.2760970597690294
0.23247855684297347
0.1521702918074064
0.2760970597690294
0.32958393193365315
0.36155090410558854
0.352270963653306
0.3597990426335589
0.3303468897979554
0.32255434138515787
0.33008242036541074
0.3354983375094348
0.3280504248931494
0.3355785038734024
0.3409944210174263
0.4703729043755378
0.4802006390710566
0.3713088213700583
0.5186012615229002
0.57677677967254
0.6071851884433093
0.6205952735735485
0.5596412391503753
0.5859151540409242
0.5993252391711634
0.6091529738666822
0.616868546725972
0.6117202898249525
0.6215480245204712
0.629263597379761
0.6241153404787415
0.5983777648791492
0.6016574915354209
0.5941150092734065
0.6186952253581854
0.6420825718823653
0.6345400896203511
0.6419735989548753
0.6472949464531703
0.6521562727983674
0.6545627096699906
0.656902254237402
0.6572681436494661
0.6550610052874919
0.6497742593842578
0.6426009186483984
0.6423377876332919
0.6481214629402291
0.6557301951843024
0.6641018310205982
0.6751022920503176
0.6853056416662417
0.6956051816402242
0.6783416908898887
0.6803082784191912
0.6876862192263914
0.7042888281445614
0.7377512193760678
0.7414099605934754
0.744333333163052
0.7481644042730168
0.7508827382335358
0.7568109159803112
0.7629522896156826
0.7703932449671568
0.7785891572991337
0.7782936886153943
0.7751385924836665
0.7167654948886107
0.6524537172091218
0.5663886419653601
0.5139127426024199
0.4805470194831587
0.45714371669689013
0.4518869035323458
0.3112706371335755
0.43718306811011104
0.2453103606467112
0.5260680645263063
0.5237558956655273
0.32821913253013313
0.5183336316170762
0.4930470420569431
0.2839689002020622
0.47473494611035594
0.4717712304282264
0.2960086586007282
0.5075866898572025
0.5022620121457796
0.3050158338024429
0.3588941774223125
0.3535641068067772
0.26442913055510275
0.31423223062488764
0.31126851494275803
0.2509100388878456
0.3095103065663014
0.30890755291346494
0.2509100388878456
0.3095103065663014
0.32793735908059496
0.3348469790114598
0.32297183958326847
0.3297693869165921
0.33851103468345417
0.32846792309126
0.3352654704245836
0.3440071181914457
0.3339640065992515
0.3407615539325752
0.34950320169943716
0.48679777748027375
0.520596394906369
0.41503030782820893
0.559727549005142
0.5867387088484619
0.6156939691253202
0.6265088552796507
0.5642346366510059
0.5592112289467954
0.5700261151011258
0.5791233181497153
0.6062449228405775
0.6176338715310546
0.626731074579644
0.637772378061772
0.6300289221848436
0.6367318998724384
0.6453789779935715
0.6352412967556483
0.6419442744432431
0.6505913525643763
0.6404536713264533
0.6471566490140481
0.6558037271351812
0.6645689286030924
0.672826466438633
0.6575247679812377
0.667669353835229
0.6752666788494855
0.7076144661547143
0.7062486899432788
0.7043394128649189
0.707084865600314
0.6680280239798718
0.6613023948958381
0.6554946348209891
0.64807133390893
0.6393206921403989
0.6316738586554117
0.6249025632226111
0.644218101899607
0.6588105185312978
0.6710796042386643
0.6867585606476027
0.6942272299045059
0.6886297979002137
0.7078199624495699
0.7176170667533832
0.7508130051447808
0.7584411034910046
0.7567740647937026
0.7533246738834446
0.7486275831726005
0.6961876184697423
0.6415796999385446
0.5910568868151792
0.5413180403343171
0.5159357018739186
0.4910298141306493
0.46628647139689566
0.28759027910530294
0.4194862981822747
0.20817732859252552
0.5060903964028807
0.5412718315138306
0.3262988062520871
0.5299246833062919
0.5322343049618994
0.3172612797001559
0.5215387035757112
0.5244998720526693
0.31253935564156954
0.4853075033305724
0.48456524221794334
0.2678828017482573
0.3352725233353885
0.3358673368789409
0.256072598697679
0.3538272879117326
0.36399715656720105
0.28420241838593924
0.33548322937470954
0.3264234887617683
0.24898971260979957
0.32110135825551706
0.36112956354566655
0.36698465507064454
0.3515398744576547
0.36296159138166373
0.3706487107426389
0.35703595796564624
0.36845767488965525
0.3761447942506304
0.3625320414736377
0.3739537583976469
0.3816408777586218
0.5048545209560261
0.5185758935953011
0.42577196313597127
0.5882955838795283
0.6199309133135336
0.6478316451845049
0.6550768901540369
0.5980164936746198
0.6265616107821197
0.6338068557516517
0.6475282283909266
0.6575150034671676
0.6462019064054408
0.6528273293628906
0.634697348344817
0.6233842512830902
0.6347113985613703
0.667994585833787
0.6638093316300346
0.6751364789083147
0.682729028623561
0.6690217062008396
0.6803488534791197
0.6879414031943659
0.693801883076024
0.7015969023993543
0.7085133760912579
0.714590443009537
0.7170361125023035
0.7141263209052389
0.7091722531666159
0.7085437411089567
0.7134110712729722
0.7200710198026204
0.7270074955288922
0.7076999008359017
0.6773385220336732
0.6654614705173683
0.6544540021958416
0.6831335928819163
0.6785422546073162
0.6716839649859511
0.6648449284582624
0.6692662487300279
0.6783301270726771
0.6934501012782969
0.7089654783943731
0.7237138654335038
0.7374515253630501
0.7564948002620656
0.774656356777102
0.7719342890214368
0.7534940137113166
0.7048501419953916
0.6534891209929351
0.6331204174505417
0.5875821621328885
0.5609271526162086
0.5339824509536186
0.5047474679180535
0.38438316122585736
0.4900436324958187
0.2869090508475382
0.5504795875477543
0.5545668946445865
0.33460511695482054
0.5075324488623846
0.5323662277231641
0.3429683613597752
0.5343591749079437
0.5598445005900737
0.35605837212044256
0.5319982128786506
0.5551225765314873
0.34661452400327
0.3833057004437606
0.3718782517672567
0.29959161517655203
0.33864375364633575
0.36412907932846583
0.2925087290886726
0.3339218295877495
0.3617681172991727
0.2925087290886726
0.3339218295877495
0.3893071197374098
0.4055057338925365
0.3749739106328
0.39113914757340695
0.4091697895645309
0.38046999414079147
0.3966352310813985
0.4146658730725224
0.38596607764878293
0.4021313145893901
0.4364442858775842
0.5635012629073111
0.581966155563184
0.4856890627092856
0.6117296200546735
0.6191064848063549
0.6511400182302571
0.6432982205530424
0.5933209474292139
0.6650826896040117
0.657240891926797
0.6757057845826698
0.6960360822890597
0.6696359425805861
0.6881008352364588
0.7084311329428487
0.6820309932343751
0.6981016605292533
0.7160377328746482
0.6872433678051799
0.703314035100058
0.7212501074454529
0.6573539118140662
0.6733137038947232
0.6912497762401182
0.732590414319198
0.7588258085447033
0.7723613920608093
0.7817822473425095
0.78777161175199
0.785291068755536
0.7798675381648261
0.7804525170685368
0.7857872617018756
0.7955865076322743
0.805542582273856
0.8121470456757022
0.8162009756594091
0.8156329235574339
0.8168669456656806
0.8179924736776211
0.820297185588936
0.8099713741811007
0.7894810662805242
0.7931911656938313
0.798171326319771
0.8254268309275551
0.8324963205860452
0.8299123048079508
0.8262985485219542
0.8340245050469698
0.8425276014439826
0.8514584452879479
0.8607355782324292
0.8135263294186205
0.7643986718595447
0.7147103777944085
0.6642674645481406
0.6304470473254367
0.5849809331361884
0.5621748976201577
0.45849754445399915
0.5628889792340689
0.38193632535657546
0.6420337514749203
0.6692565955294789
0.4648450972399973
0.6342993185656903
0.6602190689775476
0.4558075706880661
0.6227670891834356
0.6172719302921779
0.4158729408533401
0.5883396710296768
0.6125500062335915
0.4328302057190988
0.4748598643709266
0.49906480667072883
0.4298315954617289
0.5203497860814204
0.5557476106724286
0.3875360035977098
0.5244543893806345
0.5533866486431355
0.3875360035977098
0.4254759935149155
0.4352679573586219
0.4455792475052666
0.4238833086911983
0.43709998519461907
0.4492433031772609
0.4293793921991899
0.44259606870261053
0.4547393866852525
0.4348754757071814
0.44809215221060206
0.460235470193244
0.5771979551895697
0.5962764635305379
0.5257625763220156
0.6606390181130718
0.6940693071264887
0.726426237619127
0.7274203243875805
0.6721548874875751
0.7051562032167418
0.7061502899851955
0.721666622203882
0.7361095959017897
0.6989043600498025
0.6988489670815314
0.713291940779439
0.6985016663200524
0.7440624981504653
0.7561112464873783
0.7361527658635784
0.74927487272127
0.761323621058183
0.7413651404343831
0.7544872472920751
0.766535995628988
0.7778658733937642
0.7890094923596382
0.8018694093015238
0.8128001493897558
0.8220871467140625
0.8226071139695446
0.8200277119087772
0.8220788748307843
0.8287735983779851
0.8071339372901752
0.8082428521737763
0.8096665395777171
0.8302903571561199
0.8407881308458397
0.8424094128519852
0.8457714259761329
0.8502310546770012
0.8565634474398165
0.8622110165933932
0.8688808302450902
0.8767127616134359
0.8835828690962598
0.8891622172694241
0.8941169954673397
0.8934608098228823
0.867329898410731
0.8710560476904203
0.8746537662102921
0.9025417508879479
0.8607938393628982
0.808090113197923
0.755545805825313
0.7034191840988322
0.6794564095139639
0.6548295491141158
0.6305187497869226
0.529181324081828
0.6158149143646877
0.3953928683347304
0.6306013017891369
0.6671750361439643
0.4606612520379348
0.6352349800557698
0.6933502153681727
0.48683643126214327
0.6496935949254659
0.6856157824589427
0.48211450720355686
0.6473326328961728
0.6808938584003563
0.4548106494762289
0.46342741468514315
0.49698324728521437
0.47513694819252583
0.552956569529577
0.4899003611973348
0.4680540621046464
0.5482346454709907
0.48753939916804173
0.4680540621046464
0.5482346454709907
0.3771287399022634
0.4166082001427096
0.46259073011460544
0.4215508726783847
0.45176142598716457
0.49780343589074505
0.45676357845452437
0.42383763777888755
0.46259073011460544
0.4215508726783847
0.3893300685979108
0.46259073011460544
0.47610713576798236
0.3893300685979108
0.36491542789158765
0.47871332305338476
0.4950508998268851
0.37449101768999477
0.3001973729858716
0.3583508952500909
0.4242678291765268
0.3948921628462331
0.36685035855554626
0.4366765734100857
0.4147516310518353
0.48035587728809787
0.46811911599330625
0.5109040747559684
0.526873813645305
0.5023856657816298
0.48960278684629854
0.5081787130210375
0.48246097867201304
0.49597738432539
0.5081787130210375
0.5207142121099784
0.5266195040622922
0.5317646487596385
0.5384855428843038
0.5446957068657733
0.5480358945762236
0.5511025064903127
0.5484730606076005
0.5454208899333453
0.5416326734776674
0.5377853931931774
0.5341458124323163
0.5312327586149689
0.45551069434295205
0.530038190818098
0.11282933248915206
0.5231274735422523
0.4810292995143829
0.0746064001256636
0.49724309147822643
0.4668856153773502
0.07301275075589073
0.49835300786636927
0.46822628723875237
0.07083798993197452
0.4972168449879001
0.46929069921319744
0.06736013546535706
0.48739964229065724
0.4545109046019813
0.05866990642793482
0.4620861655590563
0.4358883720763281
0.0538889583186162
0.26812288736278644
0.32464242427306844
0.04910801020929756
0.35230890755530897
0.2188474562445682
0.3320168144553014
0.4255082363092451
0.27297486161837936
0.29680410867916174
0.41238888605324625
0.27297486161837936
0.29680410867916174
0.3768405416598342
0.23742651722496727
0.29680410867916174
0.3768405416598342
0.23742651722496727
0.29680410867916174
0.3768405416598342
0.23742651722496727
0.29680410867916174
0.3768405416598342
0.23742651722496727
0.29680410867916174
0.3768405416598342
0.24124953975662727
0.3320168144553014
0.3771287399022634
0.4166082001427096
0.46259073011460544
0.4215508726783847
0.45176142598716457
0.49780343589074505
0.45676357845452437
0.42383763777888755
0.46259073011460544
0.4215508726783847
0.3893300685979108
0.46259073011460544
0.47610713576798236
0.3893300685979108
0.36491542789158765
0.47871332305338476
0.4950508998268851
0.37449101768999477
0.3001973729858716
0.3583508952500909
0.4242678291765268
0.3948921628462331
0.36685035855554626
0.4366765734100857
0.4147516310518353
0.48035587728809787
0.46811911599330625
0.5109040747559684
0.526873813645305
0.5023856657816298
0.48960278684629854
0.5081787130210375
0.48246097867201304
0.49597738432539
0.5081787130210375
0.5207142121099784
0.5266195040622922
0.5317646487596385
0.5384855428843038
0.5446957068657733
0.5480358945762236
0.5511025064903127
0.5484730606076005
0.5454208899333453
0.5416326734776674
0.5377853931931774
0.5341458124323163
0.5312327586149689
0.45551069434295205
0.530038190818098
0.11282933248915206
0.5231274735422523
0.4810292995143829
0.0746064001256636
0.49724309147822643
0.4668856153773502
0.07301275075589073
0.49835300786636927
0.46822628723875237
0.07083798993197452
0.4972168449879001
0.46929069921319744
0.06736013546535706
0.48739964229065724
0.4545109046019813
0.05866990642793482
0.4620861655590563
0.4358883720763281
0.0538889583186162
0.26812288736278644
0.32464242427306844
0.04910801020929756
0.35230890755530897
0.2188474562445682
0.3320168144553014
0.4255082363092451
0.27297486161837936
0.29680410867916174
0.41238888605324625
0.27297486161837936
0.29680410867916174
0.3768405416598342
0.23742651722496727
0.29680410867916174
0.3768405416598342
0.23742651722496727
0.29680410867916174
0.3768405416598342
0.23742651722496727
0.29680410867916174
0.3768405416598342
0.23742651722496727
0.29680410867916174
0.3768405416598342
0.24124953975662727
0.3320168144553014
0.4310343669750257
0.48106648078486086
0.39576503752628783
0.3783101317214252
0.4847305364568552
0.45581738412387696
0.3838062152294167
0.47204119893498087
0.4613134676318684
0.38930229873740835
0.44116644038324054
0.5046575512485378
0.4895023011589413
0.48114891000903776
0.58809861417204
0.635279453653295
0.6629350750330023
0.6548799204465486
0.6133650340143812
0.6416650406306171
0.6336098860441636
0.6628767687306881
0.6726184333156651
0.6460049366979527
0.6718703081583771
0.6498007781933144
0.623187281575602
0.6500599389011318
0.6790515788500693
0.6636123619225465
0.6904850192480761
0.6978324584720583
0.6688247364933513
0.6956973938188812
0.7030448330428634
0.7092700116832873
0.7172731466560982
0.7251706361808914
0.7305862219304563
0.7333226063596381
0.7346086669083177
0.733567000099245
0.7401177028796349
0.7519527910995139
0.7629630837873347
0.7731004706091534
0.7579503222885062
0.7481290628693752
0.7534984183234205
0.7706631250697571
0.8030781350393065
0.8093644112501623
0.8093451209626485
0.8083602074495587
0.808933363052785
0.8114162329083769
0.8129542461887656
0.8149847235358787
0.8196327161466538
0.8253195061331803
0.833636328017182
0.8405464307337478
0.8159832585264035
0.8045073886213184
0.7557847111536597
0.7154895909763113
0.6927966211294143
0.646937969289291
0.6235788179812759
0.6008102703405243
0.5755124506182883
0.46418494048325465
0.5608086151960535
0.35525773453147397
0.6181453426531964
0.6135027347372332
0.4029538006387562
0.5751982039678267
0.6031312104233987
0.4225261666097389
0.6020249300133858
0.6306094832903085
0.42440705580437826
0.5996639679840926
0.6258875592317221
0.4149632076872057
0.44308148169217626
0.4419769481165801
0.3679402988604878
0.4063095087517779
0.43489406202870057
0.3608574127726083
0.40158758469319156
0.4325330999994074
0.3608574127726083
0.40158758469319156
0.3493374221316253
0.3506555900729664
0.34792325040118205
0.35116944996762245
0.3543196457449608
0.3534193339091735
0.3566655334756139
0.35981572925295235
0.35891541741716504
0.37790462905189937
0.4005245185370835
0.5364506026756932
0.5334229409711697
0.3956262131135758
0.549466254046916
0.5729260661233525
0.6016089504958015
0.6514602660975642
0.5862243522605786
0.6102325457844416
0.6301902316951791
0.6357360869768853
0.6411859384694896
0.6425852823489682
0.6481311376306743
0.6535809891232786
0.6549803330027573
0.6581319629234686
0.6611875890550781
0.6303850341469761
0.6281316317181337
0.6311872578497432
0.6449249491904518
0.6685567120650784
0.6716123381966879
0.6746989396081303
0.6796294330460984
0.6842582436330457
0.685294717537063
0.6831044349845973
0.6772924311926725
0.6698366733472786
0.6693000052190188
0.6751780629036499
0.6824699824659525
0.6901050975425673
0.6998239306591476
0.7081307628842141
0.7194816091526527
0.7316059777576213
0.7201899748446507
0.7105829186040422
0.7173036822466062
0.7250907451607914
0.7684875653206594
0.7845973261953975
0.7974300822904018
0.8095124030188287
0.8133791035331539
0.8143262986802782
0.81157839330935
0.8084454998799815
0.8016738102451025
0.7931173439746153
0.7321892364691929
0.6678374872268436
0.5994676472015555
0.5148662384394694
0.49381179025510735
0.48949419057728566
0.47713128660008736
0.3398097639778803
0.489829031419977
0.26039681346510285
0.5686630041497565
0.5764018589753933
0.34330558534852484
0.5609285712405266
0.5673643324234621
0.30879607045094215
0.5173298857338062
0.5244171937380924
0.2943334289618676
0.5332087706518689
0.5549079754556457
0.3201022866208347
0.40148911704576273
0.40621007011664323
0.29381025663029264
0.35682717024833804
0.36391447825262413
0.26599649170623724
0.35210524618975175
0.361553516223331
0.26599649170623724
0.35210524618975175
0.3497984425755496
0.3574180345257196
0.33822265737921203
0.35163047041154677
0.3610820901977139
0.3437187408872035
0.35712655391953824
0.3665781737057055
0.349214824395195
0.36262263742752987
0.3720742572136969
0.4915373038775834
0.5386730514554505
0.4376013633424686
0.5749783668010855
0.6085997923434165
0.63826502463958
0.6417596730755942
0.6760254838544536
0.6169949902371947
0.5995038791338593
0.6009844016446699
0.6127356771461029
0.5998004441811269
0.6485921580745987
0.6603434335760318
0.6452797399807872
0.658592983367393
0.6679500335078313
0.650492114551592
0.6638053579381977
0.673162408078636
0.6557044891223968
0.6690177325090028
0.678374782649441
0.6865927090504422
0.692928550926077
0.698926127231554
0.6820535290901083
0.6684755435696293
0.6683660487961568
0.6808813800184118
0.708272540866576
0.7218311474500946
0.739328024304578
0.7570343748025398
0.7675781614588405
0.773110342371677
0.7786504216287149
0.7858084117517354
0.792644431111267
0.7990278144398049
0.8011818461045436
0.8043355200271173
0.8082385672255804
0.8133146709942874
0.791344652443027
0.7839687411187742
0.7846156738455872
0.7924716317187447
0.8230432439043042
0.8261226718425085
0.8273535990708678
0.8258401538489095
0.7750729910052389
0.7231121794068966
0.6700947615189533
0.6177667755387106
0.5841851333882421
0.5508191097305908
0.5182513502439609
0.3454195657598962
0.4683348090455864
0.25057867114055954
0.5352065214999295
0.5830834771180494
0.36870014880012114
0.5626847943668393
0.5810828158252112
0.3596626222481899
0.5542988146362585
0.5733483829159809
0.35494069818960355
0.526979788591866
0.533413753081255
0.3102841442962913
0.3680326343959358
0.38471584774225254
0.298473941245713
0.3585833933746506
0.4009678052710732
0.3266037609339732
0.389074175092204
0.3943226377647783
0.29139105515783353
0.3538614693160643
0.3296387393830732
0.3295888583782831
0.33271051980586097
0.3314707672190704
0.3332529140502774
0.3382066033138525
0.33696685072706184
0.33874899755826904
0.34370268682184396
0.3424629342350535
0.34424508106626045
0.4860251663042324
0.4870850694327077
0.38019677642067906
0.5694662292277345
0.5884400891509401
0.6104358484921435
0.6362475355022431
0.6558657806619772
0.5891658140897583
0.614977501099858
0.6160374042283333
0.6201192067748061
0.6273725517536471
0.6284324548821223
0.5979980234020169
0.6045548966312965
0.603220574398777
0.6222660692078315
0.6449799769782409
0.6436456547457213
0.6453332319311996
0.6501923515490458
0.6488580293165264
0.6505456065020044
0.6537393021371881
0.6604770693201713
0.6674194909200979
0.6680730148015929
0.6963620232096855
0.6951401451848934
0.6905906421131851
0.6636023543725534
0.6690246693412478
0.6764381804090566
0.7354089051690162
0.7205133453325012
0.708226830264187
0.7078545852160829
0.7185787907394035
0.74661891041459
0.7497012016480973
0.7479129137791248
0.7452849826341404
0.749771128583258
0.756640875337138
0.767043107204496
0.777892459008032
0.774138338342952
0.76686761301511
0.7522804264013196
0.735885196142246
0.6965371765997427
0.6814501287095635
0.6143584339114301
0.5721157148734365
0.5410985011228898
0.4897545361847282
0.4644658226138348
0.43945162401581894
0.4143853724400499
0.18315493319594742
0.39968153701781517
0.18701357261015436
0.4553556370680403
0.4510416587970917
0.23470963871743658
0.4142816558601339
0.4420041322451605
0.2573260555242537
0.44110838190569285
0.46948240511207
0.25616289388305874
0.4387474198763997
0.4647604810534838
0.2467190457658861
0.3150502852238608
0.28084986993834166
0.16414779254575612
0.28094130503749704
0.27376698385046216
0.15706490645787666
0.27621938097891074
0.2714060218211691
0.15706490645787666
0.27621938097891074
0.26933433457350164
0.2730828592127451
0.26585744644183146
0.27116636240949876
0.27674691488473946
0.271353529949823
0.2766624459174903
0.28224299839273104
0.27684961345781456
0.30937362332857943
0.32295178767686217
0.36428019123333283
0.3518444812615017
0.31805348225335456
0.46740045008756537
0.4929229785652289
0.526134741775649
0.5693944621382138
0.5955613758524058
0.5326598149242203
0.5481244277358286
0.5557329994187616
0.5636132076092683
0.5605194783896176
0.5681280500725508
0.5760082582630575
0.5729145290434068
0.5781288753653451
0.5836148581948569
0.5434075197841636
0.5481285441600102
0.5536145269895221
0.5674811133576078
0.5885536245069548
0.5940396073364665
0.5996488907926225
0.6078546268012445
0.6165739871744682
0.6452101349514182
0.6494506387885353
0.6432951613729662
0.6339707043809417
0.6349230716261346
0.64262572391017
0.6531617953597294
0.6641129574782424
0.6727916430539619
0.6776087168949565
0.6880420748831447
0.6999217491024772
0.685679883482167
0.6895515519127048
0.6996803437806611
0.7148671932640225
0.75023278957616
0.7552117600395648
0.7458133227417512
0.7363535877232837
0.7279783116154741
0.7208564956675438
0.7259270688282166
0.7305169915175498
0.699971984481075
0.6949542905470231
0.641949168555105
0.5880618115659746
0.5400132115816815
0.46649559511171407
0.4433102480176205
0.41959462855762164
0.41659446430334757
0.19832693804118612
0.42076144156190276
0.15478778493084364
0.5091191759780684
0.507334269117319
0.23769655681426557
0.5013847430688384
0.49829674256538775
0.19499315495295513
0.45778605756211793
0.45534960388001805
0.18872440042760832
0.4705937674254336
0.48584038559757137
0.21449325808657538
0.34194528887407455
0.3371424802585689
0.18436779079773968
0.2972833420766498
0.2948468883945498
0.160387463171978
0.29256141801806357
0.29248592636525667
0.160387463171978
0.29256141801806357
0.2562500942123203
0.2634838855872899
0.2508887719880793
0.2562500942123203
0.2634838855872899
0.2508887719880793
0.2562500942123203
0.2634838855872899
0.2508887719880793
0.2562500942123203
0.2634838855872899
0.2509381407704587
0.29146279998846
0.2986965913634296
0.2874045714069201
0.2659814150243872
0.27022632095054533
0.26176745542918767
0.2686588384458793
0.1880825794633487
0.2214396594327099
0.22833104244940156
0.1965820427688041
0.2338484036662689
0.2481905106550038
0.354509694277477
0.3456829908719556
0.3548127232898857
0.36581492485854444
0.35698822145302284
0.36872414115635543
0.3823325300104165
0.3697374164112059
0.3750987386354469
0.39215330475414206
0.42539418382076427
0.42861209241639997
0.4292379010252487
0.4045812176408106
0.41248460045739743
0.42113110137340065
0.4302897752889114
0.43511685447576925
0.44034914447217827
0.445619432928267
0.4497204661015611
0.4516279454605551
0.45213515635424734
0.36186974407679723
0.4455855704753597
0.0776166267130124
0.4664659392727368
0.40540607628696584
0.0746064001256636
0.46135872181254256
0.40552501479597713
0.07301275075589073
0.4789248180587445
0.43913500349913104
0.10605069570811418
0.47497599446934935
0.400459948911359
0.06736013546535706
0.437031680440811
0.38562915775634143
0.05866990642793482
0.4136673338287219
0.37039684419145913
0.0538889583186162
0.14886879046016857
0.229728618391714
0.12251372371948867
0.18371283624581985
0.1770699868090863
0.24511509986608707
0.27305294739577063
0.2664100979590371
0.24511509986608707
0.27305294739577063
0.2219879651829158
0.2300580623357691
0.30826565317191024
0.25720067095905547
0.21371026413534758
0.27305294739577063
0.2219879651829158
0.20069296708996578
0.27305294739577063
0.2219879651829158
0.20069296708996578
0.21849668430617292
0.2219879651829158
0.25524923017956347
0.21849668430617292
0.16743170209331815
0.20069296708996578
0.2562500942123203
0.2634838855872899
0.2508887719880793
0.2562500942123203
0.2634838855872899
0.2508887719880793
0.2562500942123203
0.2634838855872899
0.2508887719880793
0.2562500942123203
0.2634838855872899
0.2509381407704587
0.29146279998846
0.2986965913634296
0.2874045714069201
0.2659814150243872
0.27022632095054533
0.26176745542918767
0.2686588384458793
0.1880825794633487
0.2214396594327099
0.22833104244940156
0.1965820427688041
0.2338484036662689
0.2481905106550038
0.354509694277477
0.3456829908719556
0.3548127232898857
0.36581492485854444
0.35698822145302284
0.36872414115635543
0.3823325300104165
0.3697374164112059
0.3750987386354469
0.39215330475414206
0.42539418382076427
0.42861209241639997
0.4292379010252487
0.4045812176408106
0.41248460045739743
0.42113110137340065
0.4302897752889114
0.43511685447576925
0.44034914447217827
0.445619432928267
0.4497204661015611
0.4516279454605551
0.45213515635424734
0.36186974407679723
0.4455855704753597
0.0776166267130124
0.4664659392727368
0.40540607628696584
0.0746064001256636
0.46135872181254256
0.40552501479597713
0.07301275075589073
0.4789248180587445
0.43913500349913104
0.10605069570811418
0.47497599446934935
0.400459948911359
0.06736013546535706
0.437031680440811
0.38562915775634143
0.05866990642793482
0.4136673338287219
0.37039684419145913
0.0538889583186162
0.14886879046016857
0.229728618391714
0.12251372371948867
0.18371283624581985
0.1770699868090863
0.24511509986608707
0.27305294739577063
0.2664100979590371
0.24511509986608707
0.27305294739577063
0.2219879651829158
0.2300580623357691
0.30826565317191024
0.25720067095905547
0.21371026413534758
0.27305294739577063
0.2219879651829158
0.20069296708996578
0.27305294739577063
0.2219879651829158
0.20069296708996578
0.21849668430617292
0.2219879651829158
0.25524923017956347
0.21849668430617292
0.16743170209331815
0.20069296708996578
0.4691151439360935
0.5885452702563138
0.5914126465588069
0.5061598775482303
0.6189699203321055
0.5616960242906588
0.47644325528008225
0.5898951511631529
0.5671921077986504
0.48193933878807377
0.5953912346711443
0.6105361914153198
0.527583078120009
0.6257056350237764
0.6587645485626821
0.7162874842978659
0.7626036062313084
0.7607585606133306
0.7953421852149974
0.7413335718289233
0.7394885262109454
0.7555138087813537
0.7722869645139713
0.7518835768647345
0.7679088594351426
0.7846820151677603
0.7642786275185236
0.7446355806147934
0.7570759093234202
0.7342782963131886
0.764247583218698
0.7975009896703645
0.7747033766601331
0.7883344338695466
0.8027133642411695
0.8169889348015275
0.827874579483575
0.8386191192396513
0.8454261809600038
0.8489561565393124
0.8471378335939962
0.8428305090227354
0.8436969439265845
0.8498322062601058
0.8578891968674863
0.8656258901260107
0.8672961502326796
0.8644053145755053
0.8388284780429093
0.8136380977425898
0.8050418931349865
0.7955877394434039
0.821119967622864
0.8179390161314225
0.8257984168303331
0.8383190488077119
0.8477148962045686
0.8575727152904857
0.8511821132099006
0.8407440929466239
0.8349724575299513
0.8258726402262482
0.8267359817532282
0.828970059515386
0.782269948230723
0.7041348702711613
0.6623761533965616
0.6218400967954026
0.6159857589252744
0.6252679955607081
0.6033319855634613
0.491882574639215
0.5886281501412265
0.3799183136043531
0.6432546751724237
0.6752009776966428
0.4628270854877749
0.6144707580065197
0.6309507453685718
0.4185768531597041
0.5919215567564734
0.6400756198983857
0.4490676348772575
0.6247733005033199
0.6537070941768951
0.4396237867600848
0.47608078806843
0.496988089237225
0.39260087793336684
0.4314188412710052
0.5071357297499949
0.42994012462160874
0.4266969172124189
0.46035263494458045
0.38551799184548746
0.4711190499885402
0.4887612626467452
0.45980014068566294
0.4294258386221019
0.49059329048274236
0.5078863291337785
0.43492192213009334
0.45166724121461255
0.4689602798656488
0.4404180056380848
0.5015854574987254
0.5188784961497617
0.5632854951126697
0.6369981656963981
0.5844056022785332
0.6661815480439753
0.7031404796384908
0.7406471307995233
0.7176594212485629
0.7353534653733882
0.6841643906209984
0.6764801141399591
0.7233912342436544
0.750330489082186
0.724087870569888
0.7431328453696731
0.762725539735975
0.736482921223677
0.7531336706624673
0.7703321396677746
0.7416952957944819
0.7583460452332721
0.7755445142385793
0.7469076703652866
0.763558419804077
0.7654584962635091
0.7626409453309232
0.7737688677058633
0.7886833900116824
0.8262148398607205
0.8291742069587418
0.8273396213176837
0.8230586035286441
0.8243857062539085
0.8310238421015593
0.8387512062644855
0.8464335230537885
0.8505946210704667
0.8518844443807476
0.8564312810082676
0.8638334537235542
0.8739468643293439
0.8847048091183495
0.8911278798809137
0.8953668232599497
0.8677063111527872
0.8744367993698873
0.8821155749174665
0.906206158118885
0.9303725386060184
0.9358430469184572
0.9368521437227197
0.9372297452709467
0.9357734102803346
0.9329837652155185
0.8827996559093706
0.8309552938688494
0.7754469382609102
0.7210501305674638
0.6362055596803644
0.5720454077082914
0.5144089787385767
0.38889254401385187
0.49970514331634197
0.30572651459085204
0.5868196714639111
0.6214906766478979
0.40213622249907416
0.5790852385546812
0.6124531500959665
0.393098695947143
0.5706992588241004
0.5909454168487002
0.35316406611241696
0.5331255910186676
0.5647840873520106
0.3437202179952444
0.4195472001957442
0.45129888778914784
0.3671227207208057
0.40065371742946465
0.4090032959251287
0.32482712885678666
0.37026191350390625
0.40664233389583554
0.32482712885678666
0.37026191350390625
0.4317244280643613
0.44989767152053534
0.4128234680901519
0.43355645590035846
0.4535617271925298
0.4183195515981434
0.4390525394083501
0.4590578107005213
0.42381563510613485
0.4445486229163416
0.46455389420851273
0.5661381145885234
0.5891707581139959
0.5282191584986345
0.6495791775120254
0.6905257778322282
0.7307446616343957
0.716360483786534
0.7579514693432653
0.7094746272320105
0.6950904493841489
0.7181230929096215
0.7404280199170585
0.6993987222416201
0.6953054377872708
0.7176103647947079
0.6846678449155874
0.7310903206709345
0.7604296705026471
0.7250929252625318
0.7457313434270095
0.7656420450734519
0.7303052998333367
0.7509437179978145
0.7708544196442567
0.7901991009087813
0.8049844423207155
0.8205295760976056
0.832887179861078
0.8426287543943164
0.8416354115674557
0.8376968100925457
0.8388375778472013
0.8414702251186139
0.8163689122579295
0.8223203716097891
0.8241344122246327
0.8549497196598198
0.8629330890713364
0.8715374447565407
0.8824301966709649
0.8943729901947409
0.8978237767457772
0.8989897135076603
0.9015463732868187
0.9050279316529066
0.9037887002168791
0.90209829492959
0.8945641921382861
0.864416306068662
0.8398148602542088
0.8271437731614885
0.8308027918475432
0.8594211529038915
0.8226012677205843
0.7853651847633204
0.7392585582103811
0.6923024337682229
0.6446422175733373
0.5727940008052723
0.5274908272687541
0.3932023676899441
0.5127869918465192
0.3528270920050126
0.5345996787385419
0.5641471136257957
0.3416898041113052
0.552119495860937
0.5903222928500044
0.36786498333551354
0.5536919718748707
0.5825878599407741
0.36314305927692725
0.5513310098455776
0.5778659358821879
0.32386332623357406
0.367425791634548
0.39395532476704576
0.30667630233303667
0.35797655061326283
0.3868724386791663
0.2995934162451573
0.3532546265546766
0.3845114766498732
0.2995934162451573
0.3532546265546766
0.3929871797499871
0.4074381111975399
0.39519746755897694
0.4300319133621239
0.4463148726456739
0.4096985571793395
0.40031529109397573
0.4165982503775258
0.3894993587507995
0.40581137460196726
0.42209433388551726
0.531821838233188
0.5504335097996215
0.4524087342381493
0.5800501953805504
0.6349087273035605
0.6882851013114003
0.6820442074311986
0.7192142210288909
0.6670150669090151
0.6607741730288136
0.6793858445952471
0.6979684595940631
0.6731692236826027
0.6917808952490362
0.710363510247852
0.6855642743363917
0.673783367718514
0.6827574044035118
0.6555639431310567
0.6827591607199298
0.7231824847504563
0.6959890234780013
0.7122064696834403
0.7283948593212614
0.7443798649228827
0.7575229601797676
0.7708098359135764
0.7803807787282911
0.7870363754318279
0.7860883136440446
0.7821771356589937
0.783582493933734
0.7896231847922454
0.7994251016919695
0.8093248275039867
0.8154211968434748
0.819075983992287
0.808133558037106
0.795683215165227
0.8040091679469318
0.8127471920867215
0.8500066363123343
0.859675802757032
0.8644366022494668
0.8698679480454092
0.8725933785951314
0.8745905004281747
0.8768786858867462
0.8788752640127362
0.8792517288492094
0.8778960717324322
0.8756269057207466
0.8717566158364571
0.819321967550325
0.7361973230935681
0.6846395306087031
0.6334411372783443
0.6186101252780242
0.6175198515487549
0.5914145081505303
0.48990127430634073
0.5767106727282955
0.464914970467922
0.6284386659330179
0.6632835002837116
0.4584836312013932
0.5987471937378617
0.6190332679556407
0.4142333988733224
0.5771055475170676
0.6290019922364591
0.4447241805908756
0.6099572912639141
0.6417896167639641
0.435280332473703
0.46126477882902417
0.4847089522093364
0.3882574236469851
0.4166028320315993
0.49521825233706385
0.4801529334248246
0.46643717106261073
0.4484351575316493
0.3811745375591057
0.45630304074913436
0.47786349296359554
0.45005612472181383
0.41698040856545526
0.43527338802347143
0.4537201803938083
0.42247649207344673
0.440769471531463
0.4592162639017998
0.4279725755814383
0.44626555503945453
0.5091344801859126
0.5956246981610713
0.5816782632371272
0.5746615863146842
0.6537361179873288
0.6922427099553412
0.7309031148356742
0.7038444724762755
0.7244556956902385
0.6744203746571493
0.6640346840833126
0.7136793030340007
0.740586473118337
0.7116424405132414
0.7322350756865235
0.7529815237721261
0.7240374911670304
0.7422359009793178
0.7605881237039256
0.7292498657378351
0.7474482755501225
0.7658004982747304
0.73446224030864
0.7526606501209275
0.7515953434840732
0.7554566872721322
0.767776488408279
0.7871468107766482
0.8210650653009416
0.8241284808442759
0.8217752217882064
0.8160538162468647
0.8161653668507624
0.8212966580188312
0.8260967700833948
0.830848986611873
0.8300208161378357
0.82561437452561
0.8239658467311182
0.8237484320407908
0.825543957004108
0.8286647546901929
0.8320146349526176
0.8281350719631396
0.8043300275452171
0.8096108464156463
0.817199656410994
0.8466686703332228
0.8685164673305064
0.8770259096936883
0.878574018087478
0.8790856069413021
0.8775640674122326
0.8736105457801892
0.8257435006496676
0.7760027345606166
0.7243651021103839
0.6725345978912532
0.6469681257864416
0.5970844588728832
0.5591911550653322
0.4576518881071604
0.5444873196430975
0.45943535101772964
0.6304845718341119
0.6662728529746533
0.46144695077835246
0.622750138924882
0.6572353264227221
0.4524094242264212
0.6143641591943012
0.6307794952741934
0.41247479439169527
0.5767904913888684
0.6095662636787661
0.40817198457163806
0.46331068473011816
0.4960810641159033
0.47592264693294345
0.5408503158934298
0.45378547225188426
0.43362705506892435
0.5129052097398261
0.451424510222591
0.3841378571360649
0.5129052097398261
0.4791630837794289
0.3923234080546134
0.3681871984735376
0.3801846879137099
0.49130180392033235
0.46716559433925653
0.3801846879137099
0.49130180392033235
0.46716559433925653
0.3801846879137099
0.3923234080546134
0.4126093312496589
0.4246068206898312
0.4212580687604111
0.4047029978923784
0.4180035809752519
0.45693931514093955
0.4234880146907672
0.39259343214726883
0.3169221019306721
0.428842693401178
0.4423702436338009
0.3254215652361275
0.44125143763473684
0.4622297118394032
0.4833492167448005
0.46298141735741394
0.4787473169912753
0.49465444732586794
0.4742866479384812
0.49265873485774503
0.51117205247774
0.48703584289666424
0.4990333323368365
0.51117205247774
0.5276305438827261
0.5654259617007086
0.5721479487093106
0.5758623654317503
0.5465083477598598
0.5415973155477879
0.5397377219469741
0.5399763544331311
0.5413761361030215
0.5418749603995877
0.542505349357202
0.5414630284706472
0.5394257327682753
0.46273510139439483
0.5211107800842709
0.0776166267130124
0.49883588560060893
0.469407186161215
0.0746064001256636
0.505637542975902
0.47074269644929984
0.07301275075589073
0.47342999029588434
0.448752110337403
0.10605069570811418
0.4568173590215667
0.43678728106249626
0.06736013546535706
0.38356700733528976
0.3808186254985485
0.05866990642793482
0.36745139733852167
0.36302204648365916
0.0538889583186162
0.05229530894884333
0.15453871807099726
0.21504427847933263
0.0872832724175964
0.3043843896292833
0.23742651722496727
0.17662338356754714
0.3043843896292833
0.23742651722496727
0.17662338356754714
0.3043843896292833
0.23742651722496727
0.19966218051800488
0.339597095405423
0.27263922300110693
0.1959671097988943
0.3043843896292834
0.23742651722496727
0.17662338356754714
0.3043843896292834
0.23742651722496727
0.17662338356754714
0.3043843896292834
0.23742651722496727
0.17662338356754714
0.27710625808448447
0.23742651722496727
0.4791630837794289
0.3923234080546134
0.3681871984735376
0.3801846879137099
0.49130180392033235
0.46716559433925653
0.3801846879137099
0.49130180392033235
0.46716559433925653
0.3801846879137099
0.3923234080546134
0.4126093312496589
0.4246068206898312
0.4212580687604111
0.4047029978923784
0.4180035809752519
0.45693931514093955
0.4234880146907672
0.39259343214726883
0.3169221019306721
0.428842693401178
0.4423702436338009
0.3254215652361275
0.44125143763473684
0.4622297118394032
0.4833492167448005
0.46298141735741394
0.4787473169912753
0.49465444732586794
0.4742866479384812
0.49265873485774503
0.51117205247774
0.48703584289666424
0.4990333323368365
0.51117205247774
0.5276305438827261
0.5654259617007086
0.5721479487093106
0.5758623654317503
0.5465083477598598
0.5415973155477879
0.5397377219469741
0.5399763544331311
0.5413761361030215
0.5418749603995877
0.542505349357202
0.5414630284706472
0.5394257327682753
0.46273510139439483
0.5211107800842709
0.0776166267130124
0.49883588560060893
0.469407186161215
0.0746064001256636
0.505637542975902
0.47074269644929984
0.07301275075589073
0.47342999029588434
0.448752110337403
0.10605069570811418
0.4568173590215667
0.43678728106249626
0.06736013546535706
0.38356700733528976
0.3808186254985485
0.05866990642793482
0.36745139733852167
0.36302204648365916
0.0538889583186162
0.05229530894884333
0.15453871807099726
0.21504427847933263
0.0872832724175964
0.3043843896292833
0.23742651722496727
0.17662338356754714
0.3043843896292833
0.23742651722496727
0.17662338356754714
0.3043843896292833
0.23742651722496727
0.19966218051800488
0.339597095405423
0.27263922300110693
0.1959671097988943
0.3043843896292834
0.23742651722496727
0.17662338356754714
0.3043843896292834
0.23742651722496727
0.17662338356754714
0.3043843896292834
0.23742651722496727
0.17662338356754714
0.27710625808448447
0.23742651722496727
0.44203035060979146
0.45172581306810117
0.38834059695575107
0.47907508422192824
0.4906025745162351
0.42756471092160003
0.4550436644095765
0.4608859522480871
0.3978480886534519
0.4548545454617717
0.4663820357560785
0.49574843535971896
0.5550545478833047
0.4966964361087106
0.5883989252832027
0.6365383773219837
0.6881506704058402
0.6903929373338511
0.7238352591125741
0.666880636003455
0.6691229029314659
0.6840068826789303
0.697834028688503
0.681517953585255
0.6964019333327193
0.7102290793422921
0.6939130042390441
0.6806982358938526
0.6826229734979519
0.6639126730337092
0.6849332829649115
0.7230480538448963
0.7043377533806537
0.7168275077671232
0.7282604284157013
0.7392675606581178
0.7496533512318405
0.7604780003069549
0.7669282781502423
0.7702527958499459
0.7684230991740144
0.7638525108459076
0.7638315676281094
0.7684065790155076
0.7733881914127332
0.7782402769903256
0.7801696462523809
0.7794995143963017
0.7640420846013767
0.7536586310743068
0.7601299888651449
0.7670042012243504
0.8027752533365845
0.80714520607521
0.8125803819808776
0.8191243284797296
0.8281520782544887
0.8365085161945948
0.8427944263039998
0.8481954140963331
0.8525011935143187
0.8569782537391274
0.8610753406132374
0.8642692406866889
0.8098173527612422
0.7341229017288005
0.6839282837570371
0.6333273452171078
0.6234099085043505
0.6160218646398388
0.5876386738048923
0.4891290847366925
0.5729348383826576
0.46414278089827377
0.6263995625109128
0.6595076659380738
0.45771144163174493
0.5914472534748844
0.6152574336100027
0.4134612093036741
0.5750664440949624
0.6304931667951601
0.4439519910212274
0.607918187841809
0.6380137824183262
0.4345081429040547
0.459225675406919
0.478813166806064
0.3874852340773368
0.4145637286094943
0.4470202852153046
0.3804023479894574
0.40984180455090796
0.44465932318601137
0.3804023479894574
0.40984180455090796
0.38585500714247284
0.3974160941223935
0.3750265952345019
0.38768703497846996
0.40108014979438783
0.3805226787424934
0.39318311848646154
0.40657623330237935
0.38601876225048487
0.3986792019944531
0.4120723168103708
0.5557910337658843
0.578514042968247
0.4775994229391425
0.6117823046563754
0.6446563569103397
0.6782630842362538
0.6547774878623978
0.6768693426452371
0.621780344057729
0.6225530007556194
0.6722536719877329
0.6879464425189166
0.669688627182288
0.6846487226415219
0.7003414931727057
0.682083677836077
0.6946495479343162
0.7079480931045051
0.6872960524068819
0.6998619225051209
0.7131604676753099
0.6925084269776867
0.705074297075926
0.6875441520757277
0.6978034242444441
0.7107252554722784
0.7425041136513114
0.7677674244008136
0.7731877969550415
0.7715442435226538
0.7670035703641817
0.767315377074852
0.772435782637109
0.7819060691974058
0.7901615574186849
0.7962630976187337
0.7986094532462839
0.7989305740015672
0.8013977883097103
0.8050852515144998
0.8094068832551349
0.8119874776866938
0.7962700687878715
0.7815719452139231
0.7849760549374737
0.7906892028150341
0.8284436893738352
0.8361366646639673
0.8407596287839679
0.8411069038476642
0.8411391721596704
0.8396549816319342
0.8366995165945993
0.7916796964309831
0.743988549086554
0.6935997356611855
0.6427848480001049
0.6120530303343661
0.5471964966942785
0.513575157695938
0.404766114085975
0.49957688995712657
0.4203917250602846
0.5873474210415784
0.6206568556052591
0.4139603857937558
0.5796129881323485
0.6116193290533278
0.40492285924182453
0.5712270084017678
0.5765036142703844
0.3649882294070986
0.533653340596335
0.5639502663093717
0.3698684066800014
0.4201735339375847
0.450465066746509
0.37894688401548726
0.3944646998474864
0.4081694748824899
0.3366512921514682
0.3707896630815737
0.450230645629318
0.3810734249275895
0.3707896630815737
0.4033802236630789
0.41982637950911966
0.38853527692797274
0.4496343842751973
0.4679125679572353
0.3940313604359642
0.4107083350070675
0.4734086514652269
0.44394957672007695
0.4162044185150591
0.43448260219709706
0.5418499234263442
0.5608265537127134
0.49958144099451324
0.6252909863498463
0.6621815734309457
0.70067336962298
0.6920722926243549
0.7296072649419828
0.6794033352205948
0.6708022582219697
0.6897788885083389
0.7103567279056427
0.6708260308661126
0.6669612333859882
0.6875390727832921
0.6603796537534082
0.7066900021884337
0.7303583784912313
0.7008047341003526
0.717387139025727
0.7355707530620361
0.7060171086711575
0.7225995135965321
0.740783127632841
0.7584459897185086
0.7675542159205944
0.7763844155855881
0.7804244066224693
0.780507124007074
0.7771824343239703
0.7713204687676322
0.7718050101236019
0.7538836967756686
0.7490540025857008
0.7552238421893125
0.7724038066834639
0.7855068987252601
0.788251349211996
0.7937236975911663
0.8049443189607414
0.8184278848864712
0.8232781338244488
0.8279148392248624
0.8293424439631779
0.8304212893604885
0.8346145700268482
0.8376681172522037
0.8382261663592532
0.8131127685877385
0.8157573729373476
0.8189299725589235
0.8431570299106386
0.8525272584635394
0.8066988842733599
0.7585869464610718
0.7101060574962186
0.6611512369959812
0.637410403367114
0.6143394875236513
0.5889097981449206
0.48956093594048133
0.5655592162571521
0.42936192632592296
0.5917462752852306
0.6255660845019624
0.4267191051477963
0.6192245481521403
0.6517412637261707
0.4491057662836025
0.6108385684215597
0.6440068308169408
0.4443838422250162
0.6084776063922666
0.6321575370922934
0.3997272883317039
0.42457238818123694
0.4553742956432124
0.3879170852811256
0.5141015430256708
0.5472698054210519
0.38083419919324624
0.4821014874222856
0.5449088433917587
0.38083419919324624
0.4871685525790238
0.531616929298881
0.48334903958811776
0.4501777514260779
0.5404913174595293
0.5570564853976766
0.42046112915792977
0.5107746951913813
0.556274868857683
0.4259572126659213
0.44457051437845274
0.5617709523656745
0.5682796921483098
0.490214253710388
0.5920853527183063
0.616508049295672
0.6844181100431068
0.7289833239258384
0.7185020613463206
0.7579733608053764
0.7077132895234532
0.6972320269439354
0.7181449843717326
0.7386666822085012
0.7096270775977244
0.7305400350255217
0.7510617328622902
0.7120440430461223
0.7053281545421762
0.7234556270179501
0.6920217970461785
0.7381815033669126
0.7638807073648947
0.732446877393123
0.7509656094599257
0.7690930819356995
0.7878128531779116
0.8039743305814183
0.8202411955147499
0.8325055801335959
0.8416930976032548
0.8432157423624765
0.841042093670664
0.8430563950375671
0.8495393890075673
0.8566687097183531
0.8629697624154872
0.8649674321225584
0.8585680944254765
0.8290451170523763
0.8327436668571625
0.8381509449122856
0.8659943743219377
0.8857290987584961
0.8907221348126382
0.8969355358371878
0.9040477527479751
0.9112052026572499
0.9176118072021494
0.9227659439791024
0.927187105813911
0.9256001474875397
0.9230260064202308
0.9190268154256462
0.9126114397069816
0.828512012929029
0.7772525870998255
0.7250686256967046
0.6855187342181037
0.6811736949760197
0.6542182640102862
0.6269304215619054
0.5150363767153436
0.6122265861396705
0.49005007287692487
0.6576872966650246
0.6987994136950868
0.4646621982972398
0.614740157979655
0.6545491813670158
0.43936850128232513
0.6210377529244413
0.6820274542339255
0.4698592829998785
0.6392059219959207
0.6773055301753391
0.46041543488270587
0.49051340956103084
0.5076494446590505
0.46288172398884736
0.5448298586293251
0.4863120329723176
0.4335877715129073
0.5401079345707387
0.5283732037191458
0.4335877715129073
0.5401079345707387
0.5115466222244567
0.5071773535172651
0.5518560217242082
0.5133786500604539
0.4835632776444607
0.5573521052321998
0.5734309966580431
0.4890593611524523
0.5628481887401914
0.5789270801660346
0.4972447364799062
0.6414049781330005
0.6597835252741097
0.5600825507892154
0.6896333352803627
0.7259258392162024
0.7386070599095768
0.7212019357787318
0.7581388249510996
0.7042634719078019
0.7321313720284959
0.7535231542935956
0.7704295703689895
0.7475396578062754
0.7659182049473846
0.7828246210227785
0.7599347084600646
0.7759190302401789
0.7904312209545781
0.7651470830308693
0.7811314048109836
0.7956435955253828
0.7687420746879999
0.751131073605649
0.7656432643200479
0.7799232564034654
0.819499291569947
0.8468178739270467
0.8593451174802156
0.8691008534170921
0.8698480315129681
0.8677629134558994
0.8706681105809655
0.8783577592734112
0.8885965728729924
0.8983109908907957
0.9036259186890299
0.9057070494507136
0.9050154476779987
0.9059159635908709
0.908192258915889
0.9105684733565064
0.9019277133268858
0.8819393219025897
0.8860731109787849
0.8912894087211607
0.9234590492483684
0.9388225576222878
0.9416442118006235
0.9437358851965844
0.9408894044001518
0.9382784931670796
0.9356029536800565
0.9318698411931493
0.8824029760226154
0.8308433794607593
0.7786782198381422
0.7262265966171169
0.6743958385129187
0.6296180623075847
0.5986032001665923
0.484396388485177
0.6078125063754709
0.4946227904228979
0.6641847450133588
0.7056848980759135
0.48819145115636914
0.6564503121041287
0.6966473715239823
0.47915392460443795
0.6346800491438166
0.6537002328386124
0.4392192947697119
0.6104906645681153
0.6508814730438508
0.464988152428679
0.49701085790936506
0.5354931092171634
0.5026671473109602
0.5597718615069597
0.49319751735314443
0.460371555446941
0.5466053829190729
0.4908365553238512
0.4108823575140816
0.5466053829190729
0.47270289965192713
0.3790562265312066
0.4369051790293373
0.47270289965192713
0.3790562265312066
0.3652049147084172
0.47270289965192713
0.4780346223969255
0.3652049147084172
0.37372450378620814
0.42347835930732786
0.4096270474845385
0.38222407051557505
0.4142689323073462
0.4461428469033793
0.45463784729517726
0.3857986618944619
0.3760835981495255
0.38613324801976706
0.3480770531833866
0.4258604096360575
0.39148792673017774
0.356576516488842
0.43826915386961657
0.41134739493578004
0.4700820352213936
0.4599991335922935
0.47228713286377355
0.48138726580246105
0.47130436417336086
0.4861985507302432
0.49790487095433317
0.4840535591315438
0.4925731482093348
0.49790487095433317
0.5205409386314614
0.5360724898394327
0.5346359858114375
0.5270307593042503
0.5071000930094633
0.5123104466838813
0.5177920809511579
0.5110726659823616
0.5028338221715836
0.4934925653294498
0.48391048260572894
0.48070768445497386
0.4780185799031302
0.3945668590123573
0.4679705410538907
0.0776166267130124
0.46290741214338904
0.444224224130868
0.0746064001256636
0.470213324763813
0.4306844141753533
0.07301275075589073
0.40048688373163244
0.378273518825497
0.10605069570811416
0.41020466089678426
0.3584840873006548
0.06736013546535706
0.3823687980748304
0.3688204439363464
0.05866990642793482
0.3615530746967195
0.3499020832461238
0.0538889583186162
0.05229530894884333
0.05070165957907045
0.04910801020929756
0.04910801020929756
0.1384481213592483
0.193004384448846
0.193004384448846
0.1384481213592483
0.1384481213592483
0.1384481213592483
0.1384481213592483
0.14105374335325516
0.17366082713538797
0.17366082713538797
0.17366082713538797
0.14301681816188086
0.1384481213592483
0.1384481213592483
0.1384481213592483
0.1384481213592483
0.1384481213592483
0.1384481213592483
0.1384481213592483
0.1384481213592483
0.1384481213592483
0.1384481213592483
0.1384481213592483
0.47270289965192713
0.3790562265312066
0.4369051790293373
0.47270289965192713
0.3790562265312066
0.3652049147084172
0.47270289965192713
0.4780346223969255
0.3652049147084172
0.37372450378620814
0.42347835930732786
0.4096270474845385
0.38222407051557505
0.4142689323073462
0.4461428469033793
0.45463784729517726
0.3857986618944619
0.3760835981495255
0.38613324801976706
0.3480770531833866
0.4258604096360575
0.39148792673017774
0.356576516488842
0.43826915386961657
0.41134739493578004
0.4700820352213936
0.4599991335922935
0.47228713286377355
0.48138726580246105
0.47130436417336086
0.4861985507302432
0.49790487095433317
0.4840535591315438
0.4925731482093348
0.49790487095433317
0.5205409386314614
0.5360724898394327
0.5346359858114375
0.5270307593042503
0.5071000930094633
0.5123104466838813
0.5177920809511579
0.5110726659823616
0.5028338221715836
0.4934925653294498
0.48391048260572894
0.48070768445497386
0.4780185799031302
0.3945668590123573
0.4679705410538907
0.0776166267130124
0.46290741214338904
0.444224224130868
0.0746064001256636
0.470213324763813
0.4306844141753533
0.07301275075589073
0.40048688373163244
0.378273518825497
0.10605069570811416
0.41020466089678426
0.3584840873006548
0.06736013546535706
0.3823687980748304
0.3688204439363464
0.05866990642793482
0.3615530746967195
0.3499020832461238
0.0538889583186162
0.05229530894884333
0.05070165957907045
0.04910801020929756
0.04910801020929756
0.1384481213592483
0.193004384448846
0.193004384448846
0.1384481213592483
0.1384481213592483
0.1384481213592483
0.1384481213592483
0.14105374335325516
0.17366082713538797
0.17366082713538797
0.17366082713538797
0.14301681816188086
0.1384481213592483
0.1384481213592483
0.1384481213592483
0.1384481213592483
0.1384481213592483
0.1384481213592483
0.1384481213592483
0.1384481213592483
0.1384481213592483
0.1384481213592483
0.1384481213592483
0.38250366924501994
0.38875275806205545
0.3815094866279739
0.4195484028571567
0.4276295195101894
0.396869557771106
0.38983178058900864
0.3979128972420414
0.37624085322561096
0.3953278640970002
0.40340898075003284
0.5185633327079994
0.5399499992946545
0.4337233811026648
0.5667916898553619
0.6243133598996043
0.6695997481759157
0.6687857019060102
0.7087307105239239
0.7376698249234814
0.647515667503625
0.66890233409028
0.6792831064585786
0.6599107181574141
0.681297384744069
0.6916781571123676
0.6723057688112032
0.6593104459504373
0.6640720512680274
0.6423054376058682
0.6757766375239036
0.7044971316149718
0.6827305179528127
0.701722959178473
0.7097095061857768
0.7127923815137978
0.7163068264158825
0.7179043145071778
0.7183719272954598
0.7150870617165908
0.7087255567302274
0.7004122258689539
0.6964794816323913
0.698285627088644
0.6995246584030723
0.701120316518582
0.7027825621563492
0.7026573272092321
0.6721913772217822
0.6679647144041206
0.6734901528665775
0.6903156975706602
0.7258362585143113
0.7364503220154202
0.7451179340210154
0.7544333301923997
0.7645767093484853
0.7744385038158224
0.7828567794802049
0.7895939014221721
0.7941506001222439
0.7990602069698369
0.8050628789618519
0.8090099244911413
0.7391567562803923
0.6843775986837631
0.6344196798045106
0.5856990466501271
0.5971050894220096
0.5752332503159432
0.5523863040207756
0.44537003156805827
0.5376824685985409
0.4257829367662282
0.5951437366393258
0.624255296153957
0.41020874227839876
0.5521965979539561
0.580005063825886
0.37510136517162845
0.5487030285417218
0.6074833366927959
0.4055921468891818
0.576662361970222
0.6027614126342095
0.3961482987720092
0.42796984953533207
0.4368009859289288
0.34912538994529124
0.3833079027379074
0.4117679154311879
0.3420425038574118
0.37858597867932103
0.4094069534018948
0.3420425038574118
0.37858597867932103
0.3555595358706489
0.36336147116866213
0.35276892810436417
0.3573915637066461
0.3670255268406564
0.3582650116123557
0.3628876472146376
0.372521610348648
0.36376109512034716
0.3683837307226292
0.37801769385663947
0.5402947199819155
0.5482185716964231
0.44354479998541113
0.5895246375262378
0.6143608856385159
0.6336337366559773
0.6210932380246066
0.6465738713734132
0.6770658322539483
0.6210113638452911
0.6419582007159089
0.6538918195651853
0.6474309600521503
0.654353251369698
0.6662868702189743
0.6598260107059394
0.6643540766624924
0.6738934701507738
0.6650383852767441
0.669566451233297
0.6791058447215785
0.670250759847549
0.6496270361482079
0.6491055135162438
0.6600064090576138
0.6823747331901953
0.7152911529480657
0.7192048981134948
0.7194717368780333
0.7167241229510415
0.7113197435499409
0.7155688935456734
0.7265148256898192
0.7394848776028085
0.7527374379739664
0.7564452380085488
0.7559177272278285
0.7546598146844272
0.7544728427513885
0.7593293052190355
0.7652420775281896
0.7649506000567947
0.7425796784644868
0.7456395848578771
0.7492479665397074
0.7720414779099936
0.7897673017016174
0.7989729913451699
0.8092624025581738
0.8201969948679754
0.8315955803275957
0.8306334090010176
0.8274604424461737
0.7717425073109855
0.7141680371340655
0.6558941931370361
0.5964421771378824
0.5433768609465588
0.4894942625758981
0.46105224433660275
0.30158307674526064
0.5561790496818861
0.3467229431585736
0.5632718406942435
0.568133942245924
0.3402916038920448
0.5555374077850136
0.5590964156939927
0.3312540773401135
0.5366192675979109
0.516149277008623
0.2913194475053876
0.5095777602490001
0.5114273529500367
0.31588131542293607
0.3960979535902498
0.39794215338717387
0.3052781021137763
0.3612984129366204
0.3556465615231547
0.2629825102497572
0.3467140827342387
0.35328559949386157
0.2629825102497572
0.3467140827342387
0.38167217169324497
0.39748128302266394
0.36590739583555315
0.3835041995292421
0.40114533869465824
0.3714034793435446
0.38900028303723366
0.40664142220264987
0.37689956285153614
0.39449636654522524
0.41213750571064134
0.5192220423339245
0.546202897448684
0.477664611839413
0.6026631052574266
0.6404735214611119
0.6783282731365242
0.6694444115319353
0.7078992129721489
0.7463983498840899
0.6481743771295502
0.668070836538505
0.6823431790919339
0.6253567220071995
0.6452531814161543
0.6651939762968363
0.6603488847113993
0.6904667124850884
0.7080132820047756
0.6781768530079331
0.6956790870558931
0.7132256565755803
0.6833892275787379
0.7008914616266981
0.7184380311463854
0.7384019290643308
0.7538708265148067
0.7691253289987449
0.7789123990219847
0.7847589454431181
0.780084708845457
0.7570804606600205
0.7375904327957223
0.7436897951975503
0.7586226464435084
0.7869470135736483
0.7839603285207897
0.7769405866062792
0.7768913780735833
0.7805221516852954
0.7847446876998617
0.7906207797188082
0.7922848385933878
0.7935826609614651
0.7994977719076483
0.8064960834229398
0.794460380979161
0.7686274788952896
0.7337628458308574
0.7183810758105986
0.72705104626859
0.7680737398200913
0.7869875648816691
0.8016699696167333
0.7597787794248222
0.7137687450835479
0.6579615376999277
0.5986339365143295
0.5639618175352501
0.528460526741833
0.5005381587780744
0.36340077759832495
0.5399617287296506
0.3321368638206293
0.5257648366167806
0.5371944451351162
0.36061123281535545
0.5532431094836904
0.5633696243593246
0.3518807037783088
0.5448571297531096
0.5556351914500945
0.3471587797197225
0.5423980315786113
0.5157005616153686
0.30250222582641023
0.3585909495127869
0.3670026562763662
0.29069202277583195
0.3491417084915018
0.35991977018848664
0.2836091366879525
0.3444197844329155
0.3762487557661623
0.3188218424640922
0.3796324902090551
0.32973692535419286
0.3132972766989281
0.2983490003821422
0.3078734447746171
0.3169613323709224
0.3038450838901337
0.31336952828260856
0.32245741587891397
0.30934116739812517
0.3188656117906002
0.32795349938690543
0.45166364688051364
0.4634877469882544
0.35826789973953743
0.5184123944833086
0.5648427667064869
0.5941442668127884
0.6018860160785244
0.6322684582175239
0.6622143435603539
0.5806159816761394
0.59244008178388
0.6038276250954511
0.5930110323299284
0.604835132437669
0.6057984002938821
0.5701933772075777
0.5796232519543236
0.5886165699049001
0.6030137229788299
0.6200483323012681
0.6290416502518446
0.615830832125327
0.625260706872073
0.6342540248226494
0.6434150510409969
0.6537240776768649
0.6640518114827169
0.6709514971629973
0.6750128226112793
0.6732979587932755
0.6686565700991245
0.6686493701488245
0.6731031517287998
0.6795039985712985
0.6860344424965632
0.670252136954719
0.6555861637418973
0.6574711477018415
0.6656562943662863
0.7002511990848626
0.7044805952836505
0.7073447991478713
0.7102290388929967
0.7146986394253303
0.7205382235434675
0.7251799176557238
0.729289520627957
0.7327318663181871
0.7354792572879707
0.7400101523669106
0.7429399666319794
0.7120202721637273
0.7136474477202789
0.6668805322254059
0.6378607216398351
0.6032664181917806
0.5530173486274185
0.5279267366617193
0.5036954671214562
0.4786736275079484
0.38892052505733293
0.5533099032356643
0.3756794492235202
0.5352178067441457
0.5153299138649903
0.3340354041808517
0.5016410452067149
0.5097154870694466
0.36021058340506007
0.528467771252274
0.5337706601799685
0.3554886593464737
0.5261068092229808
0.5290487361213823
0.34604481122930114
0.3602654929046755
0.3451381250062402
0.2990219024025832
0.33275234999066605
0.33805523891836065
0.29193901631470376
0.32803042593207976
0.33569427688906756
0.29193901631470376
0.32803042593207976
0.3013610700264981
0.31762556929982033
0.2839078988804212
0.3031930978624953
0.3212896249718146
0.2894039823884127
0.3086891813704868
0.32678570847980626
0.3152909300254263
0.349397970654618
0.36749449776393733
0.3691119328469012
0.3687027925931228
0.3625961923404297
0.48545090252615497
0.5249497140182253
0.5760052658693141
0.5874449145768033
0.6275881113054019
0.6665426361612463
0.5661748801744183
0.5877597348717581
0.6081559176963435
0.5785699308282073
0.6001547855255472
0.6205509683501325
0.5909649814819963
0.6101556108183416
0.6121738778362847
0.5609646502766615
0.5801552796130066
0.5981572370765971
0.6006908284087571
0.6205803599599513
0.6385823174235418
0.6555472366692451
0.6647941305391704
0.6737075885084335
0.679273047752965
0.6814551743563431
0.6791517192376602
0.6740732933116061
0.6738445409032822
0.6782822072045321
0.6834925356200139
0.6889146506924891
0.6920666504291793
0.6935112908466609
0.6974880458628364
0.6814503878233966
0.6750998120848827
0.6820662312615215
0.6864650518950023
0.7250736769232868
0.7299727925123269
0.7359417995495179
0.7411275125814278
0.7456700607341459
0.749096952652621
0.7517722369768778
0.7534408740825981
0.7545099620239405
0.7546652328677604
0.7535419141823628
0.7065923875736478
0.6441142894445431
0.5734827140005612
0.5240695864143037
0.4979415289362165
0.49347393332567574
0.48360941096809834
0.39107555711810105
0.5582456866958143
0.37783448128428826
0.5451261597062022
0.5554784031012798
0.3714031420177595
0.537391726796972
0.5112685013443654
0.3271529096896886
0.4937930412902518
0.5034937378639789
0.35256177218284235
0.5266447850370983
0.5339845195815323
0.34819984329006926
0.3779522726022084
0.3852866142425298
0.3018590801399512
0.33329032580478357
0.34299102237851065
0.2940940483754719
0.3285684017461972
0.3406300603492175
0.2940940483754719
0.3285684017461972
0.26664897025411827
0.27907004019298154
0.25561494573070476
0.26664897025411827
0.27907004019298154
0.25561494573070476
0.26664897025411827
0.27907004019298154
0.25561494573070476
0.26664897025411827
0.27907004019298154
0.2718816937706046
0.30186167603025793
0.3142827459691212
0.283036879358637
0.2692551575395207
0.2858124755562369
0.26649362917181313
0.2790577144876773
0.29300884521899107
0.26171417756874743
0.27427826288461155
0.2121681973744957
0.2504240255400317
0.2941377310902138
0.37009584888316865
0.35040916461458105
0.3652115993316837
0.38140107946423607
0.3617143951956483
0.3791230171981534
0.39791868461610813
0.37446359015383135
0.38549761467724486
0.42395767315692423
0.44797567455764187
0.45866870140345073
0.4498512889012223
0.4425012405869111
0.4494597980486399
0.45152225967759424
0.4532569162202357
0.45039131572462116
0.4470670183145404
0.4473012271771969
0.4472240845131539
0.4472467541516159
0.44695647404434374
0.37751728926744454
0.43611584243201124
0.0776166267130124
0.4375514184468476
0.44307223296989684
0.0746064001256636
0.43728562709048874
0.40270455455699505
0.07360826725189873
0.47462824005466253
0.4387495597735426
0.10605069570811416
0.4404767755709235
0.3987001370368863
0.06736013546535706
0.41925500446004405
0.37950295290833963
0.05866990642793482
0.38936090926856515
0.35884812077740974
0.0538889583186162
0.13746180032850774
0.2139778799392671
0.1169857266622576
0.2573022089433237
0.26088210090180597
0.2238534792381284
0.2573022089433237
0.21645996812568474
0.17943134646200712
0.2573022089433237
0.22683003279717362
0.21464405223814678
0.23795865162986565
0.24847210399511552
0.23398760955160477
0.20274594585372602
0.16190370503608706
0.17943134646200712
0.20274594585372602
0.16190370503608706
0.17943134646200712
0.20274594585372602
0.16190370503608706
0.17943134646200712
0.20274594585372602
0.16190370503608706
0.17943134646200712
0.26664897025411827
0.27907004019298154
0.25561494573070476
0.26664897025411827
0.27907004019298154
0.25561494573070476
0.26664897025411827
0.27907004019298154
0.25561494573070476
0.26664897025411827
0.27907004019298154
0.2718816937706046
0.30186167603025793
0.3142827459691212
0.283036879358637
0.2692551575395207
0.2858124755562369
0.26649362917181313
0.2790577144876773
0.29300884521899107
0.26171417756874743
0.27427826288461155
0.2121681973744957
0.2504240255400317
0.2941377310902138
0.37009584888316865
0.35040916461458105
0.3652115993316837
0.38140107946423607
0.3617143951956483
0.3791230171981534
0.39791868461610813
0.37446359015383135
0.38549761467724486
0.42395767315692423
0.44797567455764187
0.45866870140345073
0.4498512889012223
0.4425012405869111
0.4494597980486399
0.45152225967759424
0.4532569162202357
0.45039131572462116
0.4470670183145404
0.4473012271771969
0.4472240845131539
0.4472467541516159
0.44695647404434374
0.37751728926744454
0.43611584243201124
0.0776166267130124
0.4375514184468476
0.44307223296989684
0.0746064001256636
0.43728562709048874
0.40270455455699505
0.07360826725189873
0.47462824005466253
0.4387495597735426
0.10605069570811416
0.4404767755709235
0.3987001370368863
0.06736013546535706
0.41925500446004405
0.37950295290833963
0.05866990642793482
0.38936090926856515
0.35884812077740974
0.0538889583186162
0.13746180032850774
0.2139778799392671
0.1169857266622576
0.2573022089433237
0.26088210090180597
0.2238534792381284
0.2573022089433237
0.21645996812568474
0.17943134646200712
0.2573022089433237
0.22683003279717362
0.21464405223814678
0.23795865162986565
0.24847210399511552
0.23398760955160477
0.20274594585372602
0.16190370503608706
0.17943134646200712
0.20274594585372602
0.16190370503608706
0.17943134646200712
0.20274594585372602
0.16190370503608706
0.17943134646200712
0.20274594585372602
0.16190370503608706
0.17943134646200712
0.544637176737847
0.5871496968968622
0.46218339168690276
0.5816819103499838
0.5851377317570485
0.43246676941875467
0.5519652880818358
0.5722820921241871
0.43796285292674614
0.5301832400450285
0.5777781756321786
0.4813069365434156
0.6031051109217626
0.6080925759848106
0.6285136895564969
0.6959365888998514
0.7449905471923427
0.7305077016071453
0.771885822151032
0.8130606239399084
0.7092376672047602
0.7320574457173882
0.7546739054750055
0.7216327178585492
0.7444524963711773
0.7670689561287944
0.7245444977558672
0.7192406158878318
0.7394628502844544
0.7040274373070033
0.7513140402996625
0.7798879306313988
0.7444525176539478
0.7648780708055812
0.7851003052022038
0.8059620898403662
0.82069908570942
0.8354390726902475
0.8462350168992812
0.8539765124573863
0.8548735737198591
0.8525982546493026
0.8548267326854091
0.8616655293966351
0.8689070402494736
0.8762200478282179
0.8802051639426102
0.86916257604562
0.8491028832670031
0.8537555276643102
0.8581673797803818
0.8913687944305917
0.899477424638711
0.9000133251593762
0.9028570775365227
0.9067615968203179
0.9097179154558878
0.9117583243047757
0.9116900841275439
0.9108677770797841
0.9068471658197931
0.902640444375675
0.8982071660784328
0.877287937468288
0.8108780029769157
0.7625070769848238
0.7108232471128159
0.6886217198511735
0.6708183725280498
0.6479672282802061
0.6246048077600095
0.5128128997519505
0.6992410834877254
0.48782659591353184
0.6544923228412179
0.6964737998931909
0.4478591267126863
0.6115451841558482
0.6522235675651199
0.4371450243189322
0.632114599624159
0.6797018404320296
0.46763580603648547
0.6360109481721141
0.6749799163734432
0.45819195791931294
0.48731843573722416
0.499841661565393
0.46065824702545444
0.5416348848055185
0.48398641917042173
0.42629722939277614
0.5369129607469321
0.5361817202307263
0.42629722939277614
0.5369129607469321
0.5074524532163658
0.4937978661707467
0.5334446841685277
0.509284481052363
0.47525085545468054
0.5116626361317205
0.5592026973364759
0.48074693896267207
0.5171587196397119
0.5646987808444673
0.4944134954641718
0.62299364057732
0.6455552259525423
0.5517701285994352
0.6712219977246823
0.7073187279304888
0.7172210841204067
0.7027905982230513
0.7439105256295324
0.7987570706207641
0.7167332695968058
0.7392948549720283
0.7621171481792093
0.7291283202505949
0.7516899056258173
0.7745121988329984
0.741523370904384
0.7616907309186116
0.7821187987647978
0.7467357454751887
0.7669031054894164
0.7873311733356027
0.7257120285050224
0.7369027742840816
0.7573308421302678
0.7913955318668533
0.8309815231043433
0.8473520253662978
0.8588183803099027
0.8669205505879831
0.8654892891633775
0.8610120175336342
0.8614141183719354
0.8667432335123508
0.8743540783230899
0.8822625877346508
0.8870387420074695
0.889310718262316
0.8917507340304902
0.8954382470669437
0.8986020517980401
0.901455847385191
0.8691430018492715
0.8692499467405963
0.8724827772742736
0.8888940358346233
0.9186287492710306
0.924570831353983
0.9279989157754246
0.930625554207855
0.929308239953479
0.9273539963300831
0.9189816694619493
0.9080290421419401
0.8473821874613526
0.7853383757419987
0.7292876094368121
0.6714438460524974
0.6158239554970991
0.5924980501564564
0.5708188557286812
0.4630756673316881
0.6806678372325368
0.46828693776186375
0.6430068245381557
0.6779005536380024
0.4618555984953348
0.6352723916289257
0.6688630270860709
0.4528180719434036
0.5960856389631854
0.6259158884007013
0.4128834421086777
0.5893127440929122
0.6417039566630255
0.4386522997676447
0.47583293743416205
0.5077087647792523
0.47633129464992585
0.5301854581701483
0.46541317291523315
0.38454650485304737
0.52542746244387
0.562030606751659
0.38454650485304737
0.52542746244387
0.566669495245908
0.4826427008405198
0.5495804790942532
0.5685015230819053
0.48630675651251415
0.5550765626022447
0.5739976065898967
0.49180284002050567
0.5332945145654373
0.5794936900978882
0.4972989235284972
0.6039167297269057
0.6420452093409817
0.5628260296572688
0.6873577926504078
0.726492449148056
0.7634896909543801
0.7541390989249164
0.7939181406590932
0.8315597677019458
0.7328690645225312
0.7472196971406976
0.7379603434609032
0.7100514094001806
0.7312721091030987
0.7735205621754231
0.7576591658301094
0.7764856401720326
0.7931746998226314
0.7628715404009142
0.7816980147428374
0.7983870743934363
0.768083914971719
0.7869103893136423
0.8035994489642412
0.8195704606061102
0.8345697886340512
0.8493369571707536
0.8600652768682522
0.8570767437117683
0.8307469932257828
0.8268617370011904
0.8325349930209149
0.8690720230551426
0.8800082881823836
0.8910164852787282
0.8973642843280957
0.901036696572986
0.8967330178943731
0.8940450609528935
0.8910197214451161
0.8881146238028015
0.8899388700178229
0.8922606851106536
0.9000731671006998
0.9106953645899382
0.9019471797212205
0.8931109511951074
0.8984198381965507
0.9026261668769943
0.9406837689319566
0.9448780542146626
0.9476412382177329
0.9492315195742616
0.9015508485149442
0.8510422253330656
0.7979942689308208
0.7426305318042906
0.7141881207932049
0.6874264563767223
0.6605993916482341
0.5167753774892737
0.7000229615998104
0.485249448405632
0.6494825758579362
0.7267176151283476
0.5140308149152428
0.676960848724846
0.7234308572294842
0.5049932883633115
0.6685748689942653
0.7156964243202543
0.5002713643047253
0.6384059097682793
0.6757617944855282
0.45561481041141294
0.4823086887539426
0.5270638891465259
0.4932938052936941
0.5720354486093278
0.555193708834786
0.5214236249819543
0.6023286253159298
0.5245923945481635
0.48621091920581466
0.56711591953979
0.4832948154817797
0.5502068244395837
0.5629287312947617
0.4851268433177769
0.553870880111578
0.5684248148027531
0.49062292682576847
0.5593669636195696
0.5739208983107448
0.49611901033376005
0.5375849155827622
0.6172649819274143
0.596319012755293
0.5981972268204361
0.7007060448509163
0.7420961652496467
0.7815646166205845
0.767487351125425
0.8095218567606837
0.8496346933681502
0.7462173167230399
0.7696934803270399
0.7912479749032474
0.7586123673768289
0.7712098606979275
0.7684303197808967
0.7357947122544782
0.7568766504974835
0.8039555316029948
0.7762197926014228
0.797301730844428
0.8164620000596408
0.7814321671722275
0.8025141054152328
0.8216743746304456
0.8407311629071066
0.855143407260329
0.8694788336058692
0.8777403149167264
0.8818003712078626
0.8752041824768342
0.8641901324435339
0.862943383490052
0.8683912775555006
0.8678262356344344
0.8486664951624542
0.8552520581483347
0.8591661543276858
0.9007353184416329
0.9124529550592542
0.9153970556536623
0.9170326374471324
0.9133518189532763
0.9055031656380812
0.9058420883560028
0.9074325247060304
0.9033915447705707
0.8993356144944368
0.9043941802512163
0.9101677462009043
0.8884051609215543
0.9007202240247677
0.9031407298939615
0.9229657346105421
0.8901041117509592
0.8394412012599142
0.7884325762319456
0.7374799412682884
0.7097823705945222
0.6823516948497937
0.6547248602005
0.5305320188728686
0.7293611359282159
0.4840412564693542
0.6390743919960918
0.6913811465575418
0.4639016699917814
0.6470529847551385
0.7175563257817502
0.49007684921598976
0.6581666851324209
0.7098218928725203
0.48535492515740347
0.6558057231031278
0.7050999688139339
0.4534856052287551
0.4719005048920982
0.5211893576987918
0.47837736614637244
0.5614296597365319
0.5141064716109124
0.42180528212563345
0.5567077356779457
0.6107239054473381
0.42180528212563345
0.5294296041331469
0.5319967552191204
0.4457562540325276
0.4183050462154914
0.4988759500994289
0.5290551482567829
0.45901383549962255
0.507547736729944
0.4993385259886349
0.4565753447762732
0.5448209500711005
0.5048346094966263
0.5271975599377415
0.5904646894030359
0.5351490098492584
0.6198480498612251
0.6684754246556578
0.7266032441463879
0.7218420619118736
0.7592454006323054
0.7946733208939536
0.7005720275094884
0.7194170241986614
0.7362866024290509
0.7129670781632775
0.7318120748524506
0.7486816530828398
0.7253621288170665
0.7160124876955601
0.7210755472384996
0.6953617976117317
0.7199754389465934
0.7615006275854441
0.7357868779586761
0.7522376492868545
0.7667130021562489
0.7797388159967487
0.7899486072226336
0.8007065945263971
0.8085407561628266
0.8136992643793883
0.8138249286597127
0.8111998357934841
0.8132022811828705
0.8199574885961556
0.8297066099383819
0.8398441260128593
0.8470384229130608
0.8518489560121283
0.8258995942612262
0.8256828524310706
0.8315500178146767
0.8464251653089985
0.8788232895738867
0.8848813860617789
0.8917334070677688
0.8997374585632871
0.9087767704621696
0.9172282405771535
0.9240024146227523
0.9300745136322177
0.9313261809046457
0.9316893256112961
0.9276755377345856
0.9227911409807965
0.8456908485247633
0.7855347127247232
0.7338986169896068
0.6841107638029948
0.6872610982490419
0.6574264914892444
0.6284649970003111
0.5107135658582522
0.703101272728027
0.4857272620198335
0.652401169940635
0.7003339891334925
0.4684226813831377
0.6094540312552654
0.6560837568054215
0.4350456904252339
0.6075669227213484
0.6835620296723313
0.46553647214278715
0.6339197952715313
0.6788401056137449
0.45609262402561457
0.4852272828366413
0.5122159562996543
0.4585589131317561
0.5395437319049355
0.48784660841072336
0.4514760270438766
0.5348218078463491
0.4854856463814302
0.4514760270438766
0.5348218078463491
0.39670379708304104
0.4638991742558754
0.4793686918069928
0.39670379708304104
0.4144099763230159
0.4793686918069928
0.49568219294876
0.4144099763230159
0.45209056026219396
0.49568219294876
0.4144099763230159
0.4152603482446454
0.5308948987248996
0.5486010779648746
0.3892081970670514
0.3993099843684434
0.42115241168627127
0.3912689793823822
0.40911254131659996
0.42834878134902543
0.44104579086891427
0.458889352803132
0.34750813350453
0.45345453510247313
0.47874882100873434
0.5054357850132031
0.47518451482515023
0.4952664261606065
0.5167410155942704
0.4864897454062175
0.5091778440270762
0.5332586207461425
0.49923894036440053
0.5249831341510858
0.5684713265222822
0.5891793151156173
0.594915954207814
0.5690402298609706
0.5777863780561309
0.5860420845430716
0.5924208190673241
0.5983019404275088
0.5967672945445469
0.5944967877694034
0.5952785634639653
0.596005125553911
0.5989720490934093
0.6024246918292442
0.515256603678264
0.576806719106641
0.0776166267130124
0.5645486552079215
0.5955745999308816
0.0746064001256636
0.570450988275383
0.604178301922954
0.09221359157651528
0.5897602460328912
0.6130191862899532
0.09401371313851735
0.4904211345739527
0.43189211616084233
0.06736013546535706
0.39292156703048997
0.3549421033404384
0.05866990642793482
0.37860680174643135
0.33302233949267174
0.0538889583186162
0.05229530894884333
0.05070165957907045
0.04910801020929756
0.1384481213592483
0.1384481213592483
0.1384481213592483
0.1384481213592483
0.1384481213592483
0.1384481213592483
0.1384481213592483
0.1674285805448023
0.17366082713538797
0.17366082713538797
0.15185366825555016
0.1384481213592483
0.1384481213592483
0.1384481213592483
0.1384481213592483
0.1384481213592483
0.1384481213592483
0.1384481213592483
0.1384481213592483
0.1384481213592483
0.1384481213592483
0.1384481213592483
0.1384481213592483
0.1384481213592483
0.39670379708304104
0.4638991742558754
0.4793686918069928
0.39670379708304104
0.4144099763230159
0.4793686918069928
0.49568219294876
0.4144099763230159
0.45209056026219396
0.49568219294876
0.4144099763230159
0.4152603482446454
0.5308948987248996
0.5486010779648746
0.3892081970670514
0.3993099843684434
0.42115241168627127
0.3912689793823822
0.40911254131659996
0.42834878134902543
0.44104579086891427
0.458889352803132
0.34750813350453
0.45345453510247313
0.47874882100873434
0.5054357850132031
0.47518451482515023
0.4952664261606065
0.5167410155942704
0.4864897454062175
0.5091778440270762
0.5332586207461425
0.49923894036440053
0.5249831341510858
0.5684713265222822
0.5891793151156173
0.594915954207814
0.5690402298609706
0.5777863780561309
0.5860420845430716
0.5924208190673241
0.5983019404275088
0.5967672945445469
0.5944967877694034
0.5952785634639653
0.596005125553911
0.5989720490934093
0.6024246918292442
0.515256603678264
0.576806719106641
0.0776166267130124
0.5645486552079215
0.5955745999308816
0.0746064001256636
0.570450988275383
0.604178301922954
0.09221359157651528
0.5897602460328912
0.6130191862899532
0.09401371313851735
0.4904211345739527
0.43189211616084233
0.06736013546535706
0.39292156703048997
0.3549421033404384
0.05866990642793482
0.37860680174643135
0.33302233949267174
0.0538889583186162
0.05229530894884333
0.05070165957907045
0.04910801020929756
0.1384481213592483
0.1384481213592483
0.1384481213592483
0.1384481213592483
0.1384481213592483
0.1384481213592483
0.1384481213592483
0.1674285805448023
0.17366082713538797
0.17366082713538797
0.15185366825555016
0.1384481213592483
0.1384481213592483
0.1384481213592483
0.1384481213592483
0.1384481213592483
0.1384481213592483
0.1384481213592483
0.1384481213592483
0.1384481213592483
0.1384481213592483
0.1384481213592483
0.1384481213592483
0.1384481213592483
0.5095709989252172
0.5995372038464301
0.5087298893208658
0.5389442665249127
0.5679885537422849
0.4790132670527177
0.5094803075585073
0.5734846372502762
0.48450935056070926
0.5149763910664988
0.5789807207582678
0.5278534341773786
0.5606201303984342
0.6092951211108997
0.6306380544143387
0.7015437530540751
0.7461930923184318
0.732632066464987
0.773822974403825
0.8142631690659975
0.711362032062602
0.7339945979701811
0.7558764506010945
0.723757082716391
0.7463896486239702
0.7682715012548835
0.7212471789955245
0.7211777681406247
0.7406653954105434
0.7061518021648452
0.7585366975431803
0.7810904757574878
0.7465768825117897
0.7668152230583741
0.7863028503282928
0.8067467099275663
0.823039551008072
0.8387929911395159
0.8500162190547336
0.8577357168954897
0.8567447621011303
0.8521929023630631
0.8522087681804761
0.8567584533189552
0.8600104545546667
0.8637016031395617
0.8626877125188377
0.8375643848363664
0.8243658769496678
0.8271115030531834
0.8289873088176618
0.8605849590329314
0.8561501092738167
0.8509325235979638
0.8578081916564717
0.8676827027911997
0.8784703861514745
0.8879356679077665
0.8920365567194931
0.8949702398825471
0.8971617557890301
0.8978487099196963
0.8950784917704436
0.8629150620039878
0.803645116595303
0.751023884878861
0.7061149507078508
0.6835761234641534
0.6603911226251169
0.63839734609705
0.614537907480542
0.5971472263783933
0.689174183208258
0.4828208113900239
0.64035565594803
0.6775101512642479
0.4411767663473555
0.5974085172626602
0.6421566672856525
0.43611814886717964
0.6242352433082193
0.6696349401525623
0.46263002151297755
0.6218742812789262
0.6649130160939759
0.45318617339580486
0.47318176884403623
0.48597508391912847
0.4283743309571476
0.5274982179123304
0.528475781980552
0.4212914448692682
0.5227762938537441
0.5261148199512589
0.4212914448692682
0.5227762938537441
0.5230081189756444
0.5102555222825546
0.5470846890333952
0.5248401468116415
0.5139195779545489
0.5525807725413867
0.5303362303196331
0.5194156614625404
0.5307987245045793
0.5358323138276246
0.5590934496839428
0.6366336454421874
0.6166887589356996
0.6126499174873641
0.6848620025895498
0.7111473607807856
0.7336787402322146
0.7164306030879187
0.7594661913888109
0.8262965904816266
0.7303732744616732
0.7548505207313069
0.778574804291017
0.7427683251154624
0.7672455713850959
0.790969854944806
0.7551633757692514
0.7772463966778902
0.7985764548766056
0.7603757503400562
0.7824587712486949
0.7982229566915764
0.7303754191347213
0.7524584400433603
0.7737884982420756
0.821878123325334
0.8449739706084829
0.8599967736622645
0.870049764641317
0.8759881671383798
0.8720408589029041
0.8662724658043064
0.86778552383212
0.8747564907482589
0.8816675267846895
0.8887096515822868
0.8885875491287716
0.8853968540396598
0.8861695088523616
0.8901737145437837
0.89788688264137
0.8984693224170908
0.8762697704564457
0.878942268586091
0.8780521081881448
0.8991534721572768
0.9117650521871135
0.9119096323790205
0.9135002341695349
0.9151275443609527
0.9151201773463501
0.9138426269219909
0.9029408048815473
0.8870229024256918
0.8292357782006331
0.770544737560244
0.7192159695402301
0.6563410095623048
0.6041107274936428
0.5739817306919502
0.5458669558728007
0.5313823284620689
0.6557159373766561
0.4413269855655434
0.6183052895027913
0.6529486537821217
0.43489564629901456
0.6105708565935614
0.6439111272301905
0.4220484424657313
0.566972171086841
0.6009639885448207
0.38592348991235736
0.5646112090575478
0.6256653118809629
0.4116923475713244
0.45113140239879757
0.4827568649233717
0.4453999439119965
0.5054478514670918
0.4404612730593527
0.40707575058958645
0.5007259274085054
0.4381003110300594
0.40707575058958645
0.5007259274085054
0.460993775374331
0.49928970931713246
0.5416102672862868
0.5173820662999258
0.5029537649891269
0.5471063507942784
0.5228781498079174
0.5084498484971184
0.5526024343022699
0.5283742333159088
0.5139459320051099
0.5959465179189393
0.5949328487826195
0.6016841045219422
0.6793875808424413
0.7197951251421979
0.7579256330429321
0.7461688871169501
0.787220816653235
0.8259957097904979
0.724898852714565
0.7258248262559273
0.7323962855494554
0.7020811975922142
0.7269297634510835
0.780004041979384
0.7496889540221431
0.7697883161661744
0.7876106419111836
0.7549013285929479
0.7750006907369793
0.7928230164819884
0.7601137031637526
0.7802130653077841
0.7980353910527932
0.8146639441290172
0.8268181104910919
0.8401583550087062
0.8517336469455568
0.8277438000459795
0.8238065178152043
0.8191609772285883
0.8478331103167683
0.8641083045901304
0.8750182126439755
0.8857664923660628
0.8909192649124559
0.8928661606626636
0.8898588151428245
0.8890700246512034
0.8902869712636037
0.8918751316166316
0.8939804695091289
0.8957006726446685
0.8977702374900519
0.9008176791848143
0.869829445882741
0.8637284840208621
0.8630655221734463
0.8724399348199432
0.897718934798157
0.898373963098706
0.8981790673422697
0.8964823167324922
0.8481248585917527
0.797860893618173
0.7460444352761598
0.6940476720527469
0.6614263369526735
0.6296663597261127
0.5914708630960869
0.5424980600556116
0.6352483079158637
0.4281716450672422
0.5922168763127762
0.667693730097469
0.45695301157685303
0.6157977961581644
0.6586562035455378
0.4479154850249218
0.6074118164275838
0.6509217706363076
0.4416155852764627
0.5698381486221509
0.6109871408015817
0.39853700707302314
0.42114563618726103
0.4622892354625793
0.441153616182408
0.5458874968078345
0.49041905515083956
0.4370676900987657
0.5081850652422493
0.5074016504350043
0.4018549843226261
0.5059528669731085
0.5241958210247293
0.5103308033976527
0.5482170490705631
0.5260278488607264
0.49178379268158634
0.5264350010337558
0.5759460651448391
0.49727987618957786
0.5592092160865462
0.5814421486528307
0.5027759596975694
0.6025532997032156
0.6270858879847662
0.5493673953836189
0.6859943626267176
0.7284409077029985
0.7689667271234524
0.7527756689012264
0.7958665992140356
0.8370368038710181
0.7315056344988412
0.7560382227803917
0.7786500854061151
0.7439006851526303
0.74554259083272
0.7558324302837645
0.7210830300302797
0.747925454446742
0.7986517359917037
0.7615081103772241
0.7836464732977798
0.8038641105625085
0.7667204849480289
0.7888588478685847
0.8090764851333134
0.8288161889080606
0.8420188565409144
0.8546441163087914
0.8615633883972847
0.8641023464467102
0.859134857512197
0.8507946512176052
0.8495863531746659
0.8536497729506187
0.8334823557965712
0.8367671233198677
0.8416543380638564
0.8652261128866867
0.8825444683609583
0.8893886132665889
0.8989640032972265
0.9093021599407644
0.9164206710776406
0.9225466709960467
0.9280174482690995
0.9340530712474889
0.9338307722157477
0.9321465908951105
0.9272301597233541
0.9004171864276914
0.8860887845523535
0.8849679550566374
0.8867774608911749
0.9139593582968221
0.860169326558371
0.8027391519315458
0.7455586463362361
0.6882108290935628
0.6560897152733477
0.6249062303149283
0.5994855972036917
0.5756424508928709
0.6741218729314076
0.4303535982348624
0.6026006005973876
0.6361418835607334
0.42203414481534046
0.6226663234107184
0.6623170627849418
0.44820932403954883
0.6216928937337166
0.6545826298757119
0.44348739998096254
0.6193319317044235
0.6498607058171255
0.40111438145602524
0.4354267134933939
0.4659500947019835
0.4365098409699314
0.5249558683378278
0.45886720861410396
0.429426954882052
0.5202339442792415
0.4565062465848108
0.429426954882052
0.5202339442792415
0.4607314622820715
0.5254410237765098
0.5736851124834104
0.49777619589420835
0.5643177852246439
0.5614843138360905
0.4680595736260603
0.5346011629564957
0.554637638793717
0.47355565713405184
0.5400972464644872
0.5979817224103865
0.5191993964659871
0.6199008447499786
0.6462100795577489
0.7052060830874765
0.7567988159575106
0.7482040916083972
0.7869585035609755
0.8248688927050764
0.7269340572060121
0.7471301271273317
0.7664821742401735
0.7393291078598012
0.7595251777811207
0.7788772248939626
0.7491970563021261
0.7343132972977754
0.7512711190496224
0.7217238273082554
0.7594608692743052
0.7916961993965669
0.7621489076551998
0.7799507522155247
0.7969085739673717
0.8134790943433128
0.8295828787341868
0.8462421747273084
0.8569243956794163
0.8648194526163197
0.8624492128229877
0.8558057161346752
0.8575419583514987
0.8647995871631199
0.8664971698222883
0.8676836744794559
0.8625518584330094
0.8469092473906761
0.8225401567717865
0.8299133159734934
0.8440179085199322
0.881463595261665
0.900886125704507
0.9067771750767376
0.9094623211033387
0.9122915102011558
0.9133248385718924
0.9137936180424254
0.905612391460848
0.8969098982583815
0.8831903197516489
0.8698509931521398
0.8577397130143297
0.8352217077284575
0.7613350247759674
0.7082569179117355
0.657835507986893
0.6075050573363383
0.6137780104530847
0.5907101861065103
0.5650660035380204
0.5376759696774056
0.6397022792657363
0.42874876372562487
0.6024240642189667
0.6369349956712018
0.3959835216454971
0.5594769255335971
0.5926847633431308
0.3780671921310252
0.5728994661780448
0.6201630362100405
0.4085579738485785
0.583942689549863
0.6154411121514543
0.3991141257314058
0.43525017711497294
0.4429917393354693
0.3520912169046879
0.43501036309366947
0.468869747724554
0.39956459390640614
0.48484470212468084
0.46650878569526083
0.3450083308168085
0.4302884390350832
0.4084377460950674
0.37606462328145396
0.35332032812965863
0.4084377460950674
0.42048675605757524
0.35332032812965863
0.3640156133189461
0.37606462328145396
0.3977424609057799
0.4084377460950674
0.3815487327485422
0.3885330339057983
0.3992283190950857
0.41127732905759357
0.400735690055425
0.41104393338046974
0.38280705864470926
0.36419901157076695
0.4208464903286263
0.4344255610835848
0.4588938014311284
0.42620116903903704
0.35358491323908936
0.38196243451473666
0.4460606372446393
0.4670904319716411
0.4481145470135349
0.4625782423965115
0.47839566255270843
0.4594197775946023
0.47648966026298123
0.49491326770458055
0.4721689725527853
0.49811972207739413
0.5301259734807202
0.5426295306741635
0.5430937946968846
0.5243729324217545
0.5348902055076173
0.545260190196208
0.5515608670569249
0.5571645567421875
0.5557719643602884
0.5535255362757282
0.5531903930350581
0.5533063254104297
0.5541365265387769
0.5547712517153632
0.4634836529321644
0.5161797212177411
0.0776166267130124
0.4739693493724216
0.4376640224888643
0.0746064001256636
0.46673226574539467
0.42449086740289493
0.09803892050579878
0.45732811259036854
0.4253948263674517
0.08819088109342108
0.3842623077310537
0.38119081371465385
0.06736013546535706
0.3717077319976492
0.3474136328281342
0.05866990642793482
0.36597539558887715
0.3418370020773356
0.0538889583186162
0.05229530894884333
0.05070165957907045
0.30370242019039023
0.23742651722496727
0.20472402432467132
0.29178739726279945
0.23742651722496727
0.20472402432467132
0.2695763308747388
0.23742651722496727
0.23952548849670988
0.22802170717322012
0.22821709022498562
0.2668636711840243
0.1928090013970805
0.1384481213592483
0.20472402432467132
0.1928090013970805
0.1384481213592483
0.20472402432467132
0.1928090013970805
0.1384481213592483
0.20472402432467132
0.1928090013970805
0.1384481213592483
0.20472402432467132
0.1928090013970805
0.4084377460950674
0.37606462328145396
0.35332032812965863
0.4084377460950674
0.42048675605757524
0.35332032812965863
0.3640156133189461
0.37606462328145396
0.3977424609057799
0.4084377460950674
0.3815487327485422
0.3885330339057983
0.3992283190950857
0.41127732905759357
0.400735690055425
0.41104393338046974
0.38280705864470926
0.36419901157076695
0.4208464903286263
0.4344255610835848
0.4588938014311284
0.42620116903903704
0.35358491323908936
0.38196243451473666
0.4460606372446393
0.4670904319716411
0.4481145470135349
0.4625782423965115
0.47839566255270843
0.4594197775946023
0.47648966026298123
0.49491326770458055
0.4721689725527853
0.49811972207739413
0.5301259734807202
0.5426295306741635
0.5430937946968846
0.5243729324217545
0.5348902055076173
0.545260190196208
0.5515608670569249
0.5571645567421875
0.5557719643602884
0.5535255362757282
0.5531903930350581
0.5533063254104297
0.5541365265387769
0.5547712517153632
0.4634836529321644
0.5161797212177411
0.0776166267130124
0.4739693493724216
0.4376640224888643
0.0746064001256636
0.46673226574539467
0.42449086740289493
0.09803892050579878
0.45732811259036854
0.4253948263674517
0.08819088109342108
0.3842623077310537
0.38119081371465385
0.06736013546535706
0.3717077319976492
0.3474136328281342
0.05866990642793482
0.36597539558887715
0.3418370020773356
0.0538889583186162
0.05229530894884333
0.05070165957907045
0.30370242019039023
0.23742651722496727
0.20472402432467132
0.29178739726279945
0.23742651722496727
0.20472402432467132
0.2695763308747388
0.23742651722496727
0.23952548849670988
0.22802170717322012
0.22821709022498562
0.2668636711840243
0.1928090013970805
0.1384481213592483
0.20472402432467132
0.1928090013970805
0.1384481213592483
0.20472402432467132
0.1928090013970805
0.1384481213592483
0.20472402432467132
0.1928090013970805
0.1384481213592483
0.20472402432467132
0.1928090013970805
0.237355551698965
0.26011369705046006
0.2574419743815757
0.2550779456795762
0.22856504694631474
0.22772535211342754
0.23143590009390874
0.23406113045430627
0.2332214356214191
0.23693198360190032
0.2395572139622978
0.2410171748446765
0.24702737854042353
0.26987161431492973
0.4237722722511699
0.47916264529933406
0.5057479813881808
0.5257662843018183
0.5503348300288241
0.5738180581357464
0.5938363610493839
0.5105064535951802
0.5154313396708435
0.5168913005532222
0.5229015042489692
0.5278263903246326
0.513027988400443
0.4976896237656239
0.5002202844802925
0.4992860200016764
0.5364206434039429
0.5406453648272369
0.5397111003486209
0.5433270786833732
0.5458577393980417
0.549145695084865
0.5552821814276758
0.5607988696352831
0.5645453274184506
0.5661037017766842
0.5647566724294842
0.561394692435427
0.5605594287733946
0.5646339874052013
0.5719592260463964
0.5785686355435027
0.5839345162083988
0.5652729671438093
0.5516000576100355
0.5534352292643328
0.5599065520039462
0.5961833058968662
0.601881595394618
0.6076451347117421
0.6207918805199574
0.6387675580192818
0.6555416774547401
0.6722911923587666
0.6764230169219523
0.6777229378097246
0.6779029782670667
0.6775658152122066
0.6815214919308076
0.6576402976048638
0.6077313547043478
0.5618436164630161
0.5188730653616965
0.4960940184685774
0.4702673187384249
0.44606717012490626
0.4219065900122855
0.2733480906569346
0.46099452134658936
0.2772067300711415
0.46414780377985454
0.4489229203857881
0.200014340635061
0.38565232070107275
0.413977005423984
0.1953606848195812
0.4124790467466317
0.4414552782908936
0.22146759580068312
0.38283995317253977
0.43673335423230725
0.21202374768351046
0.29697391667586076
0.2932147312779925
0.16500083885679256
0.252311969878436
0.2812882014226977
0.1579179527689131
0.24759004581984967
0.27892723939340464
0.1579179527689131
0.24759004581984967
0.3023900167351233
0.3097566525120434
0.2944493230447567
0.30422204457112045
0.3134207081840377
0.29994540655274815
0.3097181280791119
0.31891679169202924
0.3054414900607397
0.31521421158710355
0.33651716438381934
0.392872067836258
0.4049444450778877
0.3899399813287924
0.5312050324666302
0.544596479540065
0.555390936849764
0.5627736329649993
0.5934043522378876
0.6483954172449242
0.6660564154887044
0.5887886815803833
0.6002870009085665
0.5891113549925429
0.6011837322341723
0.6126820515623554
0.6015064056463318
0.6111845575269668
0.620288651494155
0.6067187802171365
0.6163969320977715
0.620300519140694
0.5767184490118017
0.5863966008924367
0.5955006948596251
0.6308121938816821
0.6486728508166004
0.6582321858961934
0.6630976887511323
0.6648325867581018
0.6602444805366198
0.6540174980903507
0.6566744276479978
0.6662690643920571
0.6779537401879973
0.6899500466414175
0.7000480449096885
0.7078298868409171
0.7155610621187255
0.7256814752359879
0.7369762745839129
0.7395516624897707
0.7226357614644755
0.73188163168578
0.7408841808503066
0.7705724921891757
0.7919554610425845
0.7990668692253211
0.8041905600620766
0.8105868592981911
0.8141435206959539
0.8164375643825805
0.8162524030979184
0.8142156975695662
0.7658338433931637
0.7159070483273257
0.6655312732215921
0.6029939653553125
0.5497707670048969
0.5203340323218265
0.48877650065385125
0.4608500471393541
0.5986254821577068
0.3833801650085184
0.5623086628178354
0.5958581985631723
0.3769488257419896
0.5545742299086055
0.5868206720112411
0.365238203167487
0.5109755444018852
0.5438735333258714
0.3279766693553323
0.508614582372592
0.5673469389072481
0.35374552701429934
0.3951347757138417
0.42566640970442227
0.338526257812615
0.350472828916417
0.38337081784040317
0.299639732099702
0.34575090485783067
0.38100985581111
0.299639732099702
0.34575090485783067
0.33647332621137943
0.3397222375898554
0.33467883138460347
0.33830535404737655
0.3433862932618498
0.34017491489259494
0.343801437555368
0.34888237676984135
0.3456709984005864
0.34929752106335965
0.3543784602778328
0.48799347788297487
0.5142765843152433
0.4199055664066045
0.5714345408064769
0.5952746759792463
0.6205692277037158
0.6382158470809857
0.6627003674902834
0.6886393044512813
0.7062859238285512
0.6033629727932573
0.5950398802102388
0.5941281575562499
0.6004585524717576
0.6426476366401676
0.6417359139861787
0.6452678670032228
0.6502542365719671
0.6469482885569834
0.6504802415740275
0.6554666111427718
0.6521606631277882
0.6556926161448325
0.6606789857135769
0.6668691065434542
0.6731409821294284
0.6790831634589354
0.6833453458861092
0.6567893954603738
0.6477011691307011
0.6435410870138161
0.6693730899767273
0.6909027943670853
0.7033624997955844
0.7161256397844977
0.7246848179584336
0.730200223068402
0.7275251816339182
0.7263663630050331
0.733360070362325
0.742453047007331
0.7591314497344505
0.7767088449767532
0.7889250103647882
0.8008568483534638
0.7825283109953866
0.7829014637809963
0.7869518728308014
0.7985064819389535
0.8257410526454227
0.8253182510360342
0.8227090699595458
0.8168961924286477
0.7661093138664414
0.7141938107039606
0.6641587763131779
0.6138815400418121
0.5902751216023617
0.5661664495588691
0.625881919738027
0.4768043942505904
0.5777506044448885
0.37192659507625114
0.5437042347402747
0.6101960266264937
0.4007079615858619
0.5699756312273135
0.6011585000745623
0.3916704350339308
0.5615896514967328
0.5934240671653324
0.3869485109753444
0.5249926594448521
0.5534894373306065
0.34229195708203214
0.37532347125641
0.404791531991604
0.3304817540314538
0.394609786921663
0.4329213516798641
0.3586115737197141
0.3748027216064544
0.39534768387443137
0.3233988679435744
0.3611523061765386
0.3347952599291298
0.3382404191734438
0.33796748475638433
0.3366272877651269
0.3419044748454381
0.3434635682643758
0.3421233712731184
0.3474005583534297
0.34895965177236726
0.34761945478111
0.35289664186142117
0.49128213125475567
0.4922415899787642
0.3971474842407617
0.5747231941782579
0.5935966096969968
0.6190874092873041
0.6415045004527664
0.6610223012080337
0.6871574860348697
0.709574577200332
0.6211939247743898
0.6287707675699669
0.6326295167041704
0.6145151346360106
0.6059531124476162
0.6098118615818198
0.6093351984625335
0.6487724181555554
0.6502369419287642
0.648802175291778
0.6539847927263602
0.6554493164995691
0.6540145498625829
0.6591971672971652
0.6662001867621576
0.6754078515815449
0.6852239521539811
0.6905238275971324
0.6928147126481823
0.6884918981651318
0.6815915547356496
0.68464975580252
0.693373734031044
0.6892889506680905
0.6908778750162209
0.703936662050185
0.7267187136758345
0.7537285630309203
0.7596209917590421
0.7576030631237813
0.7527805252917229
0.7496904551838802
0.7464020707970861
0.7519459769077335
0.7607041161512794
0.7744023790671908
0.7870983805349063
0.7941281180233764
0.7881705708521671
0.7623712875846498
0.7577143564164023
0.7539113789693236
0.7800900524064626
0.7357773879355214
0.6855138242217442
0.6346855312565725
0.5836076916504728
0.5589941198964536
0.5347647558524042
0.6003037805214035
0.4810470863629203
0.5855999450991689
0.3541904613204989
0.5327058657118645
0.5476199557284946
0.3401944116343306
0.546984584742268
0.5737951349527031
0.366369590858539
0.5517981588481935
0.566060702043473
0.3616476667999527
0.5494371968189004
0.5613387779848867
0.32438605981124186
0.36553197860787073
0.3774281668697447
0.3051809098560621
0.3560827375865856
0.3703452807818651
0.29809802376818273
0.3513608135279993
0.367984318752572
0.29809802376818273
0.3513608135279993
0.3601881132043087
0.36190559498880076
0.37061547494756913
0.39723284681644555
0.4007823564369347
0.40287940542866746
0.3675162245482974
0.3710657341687867
0.37379815018579554
0.37301230805628904
0.37656181767677815
0.516120629668184
0.5176344432539433
0.4068762180294101
0.5643489868155463
0.6002721295515554
0.6427525851026611
0.6663429988661947
0.6864151544832127
0.7108226618502267
0.7344130756137603
0.6465867780495688
0.6524359433853238
0.6574680151175986
0.6589818287033578
0.6648309940391128
0.6698630657713877
0.6377837834077235
0.6372248881947727
0.6398627345660528
0.652547084246307
0.6776499685417171
0.6802878149129973
0.6794074031377618
0.6828623431125221
0.6873851734739096
0.6873484499989265
0.687619764657629
0.6830555717987497
0.6751139461533651
0.6696198150535697
0.6616782936066972
0.6620462885847684
0.6688530846278846
0.6781237086617169
0.6876394374326826
0.6936887974774723
0.6967817834712021
0.6695097755383101
0.6747406897673448
0.6835850767031372
0.7058749933243551
0.7325118251752144
0.7357529017561011
0.7385816677150503
0.7421853465535655
0.7492970098280199
0.7561806735103337
0.7583572607070644
0.7592209580217189
0.7528531371560798
0.7464502733445223
0.7451725800054646
0.7451706424602156
0.669450435883369
0.6168670690708453
0.5644376590718996
0.5164055373308651
0.5157459811048607
0.4856164812846798
0.5485567614728657
0.28820763281624345
0.533852926050631
0.2446684797059009
0.5221376885994755
0.5310856424560964
0.2245231279510222
0.47919054991410565
0.48683541012802556
0.19398690811130118
0.4801535213191501
0.5143136829949351
0.22447768982885452
0.5036563139303717
0.5095917589363488
0.21503384171168188
0.3549638014954816
0.34191025293347715
0.16801093288496396
0.3103018546980569
0.3185982617333272
0.1609280467970845
0.30557993063947053
0.3162372997040341
0.1609280467970845
0.30557993063947053
0.25143053571937884
0.2522774799441152
0.249697559880357
0.25143053571937884
0.2522774799441152
0.249697559880357
0.25143053571937884
0.2522774799441152
0.249697559880357
0.25143053571937884
0.25299518274085664
0.28491026565649663
0.2866432414955185
0.28749018572025486
0.25745739434104575
0.25403672300478125
0.2590199153073707
0.26057624332146534
0.2638392799529378
0.26621628497012473
0.3095885584749384
0.22351148395646006
0.18537563712562935
0.2326571915585466
0.24337095216206237
0.3433032886343024
0.34449177876423326
0.34999316479694426
0.3546085192153698
0.35579700934530056
0.36390458266341397
0.37112612436724185
0.3685462043034836
0.38076858509491773
0.4063388301433815
0.40713489461344887
0.40209238220216587
0.3601981397025609
0.36214720929785765
0.3662904995806745
0.3691966465322804
0.37257833565356807
0.3871845737018333
0.38256333128553505
0.3768041256136173
0.37021633570127815
0.36650451007378476
0.36264671878344107
0.1229939822319553
0.2893906487521955
0.1494897921665825
0.36080048782434526
0.25742635855652857
0.0746064001256636
0.2770825666095503
0.2515844327014583
0.09327447300397607
0.23347250121635002
0.3095472565078547
0.09295653738311462
0.19883605493433273
0.2783623771501759
0.06736013546535706
0.26871129441669156
0.23985234284695311
0.05866990642793482
0.18038020468817823
0.2517869666610901
0.0538889583186162
0.05229530894884333
0.1400417707290212
0.1384481213592483
0.1384481213592483
0.1384481213592483
0.1384481213592483
0.1384481213592483
0.1384481213592483
0.1384481213592483
0.1384481213592483
0.1684874459268476
0.17366082713538797
0.17366082713538797
0.1507949614354078
0.1384481213592483
0.1384481213592483
0.1384481213592483
0.1384481213592483
0.1384481213592483
0.1384481213592483
0.1384481213592483
0.1384481213592483
0.1384481213592483
0.1384481213592483
0.1384481213592483
0.1384481213592483
0.1384481213592483
0.25143053571937884
0.2522774799441152
0.249697559880357
0.25143053571937884
0.2522774799441152
0.249697559880357
0.25143053571937884
0.2522774799441152
0.249697559880357
0.25143053571937884
0.25299518274085664
0.28491026565649663
0.2866432414955185
0.28749018572025486
0.25745739434104575
0.25403672300478125
0.2590199153073707
0.26057624332146534
0.2638392799529378
0.26621628497012473
0.3095885584749384
0.22351148395646006
0.18537563712562935
0.2326571915585466
0.24337095216206237
0.3433032886343024
0.34449177876423326
0.34999316479694426
0.3546085192153698
0.35579700934530056
0.36390458266341397
0.37112612436724185
0.3685462043034836
0.38076858509491773
0.4063388301433815
0.40713489461344887
0.40209238220216587
0.3601981397025609
0.36214720929785765
0.3662904995806745
0.3691966465322804
0.37257833565356807
0.3871845737018333
0.38256333128553505
0.3768041256136173
0.37021633570127815
0.36650451007378476
0.36264671878344107
0.1229939822319553
0.2893906487521955
0.1494897921665825
0.36080048782434526
0.25742635855652857
0.0746064001256636
0.2770825666095503
0.2515844327014583
0.09327447300397607
0.23347250121635002
0.3095472565078547
0.09295653738311462
0.19883605493433273
0.2783623771501759
0.06736013546535706
0.26871129441669156
0.23985234284695311
0.05866990642793482
0.18038020468817823
0.2517869666610901
0.0538889583186162
0.05229530894884333
0.1400417707290212
0.1384481213592483
0.1384481213592483
0.1384481213592483
0.1384481213592483
0.1384481213592483
0.1384481213592483
0.1384481213592483
0.1384481213592483
0.1684874459268476
0.17366082713538797
0.17366082713538797
0.1507949614354078
0.1384481213592483
0.1384481213592483
0.1384481213592483
0.1384481213592483
0.1384481213592483
0.1384481213592483
0.1384481213592483
0.1384481213592483
0.1384481213592483
0.1384481213592483
0.1384481213592483
0.1384481213592483
0.1384481213592483
0.3035664279774485
0.33579803119659735
0.33392215462474284
0.33081890556171234
0.30424938109245203
0.30420553235659475
0.3024114206968648
0.30974546460044355
0.3097016158645862
0.30790750420485635
0.315241548108435
0.31749735508784366
0.3180028991433796
0.345555948461067
0.5002524524943371
0.5492086205456382
0.5814323155343181
0.6022464645449854
0.6213103506317801
0.6495023922818836
0.670316541292551
0.5814819741981362
0.5911156738169808
0.5933714807963894
0.5938770248519253
0.6035107244707698
0.5919024128433384
0.5686651443685798
0.5759046186264296
0.5757662002448435
0.605157297033854
0.6163296989733741
0.6161912805917881
0.6143025992863292
0.6215420735441791
0.6294416880498659
0.6431221835733745
0.6584196019178009
0.6780052705337175
0.6948128047773274
0.7071529669567075
0.7155722872436557
0.725850175355638
0.7380302223700842
0.751264325827902
0.7626686322151757
0.7672841213137774
0.7532513087379015
0.7384890530483117
0.7475405340677037
0.7623824709260804
0.8110491385604846
0.8271346953718254
0.8388946741846907
0.8460558318848176
0.8527607882103112
0.8562465035134242
0.8595435107281315
0.8615866843191081
0.8631407612546431
0.8651449398216261
0.8668966987759623
0.8693308066889369
0.8532982255449383
0.7824551933388479
0.7266763681403315
0.6669723930012313
0.6375393893091393
0.6070265979497598
0.575052010204469
0.6311635354512258
0.4932009849342865
0.616459700028991
0.3957268745559674
0.5716073140510571
0.6135026221794425
0.3540828295132989
0.5286601753656875
0.5694421841063855
0.3450453029613677
0.5510940435538664
0.5969204569732952
0.37553608467892097
0.5531259393819533
0.5921985329147088
0.3660922365617484
0.4044334269470634
0.4163988110736622
0.31906932773503044
0.35977148014963867
0.40120503571168736
0.311986441647151
0.3550495560910523
0.3988440736823942
0.311986441647151
0.3550495560910523
0.3424660668385376
0.35313856884815054
0.33540902863857613
0.34429809467453476
0.35680262452014483
0.3409051121465676
0.3497941781825263
0.36229870802813646
0.34640119565455907
0.3552902616905179
0.3766317410212238
0.5239363809130871
0.5351251026643118
0.43332189766489954
0.5721647380604497
0.5948478604532602
0.5987728531858713
0.6037333385588186
0.6334804023413019
0.6822855364555059
0.7070161210825239
0.6288647316837976
0.6436689172446736
0.6300710605863623
0.6412597823375866
0.6560639678984627
0.6424661112401513
0.651260607630381
0.6636705678302622
0.647678485810956
0.6564729822011858
0.668882942401067
0.6261202369608347
0.626472650995851
0.6388826111957322
0.66523960529928
0.6995586204879676
0.7122888302475362
0.7229317595613787
0.733150079157566
0.7358347547896072
0.7357213462193456
0.7402437458967949
0.7498690025211008
0.7690698889652824
0.7879456838440513
0.8023691819804621
0.8151718039021556
0.8143613526572673
0.8147824058963441
0.8080896193949019
0.7995047280428574
0.7654917719080653
0.7598942447390827
0.7663317993649638
0.7842084126805354
0.8130045637514236
0.8162004199239423
0.8219766686455021
0.8256141381886105
0.8359880326872645
0.8479029964481725
0.859362084730569
0.8697720748433061
0.8215272654236762
0.7697922010335063
0.7137098274463144
0.6550406660600157
0.5865700077070745
0.5523509110667946
0.6047267945073228
0.49383031934143706
0.6252356648612276
0.4152185681954389
0.5664896678372684
0.6224683812666932
0.40878722892891006
0.5587552349280385
0.6134308547147619
0.3997497023769788
0.5220520614324234
0.5704837160293922
0.35981507254225287
0.512795587392025
0.5836406932791262
0.38558393020121984
0.39931578073327473
0.4522765924079431
0.3737737271506416
0.3558846493976065
0.409981000543924
0.3314781352866225
0.3499319098772637
0.40762003851463086
0.3314781352866225
0.3499319098772637
0.38532604129079073
0.4012520763080391
0.3683566476662882
0.3871580691267879
0.4049161319800334
0.37385273117427964
0.3926541526347794
0.410412215488025
0.3793488146822711
0.3981502361427709
0.4159082989960164
0.5216712941646595
0.5584899037418459
0.4814354051247881
0.6051123570881618
0.6441273910586576
0.6820990664218994
0.6718936633626703
0.7115530825696946
0.7501691431694651
0.7399637401102359
0.6698477393865353
0.6565697189284225
0.6278059738379346
0.6489070510137
0.6873973542101889
0.6754137302678633
0.6941205820826342
0.7117840752901508
0.680626104838668
0.6993329566534389
0.7169964498609555
0.685838479409473
0.7045453312242439
0.7222088244317605
0.7414343876040395
0.7601516448342547
0.7788047037345095
0.7928049465913874
0.8036542671479935
0.7716450785415182
0.7680078673716281
0.7705145201013911
0.8061819814054932
0.8211334372041913
0.829359675035796
0.8340337071251225
0.8361575698660004
0.8392245281912664
0.8450804185474557
0.8512302934103423
0.8575316509072102
0.8629791814433911
0.8679059104226363
0.8734134741497015
0.8797821473035016
0.8765250977898005
0.8562573681268482
0.8604394197128844
0.8636545921439999
0.889108312656564
0.896604544381672
0.8931111847481334
0.8878683117959929
0.8385866291038805
0.7871870108678297
0.7329186221416522
0.6779239489105316
0.6406242253749728
0.6048894012123448
0.6573584169304318
0.522971433148815
0.6074418757320573
0.39936648437299016
0.550297834294619
0.626671225947224
0.428147850882601
0.5777761071615287
0.6308497713617314
0.41911032433066975
0.569390127430948
0.6231153384525013
0.4143884002720834
0.546384529327421
0.5831807086177754
0.3697318463787711
0.3831239471906252
0.4344828032787729
0.3579216433281929
0.41809683894546135
0.4756745338397801
0.4406077261060507
0.48093281736455173
0.5046737937138612
0.3541537363214642
0.3689527821107538
0.46984688843982103
0.487556406121683
0.40638712786467207
0.4494678498877575
0.49122046179367734
0.41188321137266354
0.4327528670076884
0.49671654530166887
0.46180142765677634
0.43824895051568
0.4577904960335391
0.5597017743630436
0.5828710857133342
0.48972942348019227
0.6431428372865455
0.6842261054315667
0.723981263459422
0.7099241435610543
0.7516517969426036
0.7920513402069878
0.77799422030862
0.7118234205089597
0.7336646217420848
0.7010491598124582
0.7242184711627488
0.710969589698268
0.6782315046901075
0.6990065906794034
0.7355732775233581
0.718656585037052
0.739431671026348
0.7588786468984783
0.7238689596078568
0.7446440455971529
0.7640910214692831
0.7841584948099773
0.7991402604831453
0.8140420165763355
0.823669402300566
0.8298118823000208
0.8300835235838057
0.8275887310519988
0.8295040819119227
0.8364073484939598
0.8446809253468557
0.8360219459548649
0.8253327030138075
0.8304288082712896
0.8447839296344338
0.8825138554054505
0.8906422820872151
0.8979151039318114
0.9007432842315781
0.9028035092767818
0.9051635460913027
0.9083894272740807
0.9123535959514599
0.9157687448311969
0.9174974019638982
0.9184001968298678
0.9091926713048197
0.8773887324248344
0.8735248309401114
0.868439102496299
0.8448731459650762
0.8013146850164377
0.745078297767521
0.689155720908198
0.6549984295277377
0.6214114700984865
0.6754302262485711
0.5634801563332846
0.6607263908263363
0.4493788705306432
0.5713789756513167
0.6227464014556622
0.4098718502557542
0.5636445427420866
0.6450002043463638
0.4360470294799626
0.5904712687876458
0.6411871477706406
0.43132510542137625
0.5881103067583526
0.6364652237120542
0.4166124295848812
0.404205088547323
0.4525546125969122
0.3748583484774857
0.3947558475260378
0.48989385928515394
0.4121975951657275
0.3900339234674515
0.4431107644797395
0.36777546238960623
0.3900339234674515
0.4111004529845894
0.4260331077513661
0.4025210092036582
0.4129324808205866
0.4296971634233604
0.42354010689232663
0.4536412701047178
0.4704059527074916
0.4403758105838918
0.4239246478365697
0.4406893304393435
0.5558356557020296
0.5685467830342239
0.47100373079197544
0.604064012849392
0.6346890969763166
0.7041101688295788
0.7060580249000403
0.7373274942634933
0.7749501746127921
0.774128101647606
0.6974991178298495
0.7165634561478892
0.6971830411514444
0.7098941684836385
0.7289585068016782
0.7095780918052333
0.7157141963281534
0.7013524009573381
0.6795777605998984
0.6898946625710979
0.7289494833357266
0.720002840946843
0.7303197429180425
0.7469898558750875
0.768385033183704
0.7825385240174177
0.795772590679933
0.803119376163911
0.8051273032637213
0.8080737892653813
0.8094723519025403
0.814896202366832
0.8258539226147579
0.8399146240091904
0.8532240639834416
0.8617246576426211
0.8665224913790947
0.8612631726543336
0.8293852296913761
0.8295182297926967
0.8295658996412588
0.8503081888532792
0.8724711458505767
0.8772721721388196
0.8832765988381065
0.8886114260423927
0.8935977159661043
0.8973782157895351
0.9005913760806219
0.8998680427941211
0.8979602265463861
0.8935004427764067
0.8870133567172609
0.8353567810732964
0.7533447861143333
0.6906576021094978
0.6351936937043641
0.6031664850396141
0.6056223293991004
0.6622482286550985
0.5555512045601164
0.6475443932328636
0.4435869435252545
0.5973448556001701
0.6447771096383292
0.4371556042587257
0.575802160534312
0.6005268773102581
0.3929053719306547
0.5460117371842198
0.6019841349619254
0.4233961536482081
0.5788634809310663
0.6232832261185817
0.41395230553103546
0.43017096849617636
0.4695205636742983
0.3669293967043175
0.3855090216987517
0.43228972891556
0.35984651061643813
0.3807870976401654
0.42992876688626686
0.35984651061643813
0.3807870976401654
0.37655506619510354
0.39161036465984295
0.3595567731783813
0.37655506619510354
0.39161036465984295
0.3595567731783813
0.37655506619510354
0.39161036465984295
0.3595567731783813
0.37655506619510354
0.39161036465984295
0.38156968087580284
0.4117677719712432
0.42682307043598255
0.38123239626608774
0.3791612534805059
0.39835280002309825
0.3704354566194896
0.38896381042866246
0.40554916968585253
0.5095523792559724
0.4387406219151944
0.32470852184135707
0.43262101233958067
0.4586000901207968
0.4826361733500301
0.45435099206225765
0.47511769527266895
0.4939414039310974
0.46565622264332496
0.4890291131391386
0.5104590090829696
0.47840541760150795
0.49540371061823013
0.5422440785594037
0.5612084024141664
0.5693365511577189
0.5528380712361153
0.5509682131868004
0.5589800428068311
0.5648173740289586
0.570494810572925
0.5698486047655711
0.5689003318484486
0.5688957837910114
0.5685036022910588
0.5689583488254419
0.5692580759510728
0.4870751703304516
0.5458967233614904
0.0776166267130124
0.529665280708606
0.558390518947353
0.0746064001256636
0.5334863747948174
0.5561192165011793
0.07935356360390367
0.5297212608289212
0.48546775245676194
0.10605069570811416
0.46658541681879423
0.4367310928862604
0.06736013546535706
0.4430560916937488
0.4051975706189941
0.05866990642793482
0.4161052531381194
0.3992717145555218
0.0538889583186162
0.30548435813910846
0.31915288652503354
0.1384481213592483
0.3175592371552607
0.23742651722496727
0.22465212976512602
0.3175592371552606
0.23742651722496727
0.22465212976512602
0.3175592371552606
0.2535421072537289
0.2598648355412657
0.3527719429314003
0.26369047373846305
0.22465212976512602
0.3175592371552607
0.23742651722496727
0.22465212976512602
0.3175592371552607
0.23742651722496727
0.22465212976512602
0.3175592371552607
0.23742651722496727
0.22465212976512602
0.2902811056104618
0.23742651722496727
0.22465212976512602
0.37655506619510354
0.39161036465984295
0.3595567731783813
0.37655506619510354
0.39161036465984295
0.3595567731783813
0.37655506619510354
0.39161036465984295
0.3595567731783813
0.37655506619510354
0.39161036465984295
0.38156968087580284
0.4117677719712432
0.42682307043598255
0.38123239626608774
0.3791612534805059
0.39835280002309825
0.3704354566194896
0.38896381042866246
0.40554916968585253
0.5095523792559724
0.4387406219151944
0.32470852184135707
0.43262101233958067
0.4586000901207968
0.4826361733500301
0.45435099206225765
0.47511769527266895
0.4939414039310974
0.46565622264332496
0.4890291131391386
0.5104590090829696
0.47840541760150795
0.49540371061823013
0.5422440785594037
0.5612084024141664
0.5693365511577189
0.5528380712361153
0.5509682131868004
0.5589800428068311
0.5648173740289586
0.570494810572925
0.5698486047655711
0.5689003318484486
0.5688957837910114
0.5685036022910588
0.5689583488254419
0.5692580759510728
0.4870751703304516
0.5458967233614904
0.0776166267130124
0.529665280708606
0.558390518947353
0.0746064001256636
0.5334863747948174
0.5561192165011793
0.07935356360390367
0.5297212608289212
0.48546775245676194
0.10605069570811416
0.46658541681879423
0.4367310928862604
0.06736013546535706
0.4430560916937488
0.4051975706189941
0.05866990642793482
0.4161052531381194
0.3992717145555218
0.0538889583186162
0.30548435813910846
0.31915288652503354
0.1384481213592483
0.3175592371552607
0.23742651722496727
0.22465212976512602
0.3175592371552606
0.23742651722496727
0.22465212976512602
0.3175592371552606
0.2535421072537289
0.2598648355412657
0.3527719429314003
0.26369047373846305
0.22465212976512602
0.3175592371552607
0.23742651722496727
0.22465212976512602
0.3175592371552607
0.23742651722496727
0.22465212976512602
0.3175592371552607
0.23742651722496727
0.22465212976512602
0.2902811056104618
0.23742651722496727
0.22465212976512602
0.20601225459325806
0.24199649964280948
0.2373374571942783
0.24305698820539487
0.2284989406919827
0.20762083492613015
0.21334036593724673
0.22138276995819883
0.2131169184341217
0.21883644944523833
0.22687885346619038
0.26533479043350033
0.2733539771598828
0.25719325381882235
0.40366775506387254
0.45744495717690276
0.4930696208920733
0.5056617671145208
0.5322392958721621
0.5611396976396389
0.5737318438620865
0.49241091943851817
0.502752979174736
0.4967867833659248
0.5048059700923072
0.5151480298285251
0.5009961687382741
0.4795940896089619
0.487541923984185
0.479181502814379
0.5106963334875604
0.5279670043311294
0.5196065831613235
0.5252315445267112
0.5331793789019342
0.5414156028780908
0.5469364166288214
0.552679137411298
0.5538660955042007
0.5517903911129933
0.5466405240738107
0.5392653570254581
0.5403187908913312
0.5476457044663396
0.5553023407290164
0.5633647169578263
0.5662939894084404
0.5630991156959586
0.5311779425782673
0.5331714868703678
0.5342345378160566
0.5534672726547853
0.5696518284171611
0.5688934588871468
0.5696274875963048
0.5718783351341663
0.5759332763487917
0.5798968323481797
0.5828072107773775
0.5851182796279952
0.5890521445328862
0.5926243335227258
0.5970245381670988
0.6004932010668577
0.5183644079727703
0.46497273346982687
0.41828946912255643
0.3808677920697615
0.3897886143539442
0.46083014636531516
0.43702000093371424
0.2341068479894052
0.3322115580284697
0.27983207440822766
0.2642683434910412
0.28502214165781387
0.25754370140358757
0.26574333758179275
0.24077190932974293
0.18472837003750664
0.22452389981715706
0.2682501821966526
0.21521915175505996
0.24578696882193732
0.26352825813806624
0.20577530363788735
0.23162119664617842
0.2296247325527683
0.15875239481116943
0.18695924984875364
0.20706150119417574
0.15166950872328996
0.18223732579016733
0.20470053916488257
0.15166950872328996
0.18223732579016733
0.2552134612030648
0.25884086791521815
0.25051057466128784
0.257045489039062
0.2625049235872125
0.25600665816927937
0.2625415725470535
0.268001007095204
0.2615027416772709
0.2680376560550451
0.2749635595581544
0.30451118667666793
0.3133457567697079
0.3390241967319672
0.48726628408316136
0.5140148109709317
0.5210825069097337
0.5188348845815305
0.5462277967058292
0.5725452290005043
0.6157538504206264
0.541612126048325
0.5493712163117412
0.545172606609074
0.554007176702114
0.5617662669655303
0.5575676572628631
0.5640080019949083
0.5693728668973299
0.5627800318336679
0.5692203765657131
0.5745852414681346
0.5679924064044727
0.5435096032514757
0.5445849102627998
0.5505281472861369
0.5758391326050625
0.5995931537890288
0.6030364501698962
0.6033103487604392
0.600240379722139
0.5947630890379365
0.5988299299554106
0.6094265520328223
0.6212265807618064
0.6346229336442456
0.6431927671539479
0.6491025576281705
0.6561180002727004
0.6651312358315778
0.6810775613879113
0.6987584766675867
0.7074248643912493
0.692993020019607
0.7008303236638678
0.7082663174951129
0.7394298233158424
0.7645326446769691
0.772298380511387
0.7791800942711025
0.7785625129804616
0.7770837228759855
0.7731342454828595
0.7676530107951444
0.7174126103483593
0.6652395333837079
0.6113156311989509
0.5569350942133521
0.5095165936662746
0.5482391425609449
0.5146436517259002
0.3604422487948322
0.5189778023764919
0.3233516729368769
0.5036543079241552
0.5323852384852705
0.31692033367034805
0.4959198750149251
0.5233477119333393
0.3078828071184168
0.47877751822456127
0.4804005732479696
0.2679481772836908
0.4381107793477743
0.4756786491893833
0.29065114009007603
0.3364804208201614
0.3621934496265204
0.2819068318920796
0.30254205172075654
0.3198978577625013
0.23961124002806047
0.2870965499641503
0.31753689573320815
0.23961124002806047
0.2870965499641503
0.3622961033072333
0.37962873951419046
0.3435329869701559
0.36412813114323045
0.38329279518618475
0.34902907047814735
0.3696242146512219
0.3887888786941764
0.3545251539861388
0.37512029815921355
0.39428496220216785
0.40674302598551754
0.4358609613385071
0.45981206833093946
0.5802886963920295
0.6210974530751002
0.6604757296280508
0.647070002666538
0.6885231445861373
0.7285458063756164
0.7151400794141036
0.6486947681524934
0.6691095934114918
0.6029823131418023
0.6258771130301427
0.6473414327883629
0.6337016515926875
0.6710906440990767
0.6901607384963021
0.6558024441425357
0.6763030186698814
0.6953731130671068
0.6610148187133407
0.6815153932406864
0.7005854876379118
0.721302248343126
0.7383867235392234
0.7551864991409698
0.7661066478411346
0.7730024927324765
0.7735200830535203
0.770743445087518
0.734639827777925
0.729376944740639
0.7286631421718925
0.7573414694498624
0.7679763981981399
0.7699879937899817
0.7655972019321026
0.7606352166172143
0.7645306967197638
0.7684488784326726
0.7791760343408337
0.7903262019111645
0.8059034017030153
0.8238430333464852
0.8366807037792793
0.8495638189970819
0.8184601679557983
0.8189140275595373
0.8144448996515323
0.8283083959402388
0.8317463415167491
0.8121553932085954
0.7509091695009436
0.6871252673213539
0.6347624699838815
0.5847150972963215
0.5319581777849182
0.5838992484436358
0.5491094347982425
0.4039885145678514
0.5075442469657703
0.3028155323048475
0.49571473518267184
0.49642561000533353
0.31938613629429413
0.5231930080495816
0.5226007892295419
0.322559372262527
0.5148070283190008
0.5148663563203119
0.3178374482039407
0.5124460662897077
0.48591334948466164
0.2731808943106284
0.3285408480786781
0.32623382114658345
0.26137069126005014
0.319091607057393
0.31915093505870396
0.2542878051721707
0.3143696829988067
0.31678997302941087
0.2597317865008473
0.3495823887749463
0.3336169012222185
0.33619889257729363
0.29852861764500876
0.300236223282076
0.3046502424731483
0.30229443744534473
0.30573230679006747
0.31014632598113984
0.3077905209533362
0.3112283902980591
0.3156424094891313
0.4145646560423126
0.4203021811023012
0.34595680984176336
0.5071596010979195
0.5572055452139457
0.5818331769150143
0.6003353696337355
0.6246312367249828
0.6499032536625798
0.668405446381301
0.584802860291339
0.5915165351976771
0.5914603858851393
0.597197910945128
0.6039115858514662
0.5747171757520939
0.5719860304617826
0.576305480007126
0.5854091986557256
0.612411110808727
0.6167305603540705
0.614280185680538
0.6176234853795319
0.6219429349248753
0.6269193688727591
0.6322833265451879
0.637663612277831
0.6401947224549814
0.6398264876528648
0.6392384984903228
0.6363852192869918
0.6387291382660574
0.6464920842421014
0.6543747155963533
0.6635330350427241
0.6686007123881993
0.6486720843865316
0.6395995939795214
0.6446143325600373
0.6529432948290719
0.6855084497290307
0.6881930350680082
0.6892849094521604
0.6998707577576032
0.7155720446678401
0.73016565216481
0.7445067121937545
0.7467853117419602
0.746333766807384
0.7432042357594257
0.7396520324901731
0.7304533432852439
0.6973895047276001
0.6314739279370168
0.5747240390408651
0.5325978041134729
0.5194838406994476
0.49012567902217413
0.5524094454911399
0.5192802861424897
0.2734091792234837
0.504576450720255
0.27726781863769057
0.4551601805166665
0.46102735027986813
0.20007542920161003
0.41221304183129664
0.42201059040423755
0.19173189259893322
0.42085434684698986
0.4494888632711471
0.2215286843672321
0.3821225427579649
0.3902106761229631
0.21208483625005953
0.3235346378060847
0.3027291637957713
0.1650619274233416
0.27887269100865997
0.28932178640295125
0.15797904133546214
0.2741507669500737
0.28696082437365816
0.15797904133546214
0.2741507669500737
0.3059690464658376
0.31587710180549805
0.2957417658558008
0.3078010743018348
0.3195411574774924
0.30123784936379233
0.3132971578098263
0.325037240985484
0.30673393287178385
0.31879324131781783
0.3411564952122727
0.3941645106473021
0.40852347480860196
0.3960604306222471
0.5324974752776743
0.552934117267973
0.5615113861432187
0.5640660757760434
0.5969833819686019
0.6503057634389651
0.6673488582997485
0.6817078224610483
0.6064074502020212
0.590403797803587
0.6047627619648867
0.6188025008558102
0.602798848457376
0.614763587257681
0.6264091007876098
0.6080112230281808
0.6199759618284857
0.6316214753584145
0.5851547067518034
0.5899756306231511
0.6016211441530798
0.62787784522658
0.6609409043908657
0.6735122385604518
0.6779220042883791
0.6782061008493901
0.6740711055946699
0.6670128743345836
0.6694572169971118
0.6783079692631687
0.689889506256442
0.7013719847152723
0.7025993418918628
0.6994476076736277
0.6945028951840896
0.6895721837521425
0.6900056205725369
0.6916224187550758
0.669385467583261
0.6642563684751234
0.6741422244380266
0.6890624653006765
0.7298598480377299
0.737949715657196
0.7387025802965153
0.7371992870465887
0.7354660750600909
0.7313846382638889
0.7331964080830679
0.7328228185580999
0.6852061287017409
0.6355836242241651
0.5814105298923109
0.5265881919950693
0.46483754980968445
0.5186019559059719
0.4925397413360681
0.35956058532803914
0.5109959577139733
0.3288130146173145
0.5073766163438024
0.5102813280954385
0.32238167535078566
0.49964218343457234
0.5012438015435072
0.3133441487988544
0.46987674232690685
0.4582966628581375
0.2734095189641284
0.4536825358985589
0.4641258430323859
0.2991783766230955
0.3402027292398086
0.3400895392366884
0.2873681735725172
0.30009467731689193
0.2977939473726693
0.24507258170849808
0.2908188583837976
0.29543298534337614
0.24507258170849808
0.2908188583837976
0.24533981515770167
0.26035491234292946
0.23432013280473488
0.24533981515770167
0.26035491234292946
0.23432013280473488
0.24533981515770167
0.26035491234292946
0.23432013280473488
0.24533981515770167
0.26035491234292946
0.23432013280473488
0.25773391060233225
0.29556761811906906
0.2708359322235757
0.2779379130957302
0.2670973477061849
0.24519881624584328
0.2577485593912607
0.274293717368939
0.2942111313993163
0.30676087454473366
0.19345306952444363
0.21727976448292452
0.2372802316003852
0.3513807210331166
0.3291143516886112
0.34390244423526706
0.36268595161418404
0.3404195822696785
0.3578138621017368
0.3792035567660561
0.3531687772278615
0.3641884595808283
0.3792035567660561
0.41982956601141314
0.4438458093358506
0.45484005829655766
0.4474448116806542
0.43281172772310095
0.4377423992618829
0.4420816764023424
0.43939995266948556
0.43615324369360564
0.43171298550266163
0.4288205889643655
0.4305859895834839
0.43305589630217384
0.36604815475342256
0.43840645358975755
0.0776166267130124
0.42219835970538944
0.37074232193959095
0.0746064001256636
0.41431187957078297
0.38733997093963
0.07301275075589073
0.43402872297674516
0.4202169478361562
0.10605069570811418
0.4507346084305992
0.38184819197928743
0.06736013546535706
0.39646215309662236
0.35891556360540744
0.05866990642793482
0.3733054409256248
0.3314262154449542
0.0538889583186162
0.14163542009879407
0.1400417707290212
0.1384481213592483
0.1384481213592483
0.1384481213592483
0.1384481213592483
0.1384481213592483
0.1384481213592483
0.1384481213592483
0.1384481213592483
0.1384481213592483
0.14494877099265172
0.17366082713538797
0.17366082713538797
0.17366082713538797
0.1391217242383591
0.1384481213592483
0.1384481213592483
0.1384481213592483
0.1384481213592483
0.1384481213592483
0.1384481213592483
0.1384481213592483
0.1384481213592483
0.1384481213592483
0.1384481213592483
0.1384481213592483
0.24533981515770167
0.26035491234292946
0.23432013280473488
0.24533981515770167
0.26035491234292946
0.23432013280473488
0.24533981515770167
0.26035491234292946
0.23432013280473488
0.24533981515770167
0.26035491234292946
0.23432013280473488
0.25773391060233225
0.29556761811906906
0.2708359322235757
0.2779379130957302
0.2670973477061849
0.24519881624584328
0.2577485593912607
0.274293717368939
0.2942111313993163
0.30676087454473366
0.19345306952444363
0.21727976448292452
0.2372802316003852
0.3513807210331166
0.3291143516886112
0.34390244423526706
0.36268595161418404
0.3404195822696785
0.3578138621017368
0.3792035567660561
0.3531687772278615
0.3641884595808283
0.3792035567660561
0.41982956601141314
0.4438458093358506
0.45484005829655766
0.4474448116806542
0.43281172772310095
0.4377423992618829
0.4420816764023424
0.43939995266948556
0.43615324369360564
0.43171298550266163
0.4288205889643655
0.4305859895834839
0.43305589630217384
0.36604815475342256
0.43840645358975755
0.0776166267130124
0.42219835970538944
0.37074232193959095
0.0746064001256636
0.41431187957078297
0.38733997093963
0.07301275075589073
0.43402872297674516
0.4202169478361562
0.10605069570811418
0.4507346084305992
0.38184819197928743
0.06736013546535706
0.39646215309662236
0.35891556360540744
0.05866990642793482
0.3733054409256248
0.3314262154449542
0.0538889583186162
0.14163542009879407
0.1400417707290212
0.1384481213592483
0.1384481213592483
0.1384481213592483
0.1384481213592483
0.1384481213592483
0.1384481213592483
0.1384481213592483
0.1384481213592483
0.1384481213592483
0.14494877099265172
0.17366082713538797
0.17366082713538797
0.17366082713538797
0.1391217242383591
0.1384481213592483
0.1384481213592483
0.1384481213592483
0.1384481213592483
0.1384481213592483
0.1384481213592483
0.1384481213592483
0.1384481213592483
0.1384481213592483
0.1384481213592483
0.1384481213592483
0.3431843466454732
0.3545013178651702
0.350352643002529
0.38022908025761004
0.39337807931330415
0.357915419329399
0.35051245798946185
0.3636614570451561
0.34118544415300717
0.35600854149745337
0.36915754055314753
0.4479595792419835
0.46508233230169554
0.3994719409057796
0.5317362807827581
0.5858260683933538
0.6353483079790306
0.6337302928334064
0.669411387924377
0.703418384726596
0.7018003695809719
0.718923122640684
0.6450316662616933
0.6248553090848104
0.6419780621445222
0.6574267169154824
0.6372503597385994
0.6233712521501061
0.6298206110711422
0.6072500285332645
0.6335773416719741
0.6702456914180867
0.647675108880209
0.6624036365789263
0.6754580659888916
0.6886820935694128
0.7028159819822434
0.7161737465886376
0.7247551616550006
0.7292280802011186
0.7288598175905839
0.7255583063003244
0.726879601458964
0.7332765674791428
0.7414604061114705
0.7492199909366858
0.7531304149944467
0.7539466999780652
0.741128837286697
0.7277153712440794
0.7346109848918203
0.7424078289779938
0.7785657606636937
0.7880363762889326
0.7934330338362869
0.8000512578530959
0.8051101449466899
0.8088923416416122
0.8097594977051664
0.8094136638576389
0.8086881239671991
0.8081117816054313
0.808346754873902
0.8076369479969032
0.7560267754287394
0.6726766795386941
0.617562830884519
0.5616784709070403
0.5378098754850007
0.6164310356411776
0.5810972205308578
0.48206720919076723
0.5663933851086229
0.377189410016428
0.5342668851217681
0.5636261015140883
0.3707580707498991
0.5047524277051781
0.5193758691860175
0.3265078384218282
0.48293376670581784
0.5291735462404256
0.3569986201393815
0.5157855104526643
0.5421322179943407
0.34755477202220886
0.3670929980177744
0.3851271941992612
0.30053186319549097
0.32243105122034965
0.35113872079131914
0.29344897710761153
0.3177091271617633
0.348777758762026
0.29344897710761153
0.3177091271617633
0.33478194004636463
0.35238152924875166
0.31656562490560186
0.3366139678823618
0.356045584920746
0.32206170841359333
0.3421100513903533
0.3615416684287376
0.32755779192158485
0.3476061348983449
0.367037751936729
0.4595863897121737
0.4918926314787267
0.43256485806550066
0.5533213343274753
0.5935832898142316
0.633228519362612
0.6037866005236882
0.6257962755491289
0.6660858903340379
0.6529600115734099
0.704109676485109
0.6429118776452747
0.611227656853388
0.6335756555454137
0.6553069282990639
0.623622707507177
0.6435764808382081
0.6629135282308634
0.6288350820779818
0.6487888554090128
0.6681259028016682
0.6340474566487866
0.6540012299798178
0.6563195600423248
0.6560930557371827
0.6707901691319476
0.6905100451210712
0.728534684816056
0.7341013679641296
0.7332139570168859
0.7283962670882339
0.7328766158133312
0.7418877927085136
0.7537349348560334
0.7655692579623886
0.7708392574823916
0.7727873763176788
0.771977264992682
0.7723630487824817
0.773960145438465
0.7756352930236382
0.7784425034485873
0.775374921813551
0.7458084352109584
0.7488751831238599
0.7500517501643378
0.7697426747956841
0.7874106326811504
0.7883628795948036
0.7888521292944506
0.7889074076438947
0.7926613216892979
0.7974412474756675
0.7516184195851457
0.7036601529535564
0.6465699436909452
0.5881448800785936
0.6415326533356059
0.5871798337674701
0.5398631473627662
0.4225494556093867
0.5251593119405313
0.3465316103358623
0.5309072336875903
0.5576047341221365
0.3521221924330764
0.5231728007783603
0.5485672075702053
0.3430846658811451
0.5147868210477797
0.5256370153142621
0.30315003604641916
0.4772131532423469
0.5008981448262493
0.2951165705080411
0.3637333465835966
0.3874129452633865
0.3171086906548079
0.34403977972380995
0.34511735339936733
0.2748130987907888
0.3143494757275854
0.3427563913700742
0.2748130987907888
0.3143494757275854
0.3698139391914331
0.38639802337122686
0.35177736227430423
0.3716459670274303
0.39006207904322115
0.3572734457822957
0.3771420505354218
0.39555816255121273
0.3627695292902872
0.38263813404341346
0.4010542460592042
0.46954366437926354
0.4917119248476556
0.4648819273995242
0.5885330716961777
0.6286152889593001
0.6672450134850871
0.6553143779706864
0.6960409804703371
0.7353150902326528
0.723384454718252
0.7455527151866439
0.67692837176775
0.6385009969425581
0.6333949489143424
0.6541107166453993
0.6236217390997397
0.6691083164683538
0.6969300223533386
0.6640468194466841
0.6838208545540813
0.7021423969241433
0.669259194017489
0.6890332291248863
0.7073547714949483
0.728374818159031
0.7419414173301646
0.7546992517051202
0.7619527606917355
0.7652758797519709
0.7641473128201663
0.7601439921417524
0.7612829990076985
0.7667905589518214
0.7416197481883878
0.7521973219836142
0.7599906595829802
0.794249246905211
0.8055183109786741
0.8136535796968619
0.8202909337125841
0.8263234179407766
0.8245772662785603
0.8203474502289299
0.8178263410228168
0.8162757661010406
0.813980008040956
0.8091338422012389
0.8121236601558116
0.7967058418787263
0.7800099483432142
0.7829710316134739
0.7847982977659369
0.8156500911347251
0.7677279755423019
0.7184872529590725
0.66226277175581
0.6059620617854475
0.6635329819969578
0.6327257505207281
0.6009036655542035
0.48739571608115656
0.5861998301319689
0.35463164627952154
0.5104417614443907
0.5482198407612946
0.34087387186414886
0.5252996916433534
0.574395019985503
0.3670490510883572
0.5295340545807196
0.566660587076273
0.3623271270297709
0.5271730925514264
0.5619386630176867
0.32544271436502564
0.34326787434039685
0.37802805190254457
0.30586037008588035
0.3338186333191118
0.3709451658146651
0.2987774839980009
0.3290967092605255
0.36858420378537193
0.2987774839980009
0.3290967092605255
0.3845255926671105
0.4014177123202924
0.3715050804253468
0.42157032627924734
0.44029447376842634
0.4059440559169809
0.3927581394799885
0.4105778515002782
0.37622743364883277
0.39734978751909067
0.4160739350082696
0.5185499131312212
0.5419719227167449
0.4463883353609017
0.5667782702785837
0.624419015541682
0.6822647024341527
0.6687722823292319
0.7107526339460144
0.7503347791817184
0.7368423590767975
0.7602643686623213
0.6919480607168155
0.659897298580636
0.6833193081661596
0.7043431113706045
0.6722923492344249
0.6698297274744865
0.6767370055262644
0.64229201802909
0.6700274800170309
0.7171620858732087
0.6827170983760346
0.7037448826005637
0.7223744604440138
0.7421658143720927
0.7605141206144811
0.7790725755762777
0.7929786141664613
0.8036645785355073
0.8046940512279283
0.802982683129444
0.8056754100878075
0.8130131531108316
0.8217198861692699
0.8303869580499724
0.8355153882251615
0.8380829524270089
0.8363923138968578
0.8162679000785901
0.8241627848613751
0.8319796719751875
0.8543398101037086
0.8689137721225298
0.8705728407276339
0.8731251198639767
0.8740148384659774
0.8740837438078158
0.872467500947382
0.8700356800236325
0.8703301924300976
0.8706921074907813
0.8680670130820547
0.8644678267308135
0.8132030044348325
0.7325833528188267
0.668967864960701
0.6126665957750926
0.6671879484322298
0.6671545434513055
0.6297412600413963
0.5107736675332857
0.6150374246191616
0.40184646158150483
0.5708829350604103
0.6122701410246271
0.395415122314976
0.5523818493950555
0.568019908696556
0.35116488998690515
0.51954981664446
0.5666714836252617
0.3816556717044584
0.5524015603913065
0.5907762575048795
0.37221182358728583
0.40370904795641654
0.4382223005045725
0.3251889147605679
0.35904710115899185
0.44420489307797917
0.3625281614488097
0.35432517710040556
0.39742179827256474
0.3625281614488097
0.39874730987652685
0.41471838287883
0.4354259670019357
0.39453506173939706
0.4165504107148272
0.43909002267393016
0.4000311452473886
0.4220464942228187
0.44458610618192174
0.4055272287553801
0.42754257773081034
0.45008218968991315
0.5686528642932785
0.6073774187046043
0.5156092958186849
0.6312907711612706
0.673519732646697
0.7162729571157961
0.6965696711533708
0.7057327183815942
0.749130328087222
0.7309294484072051
0.7701004887631276
0.7259563153984588
0.6891970936871833
0.7135120983778791
0.7383513660522479
0.7015921443409723
0.7235129236706734
0.7459579659840475
0.706804518911777
0.7287252982414781
0.7511703405548522
0.7120168934825819
0.7339376728122832
0.7563827151256571
0.7495699025135446
0.763380264486588
0.779573328791442
0.8102808885505084
0.8298199514640046
0.8321065546942094
0.8317009003057618
0.8357329463475398
0.844702820278397
0.8520164015315794
0.859416214455069
0.8634241132414463
0.864906096284547
0.8673116074923299
0.8719208734487086
0.8757537160633785
0.8791228306085074
0.8823332702510074
0.8861383003945934
0.8676531990013072
0.861474442862575
0.8699387328434806
0.8816913217331176
0.91561764568411
0.9160003021014348
0.9032768217321719
0.8903503148876403
0.8800057633950606
0.8707364133430873
0.8220650956208411
0.7711997144664123
0.7137326433168869
0.655118125483411
0.7080597559287101
0.6672633974013974
0.6088084206947066
0.4918388007237254
0.5941045852724718
0.3929814020029577
0.5849727495909529
0.6265500074540771
0.4116929612815553
0.577238316681723
0.6175124809021457
0.4026554347296241
0.5688523369511422
0.6069850389182794
0.3627208048948981
0.5312786691457094
0.5698434181581898
0.3532769567777255
0.40591998145300584
0.45635821859532705
0.3766794595032869
0.40438060292380346
0.4584847595074292
0.3788060004153891
0.36841499163094815
0.41170166470201475
0.3343838676392678
0.36841499163094815
0.3541577123644067
0.3546165584878277
0.31000073537460254
0.3097355795882854
0.3101944257117064
0.31000073537460254
0.3097355795882854
0.3101944257117064
0.31000073537460254
0.3097355795882854
0.3101944257117064
0.31000073537460254
0.3097355795882854
0.33111079120750964
0.34651653479344335
0.3475544726498274
0.3384059182250748
0.32087941881571086
0.3221443238218443
0.32413323073771594
0.4599963414521937
0.46126124645832706
0.24329258289322053
0.38306497453580185
0.39178060351397864
0.4012202344018935
0.40479495425847883
0.4082982086658508
0.41252546498296094
0.4161001848395462
0.4222096265323205
0.429043070134833
0.4288493797977292
0.428584224011412
0.429043070134833
0.4298555951865091
0.4555546110477951
0.45602242345296584
0.45922730604392403
0.4418377879941744
0.43664136175238777
0.44298577531592304
0.4435481033026259
0.4439028161175084
0.4463663952167364
0.44830682643707026
0.45005682255508433
0.45359632404223743
0.38325105542694665
0.45640813983961565
0.0776166267130124
0.4659385876623271
0.4312378106742602
0.0746064001256636
0.46729708499414346
0.42361794458002916
0.07301275075589073
0.4415353735000771
0.4175415396596613
0.10605069570811418
0.4796318270075427
0.44905080928276847
0.06928190671029463
0.431582107073471
0.3950322595185348
0.05866990642793482
0.4067153329660077
0.36568525082037284
0.14322906946856695
0.2222486172905363
0.2249337913561246
0.1631007208973648
0.267762274762473
0.1954459175989018
0.19504665316239087
0.16878387889675406
0.14088965450930413
0.19504665316239087
0.16878387889675406
0.14088965450930413
0.19504665316239087
0.1838061256055904
0.1761023602854438
0.2302593589385305
0.19614732677572314
0.14088965450930413
0.19504665316239087
0.16878387889675406
0.18531178728542544
0.23946878593851215
0.16878387889675406
0.14088965450930413
0.19504665316239087
0.21320601167287534
0.18531178728542544
0.19504665316239087
0.3541577123644067
0.3546165584878277
0.31000073537460254
0.3097355795882854
0.3101944257117064
0.31000073537460254
0.3097355795882854
0.3101944257117064
0.31000073537460254
0.3097355795882854
0.3101944257117064
0.31000073537460254
0.3097355795882854
0.33111079120750964
0.34651653479344335
0.3475544726498274
0.3384059182250748
0.32087941881571086
0.3221443238218443
0.32413323073771594
0.4599963414521937
0.46126124645832706
0.24329258289322053
0.38306497453580185
0.39178060351397864
0.4012202344018935
0.40479495425847883
0.4082982086658508
0.41252546498296094
0.4161001848395462
0.4222096265323205
0.429043070134833
0.4288493797977292
0.428584224011412
0.429043070134833
0.4298555951865091
0.4555546110477951
0.45602242345296584
0.45922730604392403
0.4418377879941744
0.43664136175238777
0.44298577531592304
0.4435481033026259
0.4439028161175084
0.4463663952167364
0.44830682643707026
0.45005682255508433
0.45359632404223743
0.38325105542694665
0.45640813983961565
0.0776166267130124
0.4659385876623271
0.4312378106742602
0.0746064001256636
0.46729708499414346
0.42361794458002916
0.07301275075589073
0.4415353735000771
0.4175415396596613
0.10605069570811418
0.4796318270075427
0.44905080928276847
0.06928190671029463
0.431582107073471
0.3950322595185348
0.05866990642793482
0.4067153329660077
0.36568525082037284
0.14322906946856695
0.2222486172905363
0.2249337913561246
0.1631007208973648
0.267762274762473
0.1954459175989018
0.19504665316239087
0.16878387889675406
0.14088965450930413
0.19504665316239087
0.16878387889675406
0.14088965450930413
0.19504665316239087
0.1838061256055904
0.1761023602854438
0.2302593589385305
0.19614732677572314
0.14088965450930413
0.19504665316239087
0.16878387889675406
0.18531178728542544
0.23946878593851215
0.16878387889675406
0.14088965450930413
0.19504665316239087
0.21320601167287534
0.18531178728542544
0.19504665316239087
0.486894211873039
0.4916610364193929
0.5129587242197975
0.5173979891226224
0.5305377978675269
0.4991112504143309
0.4533767086566112
0.5008211755993788
0.46939462814618277
0.4451621436354215
0.5063172591073704
0.56729497485245
0.5453621460569545
0.5366316594600022
0.6155233319998122
0.6697806863202841
0.728085893757132
0.7175173440504606
0.7585649900623452
0.7961559705046977
0.7855874207980265
0.8080767247786521
0.7377692520397947
0.7086423603018646
0.7311316642824905
0.7501643026935838
0.7210374109556535
0.7235109970742255
0.7225581968492436
0.6910370797503187
0.7122833642335817
0.7629832771961882
0.7314621600972632
0.7515572387168945
0.768195651766993
0.7863411077765718
0.7938573370658916
0.8006786829547521
0.795779764093274
0.783877058634902
0.7714049455488363
0.7531211589189428
0.7445489766318343
0.7400489596555142
0.7376639940063789
0.7360182635766745
0.7421825478813241
0.7466528068903968
0.7550663578437671
0.7338840319026169
0.7364345219463421
0.7396646750110362
0.7506969769445675
0.7761521872137456
0.781527749204639
0.7913329511533839
0.797380918312855
0.8029998215843499
0.8122531234946253
0.8246331130112987
0.8316353758441405
0.839312732401826
0.8385335712520979
0.83519444299692
0.7860878797118722
0.7215788647450069
0.6464692378469464
0.5927592127966385
0.6497144563182808
0.6361331626709193
0.6018179314217564
0.4754120375562341
0.5871140959995217
0.37962694889682774
0.5602981622916118
0.5843468124049872
0.37319560963029896
0.5525637293823816
0.5428814447837934
0.328945377302228
0.5089650438756615
0.5323621471676863
0.3519771717842304
0.541816787622508
0.5628529288852396
0.34999231090260874
0.39312427518761806
0.41415502354623707
0.3047522488758746
0.34846232839019325
0.37185943168221797
0.29588651598801136
0.34374040433160696
0.3694984696529248
0.29588651598801136
0.34374040433160696
0.35887615119363414
0.3610010647669413
0.33847934953002107
0.3607081790296313
0.3646651204389356
0.3439754330380126
0.36620426253762284
0.3701612039469272
0.34947151654600406
0.37170034604561447
0.37565728745491866
0.5069595953023133
0.5515351870194083
0.4411843935836903
0.5752350589518948
0.6176775009615011
0.6418480548808017
0.6420163652264033
0.6677974112346806
0.6747054258522275
0.6748737361978291
0.6994022214127052
0.6479402690416636
0.6331413814778072
0.6576698666926832
0.6639264638172534
0.6455364321315963
0.6676706919854776
0.671533063749053
0.650748806702401
0.6728830665562823
0.6767454383198577
0.6559611812732059
0.6780954411270873
0.6819578128906627
0.6812374048785698
0.6467585052206077
0.6441886189911407
0.6473921586568809
0.6782277485900086
0.6855716163996232
0.683514386210725
0.6861862081096245
0.694174945986231
0.7032947191510082
0.7121807749944432
0.7170346857791831
0.7187551006439148
0.7186907830303776
0.7204718902255756
0.7313161481516021
0.7427084758208166
0.7578235027454014
0.7715205126399102
0.7746598885310663
0.7448611492608679
0.7438066071104299
0.7419789286268844
0.7572961565510529
0.7692953161674275
0.7651490719087471
0.762128419983231
0.7593490786364965
0.7560765226861154
0.7073414935324658
0.655789137372822
0.6033000762988635
0.5500602738833286
0.6135587910372104
0.58625423712802
0.5265274438526738
0.3685947279001612
0.5025571057415235
0.2962914462660662
0.5225945461466504
0.5350025279231286
0.325072812775677
0.5224774057447791
0.5259650013711973
0.3160352862237457
0.5140914260141985
0.5182305684619674
0.2897765158582015
0.47651775820876574
0.4782959386272414
0.26665680827184707
0.33371341297417706
0.36481073906437855
0.2900593109974085
0.35358871052873025
0.32687165745946684
0.2477637191333894
0.3136540806940043
0.3201541851710663
0.2477637191333894
0.3136540806940043
0.2919669265152766
0.29563016743896436
0.2881925995723887
0.2937989543512738
0.29929422311095866
0.2936886830803802
0.29929503785926526
0.3047903066189503
0.2991847665883717
0.30479112136725683
0.31028639012694176
0.4059589016773481
0.413864912171499
0.37106133496227695
0.5249483089942621
0.5507682762831435
0.5764771575528247
0.5917296152687708
0.6181939677941806
0.6445472343003903
0.6597996920163364
0.6677057025104874
0.5861605158354876
0.5823808798811326
0.5555479362381861
0.5633428607131369
0.5600369763978241
0.584256529129061
0.6061621664210761
0.6004620567447686
0.6059738418779248
0.6113745409918808
0.6056744313155734
0.6111862164487297
0.6165869155626859
0.6223177693495523
0.6295097567201915
0.6370729936453651
0.6389884577267597
0.6373224426394049
0.6305479956615342
0.6209156882170938
0.6203886991362901
0.6266075102566097
0.6283123867463066
0.6061258853448219
0.6088090707203183
0.6080907278564662
0.63974876766714
0.6421916314013574
0.6423564323835185
0.6426512183131461
0.6436439407528285
0.6444555907658804
0.6467531279530034
0.6504983679107051
0.6564090812262031
0.6621414365663698
0.6676642353229898
0.6729910360627456
0.655898396623584
0.6440124559487532
0.6453722704024928
0.6513465515057427
0.6321580298720988
0.5821819904074341
0.5332437415023078
0.48446496466527367
0.5489679559154176
0.5286018405201972
0.5089818991264021
0.2728917738025539
0.45872971931075535
0.23380566674685682
0.3933974035259324
0.42074972994008114
0.19955802378068033
0.3875190542727187
0.44692490916428956
0.22573320300488875
0.4124896966622613
0.43919047625505947
0.2210112789463024
0.41012873463296823
0.4344685521964732
0.20246257425752112
0.26177186081535064
0.28610628547474315
0.16454452200241187
0.25232261979406556
0.2790233993868637
0.1574616359145324
0.24760069573547924
0.27666243735757057
0.1574616359145324
0.24760069573547924
0.3032537629698817
0.30437424795675844
0.30223960830775415
0.3050857908058789
0.3080383036287528
0.3399850877161258
0.34579458009001
0.3487470929128839
0.32336893628332586
0.316077957821862
0.3190304706447358
0.3654496473231158
0.37059548553650645
0.3493448709973678
0.503782611953488
0.5274777439191826
0.5852212380706189
0.6057766240041362
0.6294808042487857
0.6532913148181843
0.6738467007517018
0.6789925389650925
0.5949045963532815
0.5969016402555403
0.6020474784689308
0.6072996470070706
0.6092966909093293
0.6120483037617251
0.5817172085862139
0.5792963597039943
0.5820479725563902
0.6022123364152075
0.6197214400509389
0.6224730529033349
0.6253309960804798
0.6281743321800378
0.630693602548125
0.6335389614234569
0.6320820774568648
0.6270987620525588
0.6192373017720045
0.6091237192014562
0.6070509566385488
0.6120201911167403
0.6176401759084568
0.6231265882482435
0.6245855440682516
0.6224826474123489
0.6228418237902168
0.6119758219477229
0.5870101576949255
0.584958476830005
0.5781680868474558
0.5972938189506719
0.6036184205184275
0.6022140557346811
0.5879171566156263
0.571290166575366
0.5524847937268396
0.5319977272311951
0.5347623534622569
0.5379560089034005
0.541463538397856
0.544160293249147
0.5004134010310108
0.45401047298344316
0.38435038513585357
0.332995522901211
0.4070166698109669
0.4018042810907717
0.4192972672785745
0.2341068479894052
0.27312705940607784
0.23540994163210638
0.2337005264241638
0.27035977581154336
0.22897860236557754
0.2259660935149338
0.24941241677094886
0.18472837003750664
0.18236740800821344
0.21837511057424241
0.18624308119547728
0.21521915175505996
0.24886589229179576
0.20577530363788735
0.20105337957930103
0.23469472721192433
0.1695710427072088
0.15639143278187626
0.19239913534790523
0.15166950872328996
0.15166950872328996
0.19003817331861209
0.15166950872328996
0.15166950872328996
0.17083469207784763
0.1768381129268426
0.1621471061004891
0.1726667199138448
0.18050216859883694
0.1676431896084806
0.1781628034218363
0.1859982521068285
0.17313927311647215
0.18365888692982787
0.19149433561482
0.24161969541914785
0.2835232507340884
0.25702144174359165
0.3989028155223626
0.4296360418457146
0.457685103040703
0.4656841217968713
0.4970617333567517
0.5045960560370069
0.4985414927682973
0.5113607622969188
0.4337442351336342
0.4568091380482752
0.4696284075768968
0.47976351197715483
0.4692041887020643
0.47962923286969106
0.48737011190895435
0.4744165632728691
0.4848416074404959
0.49258248647975916
0.4796289378436739
0.49005398201130074
0.4977948610505639
0.5215058392816817
0.533677854271383
0.5196023146052892
0.522931603737337
0.5296650352411918
0.5505799086617292
0.5619821675994778
0.5631409954223242
0.5685409849346819
0.5786530866503347
0.588481803061233
0.5952238721395479
0.5996300494082573
0.6050413931674633
0.6124120961700988
0.6197430593293545
0.6270035417958438
0.6312512168962264
0.6350782279775591
0.6397638461936429
0.6370097670942954
0.6186522366016024
0.6266134230632927
0.6331486468615062
0.6641461428701335
0.6748447387819957
0.6751628209185241
0.671241706108309
0.6650692116669108
0.6146880228554505
0.5626158523025192
0.5076070378398314
0.4522960612564295
0.5094547258983915
0.47685822737351036
0.43518599804623626
0.19889414221326554
0.35441091035923084
0.2991756317216857
0.2652010103954797
0.38685633254083596
0.32795699823129654
0.28756906356481915
0.3778188059889047
0.31891947167936524
0.27918308383423845
0.315528109990077
0.25913430590062636
0.24160941602880567
0.275593480155351
0.21498473063786896
0.22744364385304675
0.21700018229935833
0.15958682107314984
0.25320710860790124
0.24513000198761856
0.18688221449942966
0.21961248665327396
0.20755633418218572
0.15166950872328996
0.21327247877317532
0.15494692508483898
0.15556464920446425
0.15425748564826544
0.15494692508483898
0.15556464920446425
0.15425748564826544
0.15494692508483898
0.15556464920446425
0.15425748564826544
0.15494692508483898
0.15556464920446425
0.15425748564826544
0.15494692508483898
0.15556464920446425
0.15556057929096664
0.16816076387225015
0.19751979034385928
0.2003488748655135
0.19913430267328683
0.16950345423047375
0.16972635146672557
0.17194585169574966
0.0886628063859784
0.09279498455033378
0.10246520875140117
0.2465904578946514
0.24905170453214173
0.2535095541624044
0.2578956884757188
0.26035693511320906
0.26742097202887405
0.27441329362759087
0.27310613007139206
0.2737955695079656
0.27441329362759087
0.27494927516669787
0.27497057650140294
0.28883066743401403
0.32655152492312134
0.35345150514281926
0.35832354461615085
0.34860841928116776
0.323387137147099
0.31925071950010586
0.32054266265661435
0.3214433522351713
0.32423014084957935
0.3270362745028953
0.2563607377354663
0.3533577858875053
0.0776166267130124
0.3658672145573189
0.3202664441884601
0.0746064001256636
0.3592782298690067
0.3242632295685789
0.07301275075589073
0.3622826993046573
0.32540343488149787
0.07083798993197452
0.36344361312473933
0.35053884316121153
0.10257284124149672
0.37692630836041724
0.3082474786498099
0.05866990642793482
0.30773261953352754
0.3558180863961935
0.14322906946856695
0.14163542009879407
0.1400417707290212
0.1384481213592483
0.1384481213592483
0.1384481213592483
0.1384481213592483
0.1384481213592483
0.1384481213592483
0.1384481213592483
0.1384481213592483
0.1384481213592483
0.1384481213592483
0.1384481213592483
0.1384481213592483
0.14316326074923186
0.17366082713538797
0.17366082713538797
0.17366082713538797
0.14090723289425477
0.1384481213592483
0.1384481213592483
0.1384481213592483
0.1384481213592483
0.1384481213592483
0.1384481213592483
0.1384481213592483
0.1384481213592483
0.15494692508483898
0.15556464920446425
0.15425748564826544
0.15494692508483898
0.15556464920446425
0.15425748564826544
0.15494692508483898
0.15556464920446425
0.15425748564826544
0.15494692508483898
0.15556464920446425
0.15425748564826544
0.15494692508483898
0.15556464920446425
0.15556057929096664
0.16816076387225015
0.19751979034385928
0.2003488748655135
0.19913430267328683
0.16950345423047375
0.16972635146672557
0.17194585169574966
0.0886628063859784
0.09279498455033378
0.10246520875140117
0.2465904578946514
0.24905170453214173
0.2535095541624044
0.2578956884757188
0.26035693511320906
0.26742097202887405
0.27441329362759087
0.27310613007139206
0.2737955695079656
0.27441329362759087
0.27494927516669787
0.27497057650140294
0.28883066743401403
0.32655152492312134
0.35345150514281926
0.35832354461615085
0.34860841928116776
0.323387137147099
0.31925071950010586
0.32054266265661435
0.3214433522351713
0.32423014084957935
0.3270362745028953
0.2563607377354663
0.3533577858875053
0.0776166267130124
0.3658672145573189
0.3202664441884601
0.0746064001256636
0.3592782298690067
0.3242632295685789
0.07301275075589073
0.3622826993046573
0.32540343488149787
0.07083798993197452
0.36344361312473933
0.35053884316121153
0.10257284124149672
0.37692630836041724
0.3082474786498099
0.05866990642793482
0.30773261953352754
0.3558180863961935
0.14322906946856695
0.14163542009879407
0.1400417707290212
0.1384481213592483
0.1384481213592483
0.1384481213592483
0.1384481213592483
0.1384481213592483
0.1384481213592483
0.1384481213592483
0.1384481213592483
0.1384481213592483
0.1384481213592483
0.1384481213592483
0.1384481213592483
0.14316326074923186
0.17366082713538797
0.17366082713538797
0.17366082713538797
0.14090723289425477
0.1384481213592483
0.1384481213592483
0.1384481213592483
0.1384481213592483
0.1384481213592483
0.1384481213592483
0.1384481213592483
0.1384481213592483
0.15166950872328996
0.1541407080869585
0.15395495680853272
0.15350153655928714
0.15780476375895286
0.17782394224230516
0.19421032584341827
0.19851355304308405
0.1889596895212907
0.16449370357527024
0.1687969307749359
0.2628474705307829
0.26469370599680314
0.1991113311275679
0.3554979604542666
0.3752581527150173
0.43304034492018595
0.45749197250491486
0.47789655000219405
0.5030577749483844
0.5255620492524805
0.5274082847185009
0.5340111676334325
0.44861698875631884
0.45046322422233914
0.4570661071372707
0.4610120394101079
0.4604640495151334
0.438111137036686
0.4310117082047731
0.4304637183097986
0.4457643965871874
0.4714367885517175
0.4708887986567431
0.4750974562106798
0.47697949559965275
0.4836369114491126
0.48717318335778104
0.48449061005867833
0.4952758348567429
0.5003802569818474
0.5200393430551857
0.5353393309130762
0.55316318989319
0.5735067471262565
0.5943269690917279
0.6083617260611067
0.619453136761476
0.6262444253199505
0.6334636497085249
0.6087496675799026
0.6191349449385309
0.6214405421183835
0.6372588127512457
0.6611197569415277
0.6647624114094304
0.666083299744806
0.6671210424326884
0.6703772602598637
0.6736276539555731
0.6829343902482607
0.6903363853660855
0.6954754124808332
0.6992281870918584
0.6504485573509602
0.5995270533622117
0.5290809754388274
0.5394870261475798
0.5029029697641426
0.4652940411551102
0.4408229594582093
0.2341068479894052
0.4070948433966254
0.33438833749782537
0.2997314335628929
0.3053491639363719
0.22897860236557754
0.33641913342978413
0.34073377016056194
0.1854995411570376
0.2483983151469425
0.25336449869907096
0.18000644597892032
0.2741266031809626
0.2838552804166243
0.20577530363788735
0.2670842867180301
0.2696841153367529
0.17528365347690425
0.2224223399206053
0.22738852347273378
0.15166950872328996
0.21770041586201905
0.2250275614434406
0.15166950872328996
0.21770041586201905
0.21584727174039384
0.21936272146086314
0.21219138370988672
0.217679299576391
0.22302677713285746
0.2176874672178782
0.2231753830843825
0.228522860640849
0.22318355072586973
0.2286714665923741
0.2340189441488405
0.23139483934214522
0.273979567307037
0.29954605027761216
0.44894709313176023
0.4746486215082608
0.5002097115747235
0.5157283994062689
0.5420743130192979
0.5678610821887922
0.5485857703776948
0.5563733419594651
0.5640204752311972
0.48868521979636037
0.514640987239443
0.5222881205111753
0.5192484663114619
0.5246418125322373
0.5298947204429748
0.5244608408822667
0.5298541871030421
0.5351070950137796
0.5296732154530716
0.5350665616738469
0.5403194695845844
0.5455720394227799
0.5504411914357307
0.5552865035511517
0.5373077119749964
0.5413693615759524
0.5528432509774902
0.5849739248473247
0.5989486178511356
0.6021412704114604
0.6064955817669413
0.6106896910180025
0.6085961071348709
0.6012592798281227
0.5951790956273585
0.5890694866810804
0.5906215407419079
0.5924733081274023
0.5951045055319415
0.5978931571730722
0.5996062745640108
0.602375105842174
0.5843010494284558
0.5736885799583146
0.5757729815028041
0.5818370047556766
0.6121829743904975
0.6101569515238967
0.6079904475295737
0.6052280632193159
0.5563586181036055
0.5052374564739959
0.4564468216979227
0.49721093733958543
0.4746667928295136
0.452534555470198
0.43061806141307196
0.21135315627829124
0.2905969127316878
0.244619368632088
0.22719464771424835
0.2653819373897902
0.2734007351416988
0.29909505335727926
0.26958267558524035
0.21994107581364628
0.24628694085057729
0.26184824267601037
0.21521915175505996
0.22541728915428016
0.22191361284128436
0.17056259786174768
0.19454750086938558
0.20774244776141296
0.15875239481116943
0.18509825984810047
0.2006595616735335
0.18195008402863785
0.21558904156565384
0.23351130542037998
0.16377513684826975
0.18037633578951418
0.2026198292470606
0.209678982734129
0.20296421076479074
0.20445185708305774
0.21334303840612331
0.20846029427278223
0.20994794059104924
0.21883912191411486
0.21395637778077375
0.21544402409904084
0.2243352054221064
0.22175211700403116
0.22553941903756408
0.25464960577473833
0.43958152510064685
0.4614211790149275
0.4905259728479894
0.5065012264611729
0.5288468705259647
0.5585960495955549
0.5745713032087386
0.5783586052422713
0.5895494422806029
0.4976262427125769
0.5014135447461098
0.4919931630874388
0.47480858759022626
0.4762016642627644
0.4890834680695369
0.5152336679371707
0.5166267446097089
0.5254233562870455
0.5204460425079755
0.5218391191805137
0.5306357308578503
0.5408663111202515
0.5584765864759218
0.5783052030552435
0.5882306824946246
0.5935447717421214
0.5913432421521114
0.5863109013623673
0.5860918129401482
0.5907806486167507
0.5961052889472888
0.6009193036954927
0.6005294867699866
0.5790841367677848
0.5605093058457123
0.5615572686969775
0.5695350783555719
0.6116507563370418
0.6200642446164071
0.6283261478785223
0.6353337098105509
0.6430257797786473
0.6487038589796429
0.6541205342023492
0.6577850113601298
0.6608306082326134
0.6623873200805044
0.6636224552014279
0.6634847900425138
0.6615946395441971
0.579271918857935
0.5302240550952058
0.4773392068578729
0.5262004066030829
0.5121551891409764
0.47432833064370095
0.4280277309099401
0.2341068479894052
0.3232192880046956
0.27983207440822766
0.31404405204796015
0.37500826749975874
0.2580127806532856
0.2165406502729927
0.2762017720820902
0.22915050281362792
0.21996063629635315
0.2592579121728786
0.21521915175505996
0.28542854706537985
0.2989581208904135
0.20577530363788735
0.22684064211349966
0.22086437684344823
0.15875239481116943
0.1821786953160749
0.19806923117040168
0.15166950872328996
0.17745677125748857
0.19570826914110853
0.15166950872328996
0.17745677125748857
0.16601086895614175
0.16730992258822786
0.16420090902496912
0.16784289679213887
0.17097397826022223
0.16969699253296058
0.1733389803001304
0.17647006176821375
0.17519307604095216
0.17883506380812197
0.1832006969415315
0.21820152104034918
0.22414316452278485
0.2474932514049769
0.4009566184468426
0.42481221872400865
0.4312443259421605
0.4325252189452117
0.45702520445890615
0.4810142836735142
0.5287541188499155
0.5417496449513526
0.5471803821347018
0.4588629409727552
0.4648045844551909
0.47023532163854004
0.4712579916265443
0.47480540974798524
0.47784192157033956
0.47647036619734906
0.48001778431879
0.48305429614114437
0.4816827407681539
0.47776535742607373
0.4530539649358095
0.45548064060241383
0.4596222821897202
0.49672170984233815
0.5077643379812541
0.5161227972227399
0.5194514130387332
0.5203713338600013
0.5249303735529848
0.5336447397730099
0.5451128864674122
0.5562735329243242
0.5637310352186757
0.5684637780734865
0.5748648894284714
0.5828911270126688
0.590629660247477
0.5981709920382207
0.6026549336097071
0.6049697840318055
0.5763280212834647
0.5822556411348739
0.5883663060664205
0.6115726114132036
0.6335087222513437
0.6371965297105617
0.6371687749626784
0.6364585788156799
0.6340336559323515
0.6298043679832582
0.5810872358140962
0.5310094162997615
0.4765638478963284
0.5111928732693677
0.4834599997044736
0.4431296880057572
0.3837708188521186
0.21524714771173759
0.3335186390364718
0.27039454741399116
0.30925564900836683
0.31140779812847924
0.2305242302720092
0.3015212160991368
0.302370271576548
0.22148670372007792
0.27092416998049546
0.28982565715141306
0.22597420666147325
0.23335050217506267
0.21027907605647067
0.17210822576817933
0.24484826185253528
0.23132061675273893
0.19551072849374077
0.23990073034306805
0.18902502488871978
0.1532151366297216
0.20501356491943235
0.18666406285942666
0.1532151366297216
0.20501356491943235
0.16899511195386557
0.17142045005033477
0.1666084325678169
0.17082713978986275
0.17508450572232911
0.17210451607580837
0.17632322329785421
0.18058058923032064
0.17760059958379995
0.18181930680584582
0.18607667273831216
0.23995260189665502
0.24647096483396672
0.24885219056604196
0.4033641419896904
0.4277964617217325
0.4522674401641951
0.47014544826419913
0.49522215323276964
0.5203375169117607
0.5382155250117647
0.5447338879490764
0.5512909095968086
0.46127046451560305
0.43348901026598907
0.43913314332450726
0.43845280939325243
0.460543225590507
0.48195244903244644
0.47887788974019685
0.48300202731651387
0.48716482360325125
0.4840902643110017
0.48821440188731874
0.49237719817405606
0.49635925186528346
0.5049047183361778
0.5184070293781898
0.5248602826862951
0.5296060202150273
0.5331246840243258
0.5337737640810281
0.5387956238404163
0.5481215509625995
0.5630430408468384
0.5663240740105754
0.5531033673625614
0.5611447193749177
0.5658557938022727
0.6043921753531425
0.6088675766605216
0.6129623488159638
0.6144823565954712
0.6152694538557125
0.6168002645082936
0.6192723244787448
0.6243123070314892
0.6290509280672497
0.6328137735568798
0.6361415047928973
0.636623301629306
0.6212739791680063
0.5982933365443313
0.594034964693818
0.5448257214092321
0.5272979429296596
0.4717749539877975
0.5051683501187632
0.47522936200216315
0.4436897568235314
0.4112231162698303
0.2341068479894052
0.30641467336458583
0.27983207440822766
0.241466028825389
0.22401255121779032
0.19376589658943788
0.21322480763751886
0.22448892446299093
0.21994107581364628
0.24005153368307788
0.2424532975327687
0.21521915175505996
0.23769057165378477
0.23773137347418236
0.20577530363788735
0.20292140972079878
0.18834750261817132
0.15875239481116943
0.17886285268060104
0.18126461653029186
0.15166950872328996
0.17414092862201475
0.17890365450099868
0.15166950872328996
0.17414092862201475
0.1384481213592483
0.1384481213592483
0.1384481213592483
0.1384481213592483
0.1384481213592483
0.1384481213592483
0.1384481213592483
0.13858063681966473
0.17366082713538797
0.17366082713538797
0.17366082713538797
0.14549010049255323
0.1384481213592483
0.1384481213592483
0.1397512150019495
0.14105430864465068
0.14519055672250372
0.14932680480035668
0.15085686559280728
0.15238692638525783
0.20847325026730607
0.21000331105975667
0.16088638969071323
0.13154188335091432
0.1405226681154082
0.22947393004943542
0.2332423402431246
0.23701075043681374
0.24077916063050284
0.24454757082419187
0.260826621761098
0.29250947155851453
0.29250947155851453
0.289778721789528
0.2572967657823749
0.2572967657823749
0.25428653919502614
0.2512763126076774
0.250872273305731
0.2504682340037847
0.2500641947018383
0.24966015539989186
0.2440437415271408
0.23842732765438956
0.23281091378163848
0.22719449990888724
0.22418427332153845
0.22117404673418975
0.08363707988770992
0.08062685330036115
0.0776166267130124
0.0746064001256636
0.0746064001256636
0.09428443205748747
0.10981910590180326
0.10981910590180326
0.095717929872959
0.07141910138611786
0.0711285456590462
0.07083798993197452
0.0705474342049028
0.07025687847783114
0.14426794245390379
0.13137064826336342
0.0615666494404089
0.05866990642793482
0.10149838983428323
0.21682804826965346
0.14322906946856695
0.14163542009879407
0.1400417707290212
0.1384481213592483
0.1384481213592483
0.1384481213592483
0.1384481213592483
0.1384481213592483
0.1678999643352011
0.17366082713538797
0.17366082713538797
0.15138235270483094
0.1384481213592483
0.1384481213592483
0.1384481213592483
0.1384481213592483
0.1384481213592483
0.1384481213592483
0.1384481213592483
0.1384481213592483
0.1384481213592483
0.1384481213592483
0.1384481213592483
0.1384481213592483
0.1384481213592483
0.1384481213592483
0.1384481213592483
0.1384481213592483
0.1384481213592483
0.1384481213592483
0.1384481213592483
0.1384481213592483
0.1384481213592483
0.1384481213592483
0.1384481213592483
0.13858063681966473
0.17366082713538797
0.17366082713538797
0.17366082713538797
0.14549010049255323
0.1384481213592483
0.1384481213592483
0.1397512150019495
0.14105430864465068
0.14519055672250372
0.14932680480035668
0.15085686559280728
0.15238692638525783
0.20847325026730607
0.21000331105975667
0.16088638969071323
0.13154188335091432
0.1405226681154082
0.22947393004943542
0.2332423402431246
0.23701075043681374
0.24077916063050284
0.24454757082419187
0.260826621761098
0.29250947155851453
0.29250947155851453
0.289778721789528
0.2572967657823749
0.2572967657823749
0.25428653919502614
0.2512763126076774
0.250872273305731
0.2504682340037847
0.2500641947018383
0.24966015539989186
0.2440437415271408
0.23842732765438956
0.23281091378163848
0.22719449990888724
0.22418427332153845
0.22117404673418975
0.08363707988770992
0.08062685330036115
0.0776166267130124
0.0746064001256636
0.0746064001256636
0.09428443205748747
0.10981910590180326
0.10981910590180326
0.095717929872959
0.07141910138611786
0.0711285456590462
0.07083798993197452
0.0705474342049028
0.07025687847783114
0.14426794245390379
0.13137064826336342
0.0615666494404089
0.05866990642793482
0.10149838983428323
0.21682804826965346
0.14322906946856695
0.14163542009879407
0.1400417707290212
0.1384481213592483
0.1384481213592483
0.1384481213592483
0.1384481213592483
0.1384481213592483
0.1678999643352011
0.17366082713538797
0.17366082713538797
0.15138235270483094
0.1384481213592483
0.1384481213592483
0.1384481213592483
0.1384481213592483
0.1384481213592483
0.1384481213592483
0.1384481213592483
0.1384481213592483
0.1384481213592483
0.1384481213592483
0.1384481213592483
0.1384481213592483
0.1384481213592483
0.1384481213592483
0.1384481213592483
0.1384481213592483
0.18901088528932036
0.15429636332983884
0.15385942473582567
0.15635571139126486
0.1579604190018332
0.1593555082438172
0.16185179489925638
0.16345650250982474
0.16485159175180872
0.167347878407248
0.16895258601781624
0.3071740712341971
0.3119700136049021
0.1992669863704482
0.3719123647673134
0.41332503332313464
0.4351433534436992
0.45739644043220784
0.48075072483417175
0.5032134301912647
0.5254665171797736
0.5302624595504786
0.5341668228763128
0.4485214566836118
0.4533173990543169
0.45722176238015105
0.43623012930099625
0.42810551857097157
0.42961565653581096
0.43961622744104617
0.46853059891791604
0.4700407368827554
0.47134125647901054
0.4737429734887208
0.4752531114535602
0.4767030328517984
0.4800212669695302
0.48376318204842395
0.4852745142724576
0.47862384459004587
0.4766789847063717
0.4682130846833377
0.4650041264213611
0.4678303933486523
0.47101385863273315
0.4794622852528657
0.48619886795747796
0.48957834343391743
0.48415445601495977
0.46235834467798426
0.46667992877919495
0.4715382282110168
0.49983442215883145
0.5127170240140884
0.514158332227885
0.5156973400949888
0.520151170399558
0.5240344277971652
0.5296153833647257
0.5350571893194193
0.5366784406023843
0.5378004073665994
0.536649799774118
0.5338346530864893
0.48838359906097456
0.42806535082192143
0.36081093234784184
0.40366576193272946
0.37948702920315286
0.3859926368716535
0.3839889704921216
0.2341068479894052
0.23475839481075578
0.23540994163210638
0.2337005264241638
0.23199111121622124
0.22897860236557754
0.2259660935149338
0.1909964884874486
0.18472837003750664
0.18236740800821344
0.18000644597892032
0.20774338928764424
0.21521915175505996
0.2104972276964736
0.26033156672748503
0.2556096426688987
0.19632606261660226
0.160742916085347
0.15639143278187626
0.15403047075258314
0.15166950872328996
0.15166950872328996
0.15166950872328996
0.15166950872328996
0.15166950872328996
0.15588640137342244
0.15921623179361763
0.1551851642933747
0.15771842920941959
0.16288028746561198
0.16068124780136622
0.1632145127174111
0.16837637097360353
0.16617733130935775
0.1687105962254027
0.17387245448159502
0.3234577114564259
0.3485454371991965
0.23939956061036666
0.3919408737152482
0.41468775114128936
0.440063221907478
0.4587221799897569
0.4672376838943879
0.4729205928789039
0.49157955096118294
0.4964124715924937
0.5340412488957534
0.4498471962411609
0.4546801168724716
0.4621416308439298
0.46224224689494986
0.4646809421652659
0.4697482307757293
0.46745462146575467
0.46989331673607077
0.4749606053465341
0.47266699603655954
0.4751056913068755
0.4801729799173389
0.48241635308823766
0.4657289806380961
0.44908285379986407
0.44698817017866466
0.45174886437178907
0.47606936088551943
0.4747926346708883
0.47609125872171626
0.48144125991512676
0.48768427750341037
0.4947114968779121
0.4989705840707436
0.5041245955821825
0.5099989852448288
0.5166802997754524
0.5221976735727634
0.5272972192260811
0.5318152036103031
0.5361322795922886
0.5415321270582932
0.5433370255609818
0.5194816509208267
0.5256293716408952
0.533309425776552
0.5627895163732591
0.5785475519262144
0.5811668438520093
0.5809226587482706
0.5788484962463846
0.5321134123099491
0.4837665535889866
0.43142603016027553
0.4671654005486242
0.4403756369603173
0.4135484629833845
0.38591252017878497
0.20241315415551953
0.2014692387212795
0.20019723585596672
0.19848782064802417
0.23074533765004263
0.22897860236557754
0.2259660935149338
0.22487713435095338
0.21994107581364628
0.21758011378435307
0.21714270144172335
0.21521915175505996
0.188293417213289
0.1772080716069974
0.17056259786174768
0.1658406738031614
0.163036906527126
0.15875239481116943
0.15639143278187626
0.1886049648190371
0.18688221449942966
0.18688221449942966
0.1633287510436711
0.15166950872328996
0.15166950872328996
0.15732846057787606
0.15728843963401887
0.1581622448665948
0.1591604884138732
0.16095249530601322
0.1636583283745863
0.16465657192186473
0.16644857881400477
0.16915441188257785
0.1701526554298563
0.17194466232199626
0.267054758588845
0.27035265785138923
0.2098360945635617
0.3949179542884683
0.4161298103457429
0.4381354297478792
0.461699260562977
0.4835555018567801
0.5062055064954448
0.5297693373105427
0.533067236573087
0.5371588991804928
0.4528242768143809
0.45612217607692523
0.43308563053912474
0.4300066216920304
0.43091029559357985
0.4437583618324103
0.47043170203897483
0.4713353759405244
0.4730328131869354
0.47564407660977964
0.4765477505113291
0.47824518775774016
0.47934157945652345
0.48093313568183216
0.4841923637957561
0.4849091096524638
0.48309757397008013
0.48022888039732403
0.4748263878120498
0.4855184249255736
0.494803363417556
0.5060508978846503
0.5181433704811396
0.5259005795016388
0.5237717850342413
0.5021146959854405
0.5098950323516659
0.517395245237499
0.5501465544727552
0.5651946260694412
0.5699528258378758
0.5755832521093651
0.5822040025949422
0.5898858933136246
0.5969909982727398
0.6025608309422832
0.6075864848877863
0.6099817851535396
0.6114241955774012
0.6106817481199073
0.6082491031700455
0.5443680072436019
0.4727980674376833
0.5068611310185936
0.4522572209253554
0.44495320623724266
0.41732373013929996
0.3918696028723669
0.2341068479894052
0.24263902719100103
0.23540994163210638
0.2337005264241638
0.23987174359646657
0.22897860236557754
0.19581881653226857
0.1956215112683956
0.18472837003750664
0.18236740800821344
0.2147573220531397
0.21521915175505996
0.21521915175505996
0.21837786007671894
0.20577530363788735
0.20105337957930103
0.19255358562983815
0.15875239481116943
0.15639143278187626
0.16191110313282842
0.15166950872328996
0.15166950872328996
0.15955014110353524
0.15166950872328996
0.15166950872328996
0.15285538711080016
0.15285094288556667
0.15166950872328996
0.1546874149467973
0.156514998557561
0.1571655922312815
0.16018349845478883
0.16201108206555256
0.16266167573927307
0.16567958196278043
0.16750716557354406
0.28916210876319864
0.30109229016045297
0.2330342717023157
0.3884252181451635
0.4116567368786671
0.433697932999427
0.429497159343796
0.44386972261356455
0.466555303970853
0.49177392853217067
0.528594163106011
0.5327214024320405
0.4463315406710761
0.4516491026098493
0.4557763419358788
0.45872659132486515
0.4616499279026436
0.46338294186767837
0.46393896589566996
0.46686230247344845
0.4685953164384832
0.46915134046647483
0.47207467704425327
0.47374313005405605
0.4407792183398257
0.4434214723615404
0.4475645025237736
0.4738683099619371
0.4818755659753675
0.4779609641620536
0.4723482099549526
0.4700093925944941
0.46671486977059684
0.47150093305501195
0.4831087233058305
0.488796688167185
0.4899195000733632
0.4880635522641128
0.4848621188899339
0.4829688921794126
0.4806304351859343
0.48121317132957475
0.48162193805733733
0.48584468206132897
0.45746115347820965
0.4639210114808058
0.4698124109238132
0.49145616748424614
0.5137895733907699
0.5179398088893286
0.5224468301499318
0.5245577388489923
0.5250266068093244
0.4814644057130395
0.4364658850222143
0.4781804735073819
0.4300551172228779
0.4146997349792925
0.3993443527357071
0.36894992354401696
0.19889414221326554
0.20019260297045485
0.20019723585596672
0.21593882618977345
0.23263802515206006
0.22897860236557754
0.2259660935149338
0.2236004986001288
0.21994107581364628
0.21758011378435307
0.21586606569089878
0.20506393023505579
0.18000644597892032
0.17593143585617277
0.22511886095134534
0.22039693689275905
0.171621312747848
0.1939651005873091
0.19160413855801592
0.18720075773821784
0.15166950872328996
0.15166950872328996
0.15231642265912876
0.15166950872328996
0.15166950872328996
0.15166950872328996
0.15166950872328996
0.15166950872328996
0.15350153655928714
0.1553335643952843
0.1571655922312815
0.15899762006727863
0.16082964790327586
0.16266167573927307
0.16449370357527024
0.16632573141126736
0.2605620224455401
0.26469370599680314
0.22117506099989526
0.3884252181451635
0.4104708584911569
0.4325164988371503
0.4552065244196722
0.47789655000219405
0.5005865755847159
0.5232766011672378
0.5274082847185009
0.5315399682697639
0.4463315406710761
0.4338351120605294
0.4193822019974625
0.42351388554872554
0.4260921710293255
0.4622015077054017
0.46393896589566996
0.4656764240859383
0.4674138822762065
0.46915134046647483
0.4708887986567431
0.4726262568470113
0.4743637150372796
0.47610117322754786
0.47783863141781613
0.4778132379595455
0.4762453493088033
0.47224501919168554
0.46600771165459753
0.4632961074145871
0.4636694935595198
0.46404287970445246
0.4644162658493853
0.46302680034577914
0.42861773694331207
0.42351388554872554
0.42351388554872554
0.4401971193796062
0.45872659132486515
0.45872659132486515
0.45872659132486515
0.4606286508173694
0.4641950123658148
0.4677613739142602
0.47132773546270557
0.47489409701115093
0.47846045855959635
0.4820268201080417
0.4855931816564872
0.48915954320493255
0.48347103103904054
0.41942131526841436
0.381448310277872
0.4328154164372805
0.4179772322502091
0.4146997349792925
0.3993443527357071
0.3839889704921216
0.34582380264365364
0.3692851350698868
0.2394123082058069
0.36822726668329486
0.36651785147535226
0.2109538352991446
0.3252801279979251
0.32226761914728147
0.18873073661120718
0.3356825315580662
0.349745892014191
0.21922151832876055
0.349745892014191
0.34502396795560464
0.2097776702115879
0.20105337957930103
0.17434983161804696
0.16275476138487
0.15639143278187626
0.15403047075258314
0.15567187529699053
0.20622577181288765
0.20622577181288765
0.15567187529699053
0.20622577181288765
0.193004384448846
0.1384481213592483
0.193004384448846
0.193004384448846
0.1384481213592483
0.193004384448846
0.193004384448846
0.1384481213592483
0.193004384448846
0.193004384448846
0.1421555932830322
0.22821709022498562
0.22821709022498565
0.17366082713538797
0.19776909257726633
0.19561057173424837
0.14519055672250372
0.20388306788995436
0.20541312868240494
0.15238692638525783
0.2884437274368394
0.28997378822929
0.16088638969071323
0.2115123605204476
0.22049314528494157
0.22947393004943542
0.2332423402431246
0.23701075043681374
0.24077916063050284
0.24454757082419187
0.25092216830328345
0.2572967657823749
0.2572967657823749
0.27077937233130206
0.29250947155851453
0.29250947155851453
0.28318979548459783
0.2512763126076774
0.250872273305731
0.2504682340037847
0.2500641947018383
0.24966015539989186
0.2440437415271408
0.23842732765438956
0.23281091378163848
0.22719449990888724
0.22418427332153845
0.22117404673418975
0.08363707988770992
0.12504898607648243
0.1575871038825457
0.11139252120311792
0.12171298099961614
0.15660964385701923
0.1114426633412984
0.12155908034422493
0.2359104209285482
0.19813732858638747
0.15076338421130717
0.22448915915605422
0.16303945756818697
0.11778471312244565
0.20188687572448807
0.15927260018379086
0.10598878221653016
0.19319664668706585
0.24272029454244776
0.18924485161446108
0.18765120224468826
0.14163542009879407
0.1400417707290212
0.1384481213592483
0.1384481213592483
0.1384481213592483
0.1384481213592483
0.1384481213592483
0.1384481213592483
0.1384481213592483
0.1384481213592483
0.17147804810664796
0.17366082713538797
0.17366082713538797
0.14780490978225555
0.1384481213592483
0.1384481213592483
0.1384481213592483
0.1384481213592483
0.1384481213592483
0.1384481213592483
0.1384481213592483
0.1384481213592483
0.1384481213592483
0.1384481213592483
0.1384481213592483
0.1384481213592483
0.1384481213592483
0.193004384448846
0.1384481213592483
0.193004384448846
0.193004384448846
0.1384481213592483
0.193004384448846
0.193004384448846
0.1384481213592483
0.193004384448846
0.193004384448846
0.1421555932830322
0.22821709022498562
0.22821709022498565
0.17366082713538797
0.19776909257726633
0.19561057173424837
0.14519055672250372
0.20388306788995436
0.20541312868240494
0.15238692638525783
0.2884437274368394
0.28997378822929
0.16088638969071323
0.2115123605204476
0.22049314528494157
0.22947393004943542
0.2332423402431246
0.23701075043681374
0.24077916063050284
0.24454757082419187
0.25092216830328345
0.2572967657823749
0.2572967657823749
0.27077937233130206
0.29250947155851453
0.29250947155851453
0.28318979548459783
0.2512763126076774
0.250872273305731
0.2504682340037847
0.2500641947018383
0.24966015539989186
0.2440437415271408
0.23842732765438956
0.23281091378163848
0.22719449990888724
0.22418427332153845
0.22117404673418975
0.08363707988770992
0.12504898607648243
0.1575871038825457
0.11139252120311792
0.12171298099961614
0.15660964385701923
0.1114426633412984
0.12155908034422493
0.2359104209285482
0.19813732858638747
0.15076338421130717
0.22448915915605422
0.16303945756818697
0.11778471312244565
0.20188687572448807
0.15927260018379086
0.10598878221653016
0.19319664668706585
0.24272029454244776
0.18924485161446108
0.18765120224468826
0.14163542009879407
0.1400417707290212
0.1384481213592483
0.1384481213592483
0.1384481213592483
0.1384481213592483
0.1384481213592483
0.1384481213592483
0.1384481213592483
0.1384481213592483
0.17147804810664796
0.17366082713538797
0.17366082713538797
0.14780490978225555
0.1384481213592483
0.1384481213592483
0.1384481213592483
0.1384481213592483
0.1384481213592483
0.1384481213592483
0.1384481213592483
0.1384481213592483
0.1384481213592483
0.1384481213592483
0.1384481213592483
0.1384481213592483
0.1384481213592483
0.16314157233064752
0.1902942022016904
0.18688221449942966
0.1844156161508541
0.1587455520975451
0.1571655922312815
0.15899762006727863
0.16424163560553665
0.16266167573927307
0.16449370357527024
0.16973771911352814
0.3049841552216614
0.3091158387729244
0.2000521194661601
0.35321251236902385
0.4067079584813135
0.4359284865394111
0.4552065244196722
0.47789655000219405
0.5039985632869767
0.5232766011672378
0.5274082847185009
0.5349519559720246
0.4463315406710761
0.45046322422233914
0.4580068954758629
0.45872659132486515
0.43613549302799404
0.4304007896315228
0.4287262601195303
0.4398234836591865
0.47082586997846726
0.46915134046647483
0.4708887986567431
0.476038244549272
0.48135942784867725
0.48422502749435187
0.483835285610807
0.4832408387209564
0.4786459005844167
0.47421201969703686
0.468223111187158
0.46554148411819624
0.4672749078306201
0.4666997051703363
0.4715076170923272
0.4713412671501631
0.47431147132731905
0.4773014609199072
0.48218286532058624
0.45234685044531514
0.4548799411255034
0.463979779993861
0.4854061985961909
0.513845999134565
0.5224399334428567
0.5294807314292563
0.5360093506954056
0.5411651132006551
0.545607919130174
0.5487646639963164
0.5511040524991342
0.5512791997213741
0.5495525053759228
0.504572084473006
0.4577699058768507
0.4967895276958556
0.41463254912015923
0.39171335978111266
0.36803046339237605
0.35528994713544865
0.2341068479894052
0.23475839481075578
0.23540994163210638
0.2337005264241638
0.23199111121622124
0.22897860236557754
0.2259660935149338
0.22295358466429005
0.1993890014334457
0.18236740800821344
0.18000644597892032
0.18000644597892032
0.19351196548009778
0.2104972276964736
0.20577530363788735
0.20105337957930103
0.19632606261660224
0.18170472575067273
0.15639143278187626
0.15403047075258314
0.15166950872328996
0.15166950872328996
0.15166950872328996
0.15166950872328996
0.15166950872328996
0.15845589511774685
0.15901153296135978
0.15394037738086017
0.160287922953744
0.16267558863335413
0.15943646088885166
0.16578400646173552
0.16817167214134568
0.1649325443968432
0.17128008996972713
0.1736677556493372
0.2628328911031103
0.3006870348435762
0.23919486177810884
0.39069608680273366
0.4172572448856138
0.4398585230752201
0.4574773930772424
0.4846829363966509
0.5079285998227857
0.5190552688263067
0.4989819653368181
0.503669286731694
0.4133897035525066
0.44675358950281496
0.46193693201167196
0.46099745998243535
0.4672504359095903
0.4695435319434715
0.4662098345532401
0.4724628104803951
0.47475590651427635
0.471422209124045
0.47767518505119994
0.4799682810850811
0.48083547364931595
0.4825711299581274
0.49325627772591196
0.5087519235701922
0.5162691885514491
0.500590173093636
0.4812713396953326
0.4841021593561576
0.5062301467474133
0.5375973134467159
0.5484174690140751
0.5559170726280211
0.5607711778602926
0.5603975947289055
0.5613056905331331
0.561736748417738
0.5619388188755641
0.564525123309571
0.5668819195402208
0.570190655671748
0.574660606452707
0.5817399207025619
0.5884907639011334
0.5605677605219447
0.5640320207003421
0.5662001184683385
0.5865392113586331
0.5981838853713151
0.5915414335730845
0.5388544858074262
0.4845244672133035
0.5219811001303577
0.4693606506363022
0.4452771612558338
0.416844226163362
0.3972434847692858
0.2341068479894052
0.23474027606856487
0.20019723585596672
0.19848782064802417
0.21003291971724578
0.20366414870961477
0.2259660935149338
0.23620809894145417
0.21994107581364628
0.21758011378435307
0.22847366603222413
0.21521915175505996
0.21521915175505996
0.21441121871085642
0.17056259786174768
0.1658406738031614
0.17436787111762675
0.15875239481116943
0.15639143278187626
0.16728498502974729
0.15166950872328996
0.15166950872328996
0.16492402300045414
0.15166950872328996
0.15166950872328996
0.16624813590333007
0.19335218705056756
0.19072952449790825
0.18847310616991375
0.16180353694642227
0.16101290222976009
0.16257960869324284
0.1672996204544138
0.16650898573775164
0.16807569220123444
0.17279570396240534
0.26440933244401876
0.26827569462276735
0.2031101043150373
0.3570598223675025
0.4101770354145321
0.4389864713882882
0.45905383441815073
0.4814785386281582
0.5070565481358539
0.5271239111657164
0.530990273344465
0.5380099408209018
0.45017885066955476
0.45404521284830335
0.4610648803247401
0.46257390132334375
0.44167595716494795
0.4334587744804
0.43257357011800895
0.4416541501847067
0.4738838548273445
0.47299865046495343
0.47447078728270725
0.4790962293981492
0.4800094518232274
0.48127320687307795
0.4821902132776827
0.4818363498211883
0.48343553204302736
0.48453575928576037
0.48512314443124416
0.49173747289435876
0.5029388035831438
0.5203328201331414
0.5375181786914405
0.550127502270162
0.5601712151020709
0.5660009096877857
0.5735382792955664
0.5516554586179105
0.5516389676871349
0.5567033653775525
0.5698988473182455
0.599902137198184
0.6026226262935341
0.6038355643613847
0.6046685672180278
0.6057640996211741
0.6066330021459307
0.6054307300730948
0.6056249578307124
0.6035738120890549
0.6001567570920509
0.5493983597610701
0.4961250825263317
0.5345194850213515
0.4537145741471586
0.41852538358694386
0.3877011651225413
0.3645524952029114
0.2341068479894052
0.25025414507237
0.23540994163210638
0.2337005264241638
0.24748686147783552
0.22897860236557754
0.2259660935149338
0.23844933492590425
0.20548727657737664
0.18236740800821344
0.19550219624053455
0.18000644597892032
0.18695217596491806
0.2259929779580879
0.20577530363788735
0.20105337957930103
0.21182181287821653
0.1845726207193658
0.15639143278187626
0.16952622101419737
0.15166950872328996
0.15166950872328996
0.16716525898490422
0.15166950872328996
0.15166950872328996
0.15166950872328996
0.15166950872328996
0.15166950872328996
0.15350153655928714
0.1553335643952843
0.1571655922312815
0.15899762006727863
0.16082964790327586
0.16266167573927307
0.16449370357527024
0.16632573141126736
0.2250136780521281
0.2554846825523212
0.231852837540039
0.3884252181451635
0.4104708584911569
0.4325164988371503
0.4552065244196722
0.47789655000219405
0.5005865755847159
0.5232766011672378
0.4972551530388322
0.49632726249362424
0.5004589460448873
0.42888357003089267
0.4545949077736022
0.45872659132486515
0.4604640495151334
0.4622015077054017
0.46393896589566996
0.4656764240859383
0.4674138822762065
0.46915134046647483
0.4708887986567431
0.4726262568470113
0.4743637150372796
0.47610117322754786
0.47783863141781613
0.4778132379595455
0.4762453493088033
0.47513625752976363
0.4492661303540882
0.43647393184262373
0.4361410458478509
0.46417460992160947
0.49112213643340374
0.4990118607324751
0.5054849585894928
0.5132557224493962
0.5211942360374103
0.5275410416349834
0.5331479523961085
0.5366328010701936
0.5398001631450609
0.5448997416696959
0.5515739806480418
0.5569459778451398
0.5622493666618541
0.5521819881983528
0.5334014931854707
0.5367685974157361
0.5399067964123339
0.5793422687128106
0.5839436865426157
0.5387898951606694
0.49365280336700756
0.5329428606108565
0.4829038803094736
0.4553228040186778
0.4285105967237879
0.40617802120703994
0.2341068479894052
0.256792881439005
0.20019723585596672
0.19848782064802417
0.21896745615499996
0.19376589658943788
0.22211470094357522
0.24514263537920836
0.21994107581364628
0.21758011378435307
0.23740820246997832
0.21521915175505996
0.21521915175505996
0.23268627841139206
0.17352863311335817
0.1658406738031614
0.18330240755538096
0.15875239481116943
0.15639143278187626
0.1762195214675015
0.15166950872328996
0.15166950872328996
0.17385855943820835
0.15166950872328996
0.15166950872328996
0.1595234644265877
0.16353612453415395
0.1852778474938478
0.19656819803872452
0.202412885982288
0.17819829295475542
0.16685157577057638
0.17269626371413985
0.1687892884627508
0.17234765927856796
0.1781923472221314
0.1765850276860082
0.1824430542170912
0.20850674757476334
0.3593401250925016
0.4038385497316353
0.4443831146480143
0.46133413714314997
0.4857505057054918
0.5124531913955799
0.5294042138907156
0.5352622404217986
0.5434065840806278
0.5417992645445047
0.45831717992563686
0.46646152358446613
0.46485420404834293
0.46298444929972415
0.43885541774012604
0.43485387284300814
0.4383176740130964
0.47034496094167444
0.4752789531899526
0.4787427543600408
0.4844928726578753
0.4850214287336434
0.49396715708579764
0.49971929506999174
0.5033560727614936
0.5041553018745061
0.5006990428415204
0.49485934885287913
0.4951449430504971
0.500541808097323
0.5048824625350867
0.513447555590308
0.5116941121580652
0.5064263036893306
0.5033124208192549
0.5002524305309014
0.48777213583167006
0.4636292141876803
0.4628036570344197
0.4618928567307658
0.490555313685071
0.5018474221454491
0.5044549725067765
0.5072283572667379
0.5107229598866865
0.5145200077431161
0.5158805853833276
0.5170969934746897
0.5179767656592659
0.5177450959343886
0.46245507621475307
0.4166610160540117
0.4680281222134201
0.41483360348162013
0.37948702920315286
0.36413164695956746
0.34877626471598194
0.21961129650384534
0.23475839481075578
0.23540994163210638
0.2337005264241638
0.23199111121622124
0.22897860236557754
0.2259660935149338
0.22295358466429005
0.21932043615295074
0.18236740800821344
0.18000644597892032
0.18000644597892032
0.18000644597892032
0.20236135674356037
0.20577530363788735
0.20105337957930103
0.19632606261660224
0.19123728064592324
0.15639143278187626
0.15403047075258314
0.15166950872328996
0.15166950872328996
0.15166950872328996
0.15166950872328996
0.15166950872328996
0.1384481213592483
0.1384481213592483
0.1384481213592483
0.1384481213592483
0.1384481213592483
0.1384481213592483
0.1384481213592483
0.1384481213592483
0.1384481213592483
0.1384481213592483
0.1384481213592483
0.1384481213592483
0.15812432139439506
0.17366082713538797
0.17496392077808914
0.16376353946195887
0.14519055672250372
0.14932680480035668
0.15085686559280728
0.15238692638525783
0.2884437274368394
0.28997378822929
0.16088638969071323
0.30085247167039836
0.22049314528494157
0.22947393004943542
0.2332423402431246
0.23701075043681374
0.24077916063050284
0.24454757082419187
0.25092216830328345
0.2572967657823749
0.2572967657823749
0.2572967657823749
0.2572967657823749
0.2867450696134308
0.2909613840300378
0.2881188471652075
0.2672018106123176
0.25373864728536855
0.25558874819557437
0.25478245029279023
0.2493366666309448
0.24264829680129607
0.23791939566093243
0.23122146160361237
0.22818781205344618
0.22501736785323007
0.08363707988770992
0.08062685330036115
0.0776166267130124
0.0746064001256636
0.0746064001256636
0.0746064001256636
0.0746064001256636
0.10370057519185666
0.1838817170347778
0.14440610203777818
0.1941586709777073
0.2587049764851606
0.17151725162849152
0.16024496770214483
0.14478932826178056
0.1303006994218859
0.20525490497236817
0.13136741284125028
0.14641636820811268
0.1448227188383398
0.14322906946856695
0.14163542009879407
0.1400417707290212
0.1384481213592483
0.1384481213592483
0.1384481213592483
0.1384481213592483
0.1384481213592483
0.1384481213592483
0.1384481213592483
0.1384481213592483
0.1384481213592483
0.15223374140363627
0.17366082713538797
0.17366082713538797
0.16704832785661566
0.1384481213592483
0.1384481213592483
0.1384481213592483
0.1384481213592483
0.1384481213592483
0.1384481213592483
0.1384481213592483
0.1384481213592483
0.1384481213592483
0.1384481213592483
0.1384481213592483
0.1384481213592483
0.1384481213592483
0.1384481213592483
0.1384481213592483
0.1384481213592483
0.1384481213592483
0.1384481213592483
0.1384481213592483
0.1384481213592483
0.1384481213592483
0.1384481213592483
0.1384481213592483
0.1384481213592483
0.15812432139439506
0.17366082713538797
0.17496392077808914
0.16376353946195887
0.14519055672250372
0.14932680480035668
0.15085686559280728
0.15238692638525783
0.2884437274368394
0.28997378822929
0.16088638969071323
0.30085247167039836
0.22049314528494157
0.22947393004943542
0.2332423402431246
0.23701075043681374
0.24077916063050284
0.24454757082419187
0.25092216830328345
0.2572967657823749
0.2572967657823749
0.2572967657823749
0.2572967657823749
0.2867450696134308
0.2909613840300378
0.2881188471652075
0.2672018106123176
0.25373864728536855
0.25558874819557437
0.25478245029279023
0.2493366666309448
0.24264829680129607
0.23791939566093243
0.23122146160361237
0.22818781205344618
0.22501736785323007
0.08363707988770992
0.08062685330036115
0.0776166267130124
0.0746064001256636
0.0746064001256636
0.0746064001256636
0.0746064001256636
0.10370057519185666
0.1838817170347778
0.14440610203777818
0.1941586709777073
0.2587049764851606
0.17151725162849152
0.16024496770214483
0.14478932826178056
0.1303006994218859
0.20525490497236817
0.13136741284125028
0.14641636820811268
0.1448227188383398
0.14322906946856695
0.14163542009879407
0.1400417707290212
0.1384481213592483
0.1384481213592483
0.1384481213592483
0.1384481213592483
0.1384481213592483
0.1384481213592483
0.1384481213592483
0.1384481213592483
0.1384481213592483
0.15223374140363627
0.17366082713538797
0.17366082713538797
0.16704832785661566
0.1384481213592483
0.1384481213592483
0.1384481213592483
0.1384481213592483
0.1384481213592483
0.1384481213592483
0.1384481213592483
0.1384481213592483
0.1384481213592483
0.1384481213592483
0.1384481213592483
0.1384481213592483
0.15166950872328996
0.15166950872328996
0.1791096604437405
0.18688221449942966
0.18688221449942966
0.1666151663846668
0.15166950872328996
0.15350153655928714
0.1553335643952843
0.1571655922312815
0.15899762006727863
0.16082964790327586
0.16266167573927307
0.16449370357527024
0.16632573141126736
0.3049841552216614
0.3091158387729244
0.19664013176389936
0.3666782185223539
0.4104708584911569
0.4325164988371503
0.4552065244196722
0.47789655000219405
0.5005865755847159
0.43393649001728707
0.43806817356855005
0.4421998571198131
0.4463315406710761
0.45046322422233914
0.4545949077736022
0.4516455440564166
0.42525134373899376
0.4269888019292621
0.4287262601195303
0.45817325440890677
0.4674138822762065
0.46915134046647483
0.4708887986567431
0.4726262568470113
0.4743637150372796
0.47610117322754786
0.47783863141781613
0.4778132379595455
0.4762453493088033
0.47224501919168554
0.46600771165459753
0.4632961074145871
0.4636694935595198
0.4684553841127436
0.4644162658493853
0.4672772784022746
0.46009483964970144
0.46354039880451675
0.45872659132486515
0.42899753486684067
0.42351388554872554
0.42351388554872554
0.43640444864170014
0.4606286508173694
0.4641950123658148
0.4677613739142602
0.47132773546270557
0.47489409701115093
0.47846045855959635
0.4820268201080417
0.4855931816564872
0.5784996543548833
0.5811149861570766
0.5439741321945049
0.5060011272039625
0.4680281222134201
0.4015680380401788
0.37948702920315286
0.36413164695956746
0.34877626471598194
0.23311056754184123
0.2525325670074618
0.32551454911511607
0.28825678951376155
0.23199111121622124
0.31908320984858735
0.31607070099794354
0.22295358466429005
0.2979328018556439
0.2724720154912232
0.18000644597892032
0.3145331862380513
0.3191321503683983
0.21049722769647364
0.3403020438970184
0.33558011983843206
0.19632606261660224
0.18559928750948104
0.15639143278187626
0.15403047075258314
0.15166950872328996
0.15478151444381583
0.15166950872328996
0.15166950872328996
0.15478151444381583
0.15166950872328996
0.15166950872328996
0.15478151444381583
0.15350153655928714
0.1553335643952843
0.16027759795180735
0.15899762006727863
0.16082964790327586
0.1657736814597989
0.16449370357527024
0.16632573141126736
0.3080961609421872
0.3344296999253439
0.231852837540039
0.39153722386568934
0.4104708584911569
0.4325164988371503
0.458318530140198
0.47789655000219405
0.5005865755847159
0.4370484957378129
0.4146300641106567
0.40698715134367347
0.41423084061546234
0.42270533051974474
0.4545949077736022
0.46183859704539104
0.4604640495151334
0.4622015077054017
0.46705097161619585
0.4656764240859383
0.4713752674969029
0.4720819570805028
0.4741530106766997
0.4759941918177452
0.4778637517907265
0.4797478448563469
0.47783863141781613
0.4778132379595455
0.4762453493088033
0.47224501919168554
0.46600771165459753
0.4500957989659516
0.42845678778338014
0.42883017392831285
0.4408954384908929
0.47499284757085586
0.46831784496182804
0.4618808416626537
0.4614760395647099
0.45872659132486515
0.4621033981204816
0.45872659132486515
0.4627915432811136
0.4685650996135552
0.4675501790750766
0.47081358012465235
0.47132773546270557
0.47489409701115093
0.46215502280471515
0.4468141143319021
0.4503804758803475
0.546898114032427
0.5811149861570766
0.5439741321945049
0.5060011272039625
0.4680281222134201
0.4300551172228779
0.4146997349792925
0.3993443527357071
0.3839889704921216
0.2341068479894052
0.23475839481075578
0.22042450489286217
0.19848782064802417
0.2323267498334936
0.22931424098284992
0.25597146894112194
0.31305819214729974
0.25548942020705834
0.27213637687395076
0.2697754148446576
0.25076749614847205
0.3053237592380697
0.26505349078607127
0.2717472183933038
0.2458111509726947
0.1611133568404626
0.15875239481116943
0.15639143278187626
0.15403047075258314
0.15166950872328996
0.16053330776966793
0.15966100264072464
0.15643800688169393
0.16053330776966793
0.15966100264072464
0.15643800688169393
0.16053330776966793
0.16149303047672184
0.17863051867687482
0.2012420970537991
0.202201819760853
0.18945515165633794
0.17152547478565094
0.1724851974927049
0.17109422956967132
0.31384795426803935
0.3171073326903591
0.2014086299223033
0.3620763114154018
0.38855972755573603
0.4372849969955543
0.4640703234660501
0.48588804391962875
0.5053550737431198
0.442800289063665
0.44605966748598475
0.44696835527821704
0.455195339717454
0.45845471813977384
0.45936340593200614
0.4675903903712431
0.4684555434325681
0.45426043893845475
0.43759005916590826
0.43845521222723327
0.4391194385557572
0.4738983171148843
0.48817040864318184
0.49767666293582924
0.5051924905963406
0.5160393890214494
0.5255916732444701
0.5340365936552322
0.5391897930755007
0.5467014328198654
0.5510076739122867
0.5594090225806801
0.5720700376809302
0.5790892789079759
0.5861790288380779
0.5900699069784142
0.5908146480021214
0.5938000442974386
0.5977353158816986
0.6005405781927546
0.5871858797896713
0.568174604316685
0.5682860901504865
0.5687172129542036
0.6014259145293541
0.6032414308866929
0.6010860915541368
0.5918764236559376
0.5815046123079576
0.5738944568419938
0.5664303471150552
0.6533913618130806
0.6498188869400523
0.5980915683260846
0.5422123297297367
0.49531335614609695
0.44910412466833594
0.41987711060299554
0.3831806544050255
0.36644106965125667
0.22617937614594236
0.24635569975706814
0.2530747465673811
0.2609857603568407
0.2510401186616793
0.24664340730085227
0.25325132744761064
0.24200259210974806
0.237605880748921
0.23488972767290836
0.1990554534243784
0.19767125091419507
0.20729167991159714
0.19433352936579204
0.22267912627321218
0.22833861351197787
0.21537507006206028
0.21162990552258382
0.19345100221686282
0.17307947819804118
0.16933431365856472
0.15763752538339465
0.1586446146672966
0.15623089448296312
0.15763752538339465
0.1586446146672966
0.15623089448296312
0.15763752538339465
0.16047664250329377
0.15989495015495747
0.16313360889138612
0.16597272601128527
0.165391033662949
0.16862969239937767
0.17146880951927687
0.17088711717094052
0.17642543162263508
0.18873704429685742
0.29097048638930983
0.39439323480526817
0.4174459644351636
0.43707788459682345
0.4611745410797768
0.4848716559462007
0.5051479613443891
0.43990450667739167
0.4450432795125567
0.44676124287948626
0.43308911109179454
0.4222256243902061
0.4239435877571357
0.4339796262523452
0.4674391554591401
0.4667628934650749
0.4699069825557746
0.4726515300299449
0.4736879085652498
0.47642146408649294
0.48325313731322384
0.48490294826579294
0.49802815195488614
0.506637547016519
0.5151104503978546
0.5236255850751554
0.528177461468649
0.5334922016469564
0.5366361342151836
0.5422508809137686
0.5522610800042526
0.5587836998881945
0.5655302113861458
0.564169819676848
0.5248344343381935
0.517266844025095
0.5124961146112683
0.5263530959196293
0.5354792040290075
0.5287580387873901
0.5233320623879562
0.522065928403932
0.5213090299919136
0.519233596508332
0.5174357656296484
0.5148810200154248
0.5109040157091468
0.5111422558436003
0.6002693024486365
0.6020264949889997
0.603216106919793
0.5282214485311195
0.4736757441998646
0.4328154164372805
0.4017650861251372
0.4146997349792925
0.3993443527357071
0.3839889704921216
0.2341068479894052
0.23475839481075578
0.23540994163210638
0.2337005264241638
0.23199111121622124
0.22401604303708078
0.19075338773879413
0.18774087888815036
0.18472837003750664
0.1848838907061767
0.21521915175505996
0.21521915175505996
0.2697754148446576
0.26505349078607127
0.20577530363788735
0.20105337957930103
0.18076415328557333
0.15875239481116943
0.15639143278187626
0.15403047075258314
0.15166950872328996
0.15166950872328996
0.15166950872328996
0.15166950872328996
0.15166950872328996
0.15166950872328996
0.15166950872328996
0.15166950872328996
0.15350153655928714
0.1553335643952843
0.1571655922312815
0.15899762006727863
0.16082964790327586
0.16266167573927307
0.16449370357527024
0.16632573141126736
0.29307072069463436
0.29990641177294275
0.231852837540039
0.3884252181451635
0.4104708584911569
0.4302832939884689
0.4199938186435326
0.4426838442260544
0.46537386980857626
0.4145402277417236
0.43806817356855005
0.4421998571198131
0.4463315406710761
0.45046322422233914
0.4545949077736022
0.45872659132486515
0.4604640495151334
0.4622015077054017
0.46393896589566996
0.4656764240859383
0.4674138822762065
0.46915134046647483
0.4708887986567431
0.4726262568470113
0.4534033291763757
0.44088846745140825
0.44262592564167647
0.4563781703499546
0.4762453493088033
0.47224501919168554
0.46600771165459753
0.4632961074145871
0.4636694935595198
0.46404287970445246
0.4644162658493853
0.46302680034577914
0.46009483964970144
0.45872659132486515
0.45872659132486515
0.45872659132486515
0.45872659132486515
0.45872659132486515
0.45872659132486515
0.4606286508173694
0.4641950123658148
0.43446043351511004
0.4361150296865659
0.4396813912350113
0.46107296387364216
0.4820268201080417
0.574933292806438
0.5784996543548833
0.5811149861570766
0.5439741321945049
0.5060011272039625
0.4680281222134201
0.4300551172228779
0.4146997349792925
0.3993443527357071
0.3839889704921216
0.3099487468038978
0.3340724292937472
0.20019723585596672
0.33301456090715525
0.3469661324435083
0.22897860236557754
0.3604928337740648
0.3574803249234211
0.21994107581364628
0.3521068540434842
0.349745892014191
0.21521915175505996
0.34036162406051435
0.30981126217946503
0.17056259786174768
0.1658406738031614
0.1611133568404626
0.15875239481116943
0.15639143278187626
0.15403047075258314
0.15166950872328996
0.16438765953645337
0.17366082713538797
0.17366082713538797
0.15489423964273447
0.1384481213592483
0.1384481213592483
0.1384481213592483
0.1384481213592483
0.1384481213592483
0.193004384448846
0.193004384448846
0.1384481213592483
0.193004384448846
0.193004384448846
0.1384481213592483
0.193004384448846
0.193004384448846
0.1384481213592483
0.19430747809154716
0.19561057173424837
0.14519055672250372
0.20388306788995436
0.2059103932691666
0.1875996321613975
0.23431632206302833
0.2358463828554789
0.0782161920545162
0.2115123605204476
0.22049314528494157
0.22947393004943542
0.2332423402431246
0.23701075043681374
0.24077916063050284
0.24454757082419187
0.25092216830328345
0.2572967657823749
0.2572967657823749
0.2572967657823749
0.2572967657823749
0.2572967657823749
0.25428653919502614
0.2512763126076774
0.250872273305731
0.2504682340037847
0.2500641947018383
0.2599381231886295
0.2792564473032804
0.27364003343052923
0.26491928822368876
0.22719449990888724
0.22418427332153845
0.22117404673418975
0.08363707988770992
0.08062685330036115
0.0776166267130124
0.0746064001256636
0.0746064001256636
0.0746064001256636
0.0746064001256636
0.0746064001256636
0.07301275075589073
0.07141910138611786
0.0711285456590462
0.07083798993197452
0.0705474342049028
0.1595969896277819
0.15670024661530782
0.17157767579953975
0.2832743316181145
0.2822011192197442
0.2176984977784137
0.3016759476500208
0.24272854473503522
0.14163542009879407
0.1400417707290212
0.1389692007599976
0.1384481213592483
0.1384481213592483
0.1389692007599976
0.1384481213592483
0.1384481213592483
0.1389692007599976
0.1384481213592483
0.1384481213592483
0.1389692007599976
0.1384481213592483
0.1384481213592483
0.1389692007599976
0.1384481213592483
0.1384481213592483
0.1389692007599976
0.16828006252698585
0.17366082713538797
0.22873816962573496
0.20555857537225405
0.1384481213592483
0.16438765953645337
0.17366082713538797
0.17366082713538797
0.15489423964273447
0.1384481213592483
0.1384481213592483
0.1384481213592483
0.1384481213592483
0.1384481213592483
0.193004384448846
0.193004384448846
0.1384481213592483
0.193004384448846
0.193004384448846
0.1384481213592483
0.193004384448846
0.193004384448846
0.1384481213592483
0.19430747809154716
0.19561057173424837
0.14519055672250372
0.20388306788995436
0.2059103932691666
0.1875996321613975
0.23431632206302833
0.2358463828554789
0.0782161920545162
0.2115123605204476
0.22049314528494157
0.22947393004943542
0.2332423402431246
0.23701075043681374
0.24077916063050284
0.24454757082419187
0.25092216830328345
0.2572967657823749
0.2572967657823749
0.2572967657823749
0.2572967657823749
0.2572967657823749
0.25428653919502614
0.2512763126076774
0.250872273305731
0.2504682340037847
0.2500641947018383
0.2599381231886295
0.2792564473032804
0.27364003343052923
0.26491928822368876
0.22719449990888724
0.22418427332153845
0.22117404673418975
0.08363707988770992
0.08062685330036115
0.0776166267130124
0.0746064001256636
0.0746064001256636
0.0746064001256636
0.0746064001256636
0.0746064001256636
0.07301275075589073
0.07141910138611786
0.0711285456590462
0.07083798993197452
0.0705474342049028
0.1595969896277819
0.15670024661530782
0.17157767579953975
0.2832743316181145
0.2822011192197442
0.2176984977784137
0.3016759476500208
0.24272854473503522
0.14163542009879407
0.1400417707290212
0.1389692007599976
0.1384481213592483
0.1384481213592483
0.1389692007599976
0.1384481213592483
0.1384481213592483
0.1389692007599976
0.1384481213592483
0.1384481213592483
0.1389692007599976
0.1384481213592483
0.1384481213592483
0.1389692007599976
0.1384481213592483
0.1384481213592483
0.1389692007599976
0.16828006252698585
0.17366082713538797
0.22873816962573496
0.20555857537225405
0.1384481213592483
0.15166950872328996
0.15166950872328996
0.20622577181288765
0.20622577181288765
0.15166950872328996
0.20622577181288765
0.20622577181288765
0.15350153655928714
0.209889827484882
0.21172185532087914
0.15899762006727863
0.21538591099287352
0.22548240939825476
0.1997064093514099
0.2560947002770047
0.3390996138762742
0.25455957568332677
0.251196394853497
0.35321251236902385
0.3752581527150173
0.4088697241088781
0.4552065244196722
0.47789655000219405
0.5005865755847159
0.43393649001728707
0.43806817356855005
0.4421998571198131
0.4463315406710761
0.45046322422233914
0.4545949077736022
0.45872659132486515
0.4604640495151334
0.4622015077054017
0.4639273210289683
0.4304637183097986
0.4322011765000669
0.43393863469033517
0.4594404164684102
0.4726262568470113
0.4743637150372796
0.47610117322754786
0.47783863141781613
0.4778132379595455
0.4762453493088033
0.47224501919168554
0.46600771165459753
0.4632961074145871
0.4636694935595198
0.46404287970445246
0.4644162658493853
0.46302680034577914
0.46009483964970144
0.45872659132486515
0.45872659132486515
0.45872659132486515
0.45872659132486515
0.45259428886042213
0.42351388554872554
0.42541594504122976
0.4289823065896751
0.45584198048947894
0.47132773546270557
0.47489409701115093
0.47846045855959635
0.4820268201080417
0.574933292806438
0.5784996543548833
0.5811149861570766
0.5439741321945049
0.5060011272039625
0.4680281222134201
0.4300551172228779
0.4146997349792925
0.3790275639157996
0.34877626471598194
0.3179595111403472
0.3340724292937472
0.22557573902398495
0.36822726668329486
0.36651785147535226
0.22897860236557754
0.36049283377406477
0.3574803249234211
0.21994107581364628
0.35210685404348413
0.33896389649301584
0.18000644597892032
0.3145331862380513
0.30981126217946503
0.17056259786174768
0.19851210172373943
0.25088232570619995
0.24852136367690678
0.1832327479864888
0.2085867338421808
0.20622577181288762
0.15166950872328996
0.20622577181288765
0.20622577181288762
0.19609164149941125
0.2506479045890089
0.20622577181288765
0.15166950872328996
0.2080577996488848
0.209889827484882
0.1571655922312815
0.21355388315687632
0.21538591099287352
0.16266167573927307
0.21904996666486792
0.2653041272769863
0.2504278921320638
0.2646937059968032
0.3286760262540548
0.38842521814516345
0.4104708584911569
0.4325164988371503
0.4552065244196722
0.47789655000219405
0.5005865755847159
0.43393649001728707
0.43806817356855005
0.4421998571198131
0.4463315406710761
0.43476346918672615
0.4193822019974625
0.42351388554872554
0.42682905121445436
0.4622015077054017
0.46393896589566996
0.4656764240859383
0.4674138822762065
0.46915134046647483
0.4708887986567431
0.4726262568470113
0.4743637150372796
0.47610117322754786
0.47783863141781613
0.4778132379595455
0.4762453493088033
0.47224501919168554
0.46600771165459753
0.4632961074145871
0.4636694935595198
0.46404287970445246
0.4644162658493853
0.46302680034577914
0.46009483964970144
0.4510148171214594
0.42351388554872554
0.42351388554872554
0.42351388554872554
0.44883735678002895
0.45872659132486515
0.4606286508173694
0.4641950123658148
0.4677613739142602
0.47132773546270557
0.47489409701115093
0.47846045855959635
0.4820268201080417
0.574933292806438
0.5784996543548833
0.5811149861570766
0.5439741321945049
0.5060011272039625
0.44393352669741765
0.39484241144673826
0.37948702920315286
0.36413164695956746
0.38021101704716515
0.33288405201042554
0.3692851350698868
0.23540994163210638
0.36822726668329486
0.36651785147535226
0.22897860236557754
0.3604928337740648
0.35354330379322874
0.18472837003750664
0.31689414826734447
0.3145331862380513
0.18000644597892032
0.34894286353474147
0.34502396795560464
0.20577530363788735
0.20105337957930103
0.19632606261660226
0.17273410233450068
0.15639143278187626
0.15403047075258314
0.15166950872328996
0.15166950872328996
0.15166950872328996
0.15166950872328996
0.20622577181288765
0.20622577181288765
0.15166950872328996
0.20622577181288765
0.2080577996488848
0.1553335643952843
0.21172185532087914
0.21355388315687632
0.16082964790327586
0.21721793882887072
0.21904996666486792
0.16632573141126736
0.30794772396383696
0.3443285445490641
0.231852837540039
0.38842521814516345
0.4104708584911569
0.4325164988371503
0.4552065244196722
0.47789655000219405
0.4994943237468789
0.3987237842411474
0.40285546779241044
0.40698715134367347
0.4311057339133493
0.45046322422233914
0.4545949077736022
0.45872659132486515
0.4604640495151334
0.4622015077054017
0.46393896589566996
0.4656764240859383
0.4674138822762065
0.46915134046647483
0.4708887986567431
0.4726262568470113
0.4743637150372796
0.47610117322754786
0.47783863141781613
0.4778132379595455
0.4762453493088033
0.459973904669512
0.43079500587845787
0.4280834016384475
0.44089175777260275
0.46404287970445246
0.4644162658493853
0.46302680034577914
0.46009483964970144
0.45872659132486515
0.45872659132486515
0.45872659132486515
0.45872659132486515
0.45872659132486515
0.45872659132486515
0.4606286508173694
0.4641950123658148
0.4677613739142602
0.47132773546270557
0.4697650239305623
0.44324775278345674
0.4468141143319021
0.5397205870302983
0.5711532158517375
0.5811149861570766
0.5439741321945049
0.5060011272039625
0.4680281222134201
0.4300551172228779
0.4146997349792925
0.3993443527357071
0.3839889704921216
0.3418214360699532
0.3692851350698868
0.2115412549817352
0.33301456090715525
0.33130514569921266
0.19376589658943788
0.34541374173715494
0.3574803249234211
0.2199410758136463
0.35210685404348413
0.349745892014191
0.21521915175505996
0.349745892014191
0.34502396795560464
0.18473500849072963
0.1658406738031614
0.174752422612862
0.2133086579007671
0.15639143278187626
0.2085867338421808
0.20622577181288765
0.19609164149941125
0.2506479045890089
0.20622577181288765
0.19609164149941125
0.2506479045890089
0.20622577181288762
0.19609164149941125
0.26659623702423907
0.24510253326102166
0.23680043078354243
0.2862368733043271
0.21538591099287352
0.22041443766292385
0.2990204438344013
0.22088199450086504
0.25042789213206373
0.3091158387729244
0.251196394853497
0.3532125123690238
0.38677128675910777
0.4325164988371503
0.4552065244196722
0.47789655000219405
0.5005865755847159
0.5232766011672378
0.43806817356855005
0.4421998571198131
0.4463315406710761
0.45046322422233914
0.4545949077736022
0.45872659132486515
0.4604640495151334
0.4512925495344437
0.4287262601195303
0.4304637183097986
0.4322011765000669
0.4677092338377775
0.4708887986567431
0.4726262568470113
0.4743637150372796
0.47610117322754786
0.47783863141781613
0.4778132379595455
0.4762453493088033
0.47224501919168554
0.46600771165459753
0.4632961074145871
0.4636694935595198
0.46404287970445246
0.4644162658493853
0.46302680034577914
0.46009483964970144
0.45872659132486515
0.45872659132486515
0.45872659132486515
0.45872659132486515
0.4286358825070199
0.42351388554872554
0.42541594504122976
0.44091756521157294
0.4677613739142602
0.47132773546270557
0.47489409701115093
0.47846045855959635
0.4820268201080417
0.574933292806438
0.5784996543548833
0.5811149861570766
0.5439741321945049
0.5060011272039625
0.4680281222134201
0.4300551172228779
0.4146997349792925
0.364668943173183
0.34877626471598194
0.3095878583136561
0.3393010289810577
0.23540994163210638
0.36822726668329486
0.36651785147535226
0.22897860236557754
0.36049283377406477
0.3574803249234211
0.2199410758136463
0.35210685404348413
0.3261962265591864
0.18000644597892032
0.3145331862380513
0.30981126217946503
0.18182325653351275
0.20105337957930106
0.20996512838900167
0.24852136367690678
0.17682460540587025
0.2085867338421808
0.20622577181288765
0.1738805751113506
0.2506479045890089
0.20622577181288765
0.19609164149941125
0.2506479045890089
0.20622577181288762
0.19609164149941125
0.25247993242500605
0.209889827484882
0.20158772500740277
0.25797601593299757
0.21538591099287352
0.2172404783420835
0.29902044383440124
0.22088199450086504
0.25042789213206373
0.3091158387729244
0.28563984395402664
0.38842521814516345
0.4104708584911569
0.4325164988371503
0.4552065244196722
0.47789655000219405
0.5005865755847159
0.5232766011672378
0.43806817356855005
0.4421998571198131
0.4463315406710761
0.4350843289766492
0.4193822019974625
0.42351388554872554
0.42680601212551045
0.4622015077054017
0.46393896589566996
0.4656764240859383
0.4674138822762065
0.46915134046647483
0.4708887986567431
0.4726262568470113
0.4743637150372796
0.47610117322754786
0.47783863141781613
0.4778132379595455
0.4762453493088033
0.47224501919168554
0.46600771165459753
0.4632961074145871
0.4636694935595198
0.46404287970445246
0.4666332050051644
0.4654250297737986
0.4628994997443058
0.4616649194812431
0.430213458291477
0.42639118161816064
0.42768385203318693
0.4410110141450932
0.4625548008966077
0.4628591144137646
0.46607170217254096
0.4692997781506975
0.47132773546270557
0.47489409701115093
0.47846045855959635
0.4820268201080417
0.574933292806438
0.5784996543548833
0.5811149861570766
0.5439741321945049
0.5070346137965563
0.45694564602998544
0.39484241144673826
0.37948702920315286
0.36413164695956746
0.3668304091904404
0.2789490947424489
0.3692851350698868
0.23540994163210638
0.36822726668329486
0.3665178514753522
0.22897860236557754
0.3604928337740648
0.3574803249234211
0.19349401869631128
0.31689414826734447
0.3145331862380513
0.18000644597892032
0.335299786214288
0.34502396795560464
0.20577530363788735
0.20105337957930103
0.19632606261660226
0.17862755128926422
0.15639143278187626
0.15403047075258314
0.15166950872328996
0.1384481213592483
0.1384481213592483
0.1384481213592483
0.1384481213592483
0.1384481213592483
0.1384481213592483
0.1384481213592483
0.193004384448846
0.193004384448846
0.1384481213592483
0.193004384448846
0.193004384448846
0.1384481213592483
0.193004384448846
0.193004384448846
0.1384481213592483
0.22528873186649304
0.22821709022498565
0.17496392077808917
0.20570674140833906
0.19974681981210135
0.14932680480035668
0.20541312868240497
0.2069431894748555
0.23388746434724172
0.20063367707933927
0.1261025416303601
0.15695609743084998
0.22049314528494152
0.22947393004943542
0.2332423402431246
0.23701075043681374
0.24077916063050284
0.24454757082419187
0.25092216830328345
0.2572967657823749
0.2572967657823749
0.2572967657823749
0.2641438300401933
0.29250947155851453
0.2894992449711658
0.2864890183838171
0.2511994681364413
0.25295418849811496
0.25412084365021503
0.2524696061746219
0.2485523430224327
0.2413629398736578
0.23715917336829961
0.23161849883251034
0.22903994140563497
0.2271535326496748
0.08363707988770992
0.08062685330036115
0.10687777366191432
0.16551017674252205
0.0746064001256636
0.16781589902387736
0.15618711313464917
0.0746064001256636
0.16688475231721364
0.1678212661970518
0.10634125143518587
0.19605842258067974
0.16767111553994987
0.1595969896277819
0.15670024661530782
0.1538035036028337
0.15090676059035965
0.1850487831750085
0.18196471260152472
0.1448227188383398
0.14322906946856695
0.14163542009879407
0.1400417707290212
0.1384481213592483
0.1384481213592483
0.1384481213592483
0.1384481213592483
0.1384481213592483
0.1384481213592483
0.1384481213592483
0.1384481213592483
0.1384481213592483
0.16484391796556916
0.17366082713538797
0.17366082713538797
0.154438023666462
0.1384481213592483
0.1384481213592483
0.1384481213592483
0.1384481213592483
0.1384481213592483
0.1384481213592483
0.1384481213592483
0.1384481213592483
0.1384481213592483
0.1384481213592483
0.1384481213592483
0.1384481213592483
0.1384481213592483
0.1384481213592483
0.1384481213592483
0.193004384448846
0.193004384448846
0.1384481213592483
0.193004384448846
0.193004384448846
0.1384481213592483
0.193004384448846
0.193004384448846
0.1384481213592483
0.22528873186649304
0.22821709022498565
0.17496392077808917
0.20570674140833906
0.19974681981210135
0.14932680480035668
0.20541312868240497
0.2069431894748555
0.23388746434724172
0.20063367707933927
0.1261025416303601
0.15695609743084998
0.22049314528494152
0.22947393004943542
0.2332423402431246
0.23701075043681374
0.24077916063050284
0.24454757082419187
0.25092216830328345
0.2572967657823749
0.2572967657823749
0.2572967657823749
0.2641438300401933
0.29250947155851453
0.2894992449711658
0.2864890183838171
0.2511994681364413
0.25295418849811496
0.25412084365021503
0.2524696061746219
0.2485523430224327
0.2413629398736578
0.23715917336829961
0.23161849883251034
0.22903994140563497
0.2271535326496748
0.08363707988770992
0.08062685330036115
0.10687777366191432
0.16551017674252205
0.0746064001256636
0.16781589902387736
0.15618711313464917
0.0746064001256636
0.16688475231721364
0.1678212661970518
0.10634125143518587
0.19605842258067974
0.16767111553994987
0.1595969896277819
0.15670024661530782
0.1538035036028337
0.15090676059035965
0.1850487831750085
0.18196471260152472
0.1448227188383398
0.14322906946856695
0.14163542009879407
0.1400417707290212
0.1384481213592483
0.1384481213592483
0.1384481213592483
0.1384481213592483
0.1384481213592483
0.1384481213592483
0.1384481213592483
0.1384481213592483
0.1384481213592483
0.16484391796556916
0.17366082713538797
0.17366082713538797
0.154438023666462
0.1384481213592483
0.1384481213592483
0.1384481213592483
0.1384481213592483
0.1384481213592483
0.1384481213592483
0.1384481213592483
0.1384481213592483
0.15166950872328996
0.15166950872328996
0.15166950872328996
0.15166950872328996
0.15166950872328996
0.15650475536730524
0.18688221449942966
0.18871424233542677
0.19054627017142395
0.15950459492125493
0.15899762006727863
0.16082964790327586
0.16266167573927307
0.16449370357527024
0.16632573141126736
0.3049841552216614
0.3091158387729244
0.19664013176389936
0.35321251236902385
0.3987742196290299
0.4325164988371503
0.4552065244196722
0.47789655000219405
0.5005865755847159
0.5232766011672378
0.43806817356855005
0.4421998571198131
0.4463315406710761
0.45046322422233914
0.4545949077736022
0.45872659132486515
0.4604640495151334
0.4394349203502021
0.4287262601195303
0.4304637183097986
0.4427507153627513
0.46915134046647483
0.4708887986567431
0.4741368496859291
0.48007650538516133
0.48325365299861744
0.4810784313595728
0.48310937173836227
0.47990253664040794
0.4758289289900725
0.4691109749576192
0.46495314823666606
0.47307182696974726
0.47883498149859205
0.48305860692907887
0.4873642635021487
0.48759137827800175
0.49267780197223143
0.49947383586966404
0.5022559397452125
0.502864782203918
0.47532353521248855
0.46778127423945076
0.4710403629270321
0.4861619993647875
0.5172611688386655
0.5212567420331072
0.5206662600762737
0.5210375500944721
0.5177750101493891
0.60336950205109
0.5971475435211322
0.5920445122767961
0.545254271445803
0.5066015845478179
0.4680281222134201
0.4300551172228779
0.4146997349792925
0.37014109808431844
0.34877626471598194
0.19889414221326554
0.19954568903461609
0.2353335745881191
0.2337005264241638
0.23199111121622124
0.22897860236557754
0.2259660935149338
0.22295358466429005
0.21994107581364628
0.21758011378435307
0.28722941800800145
0.27011105346193004
0.18000644597892032
0.2653891294033437
0.2661634726562873
0.20105337957930106
0.19632606261660224
0.1939651005873091
0.17951235402685053
0.15403047075258314
0.15166950872328996
0.15166950872328996
0.15390171241403133
0.15166950872328996
0.15166950872328996
0.15390171241403133
0.15166950872328996
0.15166950872328996
0.15573374025002848
0.1553335643952843
0.1571655922312815
0.16122982375801995
0.16082964790327586
0.16266167573927307
0.16672590726601155
0.16632573141126736
0.3049841552216614
0.31134804246366576
0.2305307280339841
0.38842521814516345
0.41270306218189823
0.4325164988371503
0.4552065244196722
0.48012875369293534
0.5005865755847159
0.5232766011672378
0.4403003772592914
0.4421998571198131
0.4463315406710761
0.44196912041649405
0.4193822019974625
0.42351388554872554
0.42748354742973516
0.459509580007996
0.46393896589566996
0.4679086277766796
0.47191192217921574
0.4771548242283128
0.48018369334303357
0.4765456966425784
0.4809505467541783
0.4803012651801326
0.4820812134738948
0.48120513821921446
0.4801403268602126
0.4802148744276282
0.47307654987105896
0.4728029746887789
0.47869614005582634
0.4887390748460313
0.5007340055699429
0.5097897570604633
0.5179435734909966
0.5204840100137015
0.5074383354033285
0.4909884882103978
0.4924143867518878
0.4900576393058966
0.5210039122622215
0.5191239976996849
0.5169369199955789
0.5196709586667909
0.5222312939421754
0.5226274286567587
0.5223624249664804
0.5183823084306526
0.6047166878940705
0.5983908746044589
0.5904156666655916
0.5439741321945049
0.5065828731708149
0.4680281222134201
0.4018570422431183
0.37948702920315286
0.36413164695956746
0.34877626471598194
0.23389785614740627
0.23475839481075578
0.23540994163210638
0.2337005264241638
0.23199111121622124
0.22897860236557754
0.2259660935149338
0.22295358466429005
0.26558750079720317
0.23692367109781112
0.18000644597892032
0.23456270906851798
0.23628169283419415
0.222346675827611
0.29587991112089707
0.2556096426688987
0.19632606261660224
0.18694146999236172
0.15639143278187626
0.15403047075258314
0.15166950872328996
0.15166950872328996
0.15166950872328996
0.15166950872328996
0.15166950872328996
0.15166950872328996
0.15166950872328996
0.15166950872328996
0.15350153655928714
0.1553335643952843
0.1571655922312815
0.15899762006727863
0.16082964790327586
0.16266167573927307
0.16449370357527024
0.16632573141126736
0.3049841552216614
0.33308739344674554
0.231852837540039
0.38842521814516345
0.4104708584911569
0.4325164988371503
0.4552065244196722
0.47789655000219405
0.5005865755847159
0.5232766011672378
0.42798140980381577
0.40698715134367347
0.41111883489493645
0.4152505184461995
0.4503871382485854
0.45872659132486515
0.4604640495151334
0.4622015077054017
0.46393896589566996
0.4656764240859383
0.4693776410620429
0.472889660809227
0.47429364432313253
0.47618842053345195
0.48003622354428405
0.48150059973712916
0.4809692658319998
0.4828435817817719
0.4797042935599443
0.4743447628247651
0.4702848510754635
0.46600680367972475
0.46756472517615255
0.4697742480768165
0.4752576767748749
0.4510514944594317
0.4411544499035949
0.4470461448254857
0.47096531387069096
0.49561806041833867
0.4999065990225455
0.5034026391541782
0.5053455646244468
0.5083224409412576
0.5123615072488006
0.5134797422906479
0.5133394215007462
0.5124816718912384
0.5110213125369392
0.5094222724203715
0.5968828912239906
0.5921619938156142
0.5770196716253656
0.5087614264183652
0.47140788740456985
0.4328154164372805
0.4193839228655986
0.4146997349792925
0.3993443527357071
0.3839889704921216
0.2341068479894052
0.23475839481075578
0.23540994163210638
0.28825678951376155
0.3220957186992309
0.24892660873796066
0.2453096508283918
0.2778454863711601
0.22027671443091867
0.2506763395353943
0.3053237592380697
0.25076749614847205
0.2697754148446576
0.30060183517948336
0.24132364803129935
0.20105337957930103
0.17689873992668503
0.15875239481116943
0.15639143278187626
0.15403047075258314
0.15166950872328996
0.1531107823265248
0.15410768047237883
0.15166950872328996
0.1531107823265248
0.15410768047237883
0.15166950872328996
0.1531107823265248
0.155939708308376
0.1553335643952843
0.1586068658345163
0.16143579181636747
0.16082964790327586
0.16410294934250785
0.16693187532435907
0.16748563840193928
0.34163813460103587
0.3467667162981529
0.231852837540039
0.38986649174839827
0.4129090302402457
0.41876859192832655
0.4214350922467674
0.4451220159751432
0.46537386980857626
0.5169608353393637
0.4405063453176389
0.4421998571198131
0.4477728142743109
0.452901395971428
0.4545949077736022
0.46016786492809997
0.46290222126422226
0.4622015077054017
0.4653802394989048
0.4681145958350271
0.4715842143780172
0.4758625455395591
0.4762811286417248
0.4776326266358751
0.4742645535195732
0.44365081626063446
0.4457174905002993
0.44783421201264056
0.478065264475591
0.4745320149952655
0.4683602042367281
0.4650975440895698
0.4636694935595198
0.4726978687241935
0.48931244848767763
0.5012752018742969
0.5100562756654647
0.5102135455528717
0.510140347003528
0.5082192313473103
0.5069718674577688
0.5058153109808929
0.5041932231747417
0.5031629608982101
0.5032980353919071
0.5112836710241851
0.4912163620215341
0.48978876416056066
0.4945503384438973
0.49760328486793676
0.5938993257578734
0.579390082854454
0.5817170999178445
0.5439741321945049
0.5065220573162722
0.4680281222134201
0.4300551172228779
0.4146997349792925
0.3993443527357071
0.3839889704921216
0.2341068479894052
0.21855919178816907
0.25475349894556437
0.288592428131034
0.2323267498334936
0.2624745146530548
0.31607070099794354
0.25850192905770203
0.27449733890324396
0.35210685404348413
0.29518962892459333
0.2697754148446576
0.349745892014191
0.28063121472827174
0.22511886095134534
0.22039693689275902
0.1611133568404626
0.15875239481116943
0.15639143278187626
0.15403047075258314
0.15166950872328996
0.15166950872328996
0.15166950872328996
0.15166950872328996
0.15166950872328996
0.16542150794007013
0.18688221449942966
0.18688221449942966
0.236691630924202
0.209889827484882
0.1571655922312815
0.21355388315687632
0.21538591099287352
0.16266167573927307
0.21904996666486792
0.22088199450086504
0.25042789213206373
0.3091158387729244
0.251196394853497
0.35321251236902385
0.4073959911557489
0.4325164988371503
0.4552065244196722
0.47789655000219405
0.5005865755847159
0.5232766011672378
0.43806817356855005
0.4421998571198131
0.4463315406710761
0.45046322422233914
0.4545949077736022
0.45872659132486515
0.4604640495151334
0.43222897225959883
0.4287262601195303
0.4304637183097986
0.4502067033530015
0.46915134046647483
0.4708887986567431
0.4726262568470113
0.4743637150372796
0.47610117322754786
0.47783863141781613
0.4778132379595455
0.4762453493088033
0.47224501919168554
0.46600771165459753
0.4632961074145871
0.4636694935595198
0.46404287970445246
0.4644162658493853
0.46302680034577914
0.46009483964970144
0.45872659132486515
0.45872659132486515
0.45872659132486515
0.45872659132486515
0.4366458776596843
0.42351388554872554
0.42541594504122976
0.4337566476717849
0.4677613739142602
0.47132773546270557
0.47489409701115093
0.47846045855959635
0.4820268201080417
0.574933292806438
0.5784996543548833
0.5811149861570766
0.5439741321945049
0.5060011272039625
0.4680281222134201
0.4300551172228779
0.4146997349792925
0.37841735226629797
0.34877626471598194
0.3095878583136561
0.3340724292937472
0.22702834942210354
0.36822726668329486
0.36651785147535226
0.22897860236557754
0.36049283377406477
0.3574803249234211
0.21994107581364628
0.35210685404348413
0.33998352045357233
0.18000644597892032
0.3145331862380513
0.30981126217946503
0.17056259786174768
0.19768065486744618
0.20996512838900167
0.24852136367690678
0.18363233342397697
0.2085867338421808
0.20622577181288765
0.1384481213592483
0.193004384448846
0.193004384448846
0.1384481213592483
0.193004384448846
0.193004384448846
0.16383219723131762
0.23742651722496724
0.193004384448846
0.1828702541353696
0.23742651722496727
0.193004384448846
0.1828702541353696
0.23742651722496724
0.193004384448846
0.1828702541353696
0.23742651722496727
0.2179166269015539
0.21938605355421043
0.28413249638486227
0.25275958974978463
0.193748937576478
0.2853836058519383
0.24249153386826755
0.1983391199538297
0.20063367707933927
0.1616508860237722
0.12140775303743793
0.22049314528494152
0.22947393004943542
0.2332423402431246
0.23701075043681374
0.24077916063050284
0.24454757082419187
0.25092216830328345
0.2572967657823749
0.2572967657823749
0.2572967657823749
0.2572967657823749
0.2572967657823749
0.28897866441388814
0.2864890183838171
0.28608497908187064
0.25816319550897376
0.2500641947018383
0.24966015539989186
0.2440437415271408
0.23842732765438956
0.23281091378163848
0.22719449990888724
0.22418427332153845
0.22117404673418975
0.20016889472792743
0.21515359355949215
0.0776166267130124
0.20913314038479455
0.20913314038479464
0.0746064001256636
0.20913314038479464
0.20913314038479464
0.07301275075589073
0.20594584164524887
0.22225631020601533
0.10605069570811418
0.2402868802401735
0.32725667093020805
0.15670024661530782
0.2883302438619647
0.2854335008494907
0.14801001757788557
0.2809431084672437
0.27934945909747083
0.14322906946856695
0.14163542009879407
0.1400417707290212
0.1384481213592483
0.1384481213592483
0.16572625290404716
0.193004384448846
0.1384481213592483
0.193004384448846
0.193004384448846
0.1384481213592483
0.193004384448846
0.193004384448846
0.15746882367894696
0.22821709022498562
0.22821709022498565
0.16180854057889635
0.193004384448846
0.193004384448846
0.1384481213592483
0.193004384448846
0.193004384448846
0.1828702541353696
0.23742651722496727
0.1384481213592483
0.193004384448846
0.193004384448846
0.1384481213592483
0.193004384448846
0.193004384448846
0.16383219723131762
0.23742651722496724
0.193004384448846
0.1828702541353696
0.23742651722496727
0.193004384448846
0.1828702541353696
0.23742651722496724
0.193004384448846
0.1828702541353696
0.23742651722496727
0.2179166269015539
0.21938605355421043
0.28413249638486227
0.25275958974978463
0.193748937576478
0.2853836058519383
0.24249153386826755
0.1983391199538297
0.20063367707933927
0.1616508860237722
0.12140775303743793
0.22049314528494152
0.22947393004943542
0.2332423402431246
0.23701075043681374
0.24077916063050284
0.24454757082419187
0.25092216830328345
0.2572967657823749
0.2572967657823749
0.2572967657823749
0.2572967657823749
0.2572967657823749
0.28897866441388814
0.2864890183838171
0.28608497908187064
0.25816319550897376
0.2500641947018383
0.24966015539989186
0.2440437415271408
0.23842732765438956
0.23281091378163848
0.22719449990888724
0.22418427332153845
0.22117404673418975
0.20016889472792743
0.21515359355949215
0.0776166267130124
0.20913314038479455
0.20913314038479464
0.0746064001256636
0.20913314038479464
0.20913314038479464
0.07301275075589073
0.20594584164524887
0.22225631020601533
0.10605069570811418
0.2402868802401735
0.32725667093020805
0.15670024661530782
0.2883302438619647
0.2854335008494907
0.14801001757788557
0.2809431084672437
0.27934945909747083
0.14322906946856695
0.14163542009879407
0.1400417707290212
0.1384481213592483
0.1384481213592483
0.16572625290404716
0.193004384448846
0.1384481213592483
0.193004384448846
0.193004384448846
0.1384481213592483
0.193004384448846
0.193004384448846
0.15746882367894696
0.22821709022498562
0.22821709022498565
0.16180854057889635
0.193004384448846
0.193004384448846
0.1384481213592483
0.193004384448846
0.193004384448846
0.1828702541353696
0.23742651722496727
0.20622577181288765
0.20622577181288765
0.15166950872328996
0.20622577181288765
0.2506479045890089
0.19609164149941125
0.20622577181288765
0.26294657455373255
0.23496840294754529
0.24693456109701883
0.22325789603728022
0.20525178067939714
0.26164007160499203
0.21904996666486792
0.18853679779932803
0.3049841552216614
0.26469370599680314
0.2410622645400206
0.3532125123690238
0.39059252955005846
0.4325164988371503
0.4552065244196722
0.47789655000219405
0.5005865755847159
0.5232766011672378
0.43806817356855005
0.4421998571198131
0.4463315406710761
0.45046322422233914
0.4545949077736022
0.45872659132486515
0.4604640495151334
0.4620667528511728
0.4287262601195303
0.4304637183097986
0.4322011765000669
0.4583900808950956
0.4708887986567431
0.4726262568470113
0.4743637150372796
0.47610117322754786
0.47783863141781613
0.4778132379595455
0.4762453493088033
0.47224501919168554
0.46600771165459753
0.4632961074145871
0.4636694935595198
0.46404287970445246
0.4644162658493853
0.46302680034577914
0.46009483964970144
0.45872659132486515
0.45872659132486515
0.45872659132486515
0.45872659132486515
0.45872659132486515
0.4301988095253182
0.42541594504122976
0.4289823065896751
0.44459962932144803
0.47132773546270557
0.47489409701115093
0.47846045855959635
0.4820268201080417
0.574933292806438
0.5784996543548833
0.5811149861570766
0.5439741321945049
0.5060011272039625
0.4680281222134201
0.4300551172228779
0.4146997349792925
0.3993443527357071
0.35090340517877533
0.3027784228397302
0.3340724292937472
0.20310937942611706
0.36822726668329486
0.36651785147535226
0.22897860236557754
0.3604928337740648
0.3574803249234211
0.21994107581364628
0.35210685404348413
0.349745892014191
0.1921050357787766
0.3145331862380513
0.30981126217946503
0.17056259786174768
0.1741988573021368
0.19632606261660224
0.1939651005873091
0.19160413855801592
0.1844851030020842
0.20622577181288765
0.15166950872328996
0.20622577181288765
0.20622577181288765
0.15166950872328996
0.20622577181288765
0.20622577181288762
0.15166950872328996
0.2080577996488848
0.209889827484882
0.1571655922312815
0.21355388315687632
0.21538591099287352
0.16266167573927307
0.21904996666486792
0.22088199450086504
0.25042789213206373
0.3091158387729244
0.2817861497229333
0.38842521814516345
0.4104708584911569
0.4325164988371503
0.4552065244196722
0.47789655000219405
0.5005865755847159
0.5232766011672378
0.43806817356855005
0.4421998571198131
0.4463315406710761
0.45046322422233914
0.42250586876668006
0.42351388554872554
0.42525134373899376
0.4463635420735583
0.46393896589566996
0.4656764240859383
0.4674138822762065
0.46915134046647483
0.4708887986567431
0.4726262568470113
0.4743637150372796
0.47610117322754786
0.47783863141781613
0.4778132379595455
0.4762453493088033
0.47224501919168554
0.46600771165459753
0.4632961074145871
0.4636694935595198
0.46404287970445246
0.4644162658493853
0.46302680034577914
0.46009483964970144
0.45872659132486515
0.45872659132486515
0.43960778314677296
0.42351388554872554
0.42351388554872554
0.4251969969065352
0.4606286508173694
0.4641950123658148
0.4677613739142602
0.47132773546270557
0.47489409701115093
0.47846045855959635
0.4820268201080417
0.574933292806438
0.5784996543548833
0.5811149861570766
0.5439741321945049
0.5060011272039625
0.4680281222134201
0.4300551172228779
0.38414591507618906
0.36413164695956746
0.34877626471598194
0.30921521378174527
0.3692851350698868
0.23540994163210638
0.36822726668329486
0.36651785147535226
0.22897860236557754
0.36049283377406477
0.3574803249234211
0.21994107581364628
0.3380249853717237
0.3145331862380513
0.18000644597892032
0.3145331862380513
0.314169340551824
0.20577530363788735
0.20711518658925634
0.25088232570619995
0.1939651005873091
0.21844714216445704
0.2085867338421808
0.17705358459535928
0.2506479045890089
0.20622577181288765
0.19609164149941125
0.2506479045890089
0.20622577181288762
0.19609164149941125
0.2506479045890089
0.2080577996488848
0.20370551321511807
0.2916923324904125
0.21355388315687632
0.24080012507280918
0.29718841599840407
0.21904996666486792
0.2462962085808007
0.3049841552216614
0.23858369264853385
0.31182331470957236
0.38842521814516345
0.4104708584911569
0.4325164988371503
0.4552065244196722
0.47789655000219405
0.5005865755847159
0.5232766011672378
0.43806817356855005
0.4421998571198131
0.4339939138590437
0.4152505184461995
0.4193822019974625
0.42351388554872554
0.46012381827528
0.4622015077054017
0.46393896589566996
0.4656764240859383
0.4674138822762065
0.46915134046647483
0.4708887986567431
0.4726262568470113
0.4743637150372796
0.47610117322754786
0.47783863141781613
0.4778132379595455
0.4762453493088033
0.47224501919168554
0.46600771165459753
0.4632961074145871
0.4636694935595198
0.46404287970445246
0.4644162658493853
0.46302680034577914
0.46009483964970144
0.45872659132486515
0.4371646031481428
0.42351388554872554
0.42351388554872554
0.428192383608689
0.45872659132486515
0.4606286508173694
0.4641950123658148
0.4677613739142602
0.47132773546270557
0.47489409701115093
0.47846045855959635
0.4820268201080417
0.574933292806438
0.5784996543548833
0.5811149861570766
0.5439741321945049
0.5060011272039625
0.4680281222134201
0.407224445000833
0.37948702920315286
0.36413164695956746
0.34877626471598194
0.32789829209357313
0.3692851350698868
0.23540994163210638
0.36822726668329486
0.36651785147535226
0.22897860236557754
0.3604928337740648
0.3574803249234211
0.21759497299815475
0.31689414826734447
0.3145331862380513
0.18000644597892032
0.3145331862380513
0.3398297232100446
0.20577530363788735
0.20105337957930103
0.19632606261660226
0.1900249569247551
0.15639143278187626
0.15403047075258314
0.15166950872328996
0.1789476402680888
0.20622577181288765
0.15166950872328996
0.20622577181288765
0.20622577181288762
0.15166950872328996
0.20622577181288765
0.2080577996488848
0.1553335643952843
0.21172185532087914
0.21355388315687632
0.16082964790327586
0.21721793882887072
0.21904996666486792
0.16632573141126736
0.3049841552216614
0.3299980621654981
0.23185283754003902
0.38842521814516345
0.4104708584911569
0.4325164988371503
0.4552065244196722
0.47789655000219405
0.5005865755847159
0.5232766011672378
0.43806817356855005
0.4152379597786592
0.41111883489493645
0.4152505184461995
0.43318151579643255
0.45872659132486515
0.4604640495151334
0.4622015077054017
0.46393896589566996
0.4656764240859383
0.4674138822762065
0.46915134046647483
0.4708887986567431
0.4726262568470113
0.4743637150372796
0.47610117322754786
0.47783863141781613
0.4778132379595455
0.4762453493088033
0.47224501919168554
0.46600771165459753
0.46577011919865
0.4673624081465666
0.46640974778243555
0.469427391820553
0.4669158613027637
0.464091443815196
0.43285049815511034
0.42763945673770837
0.4326288900377869
0.44707247384675364
0.4683810608959192
0.4681307359691109
0.46839085421415
0.46989500455116273
0.47139784975081445
0.47132773546270557
0.47489409701115093
0.47846045855959635
0.4820268201080417
0.574933292806438
0.5784996543548833
0.5811149861570766
0.5439741321945049
0.5068879632071662
0.4455632945391572
0.39484241144673826
0.37948702920315286
0.36413164695956746
0.37970772902763694
0.30137021811897075
0.36928513506988675
0.23540994163210638
0.36822726668329486
0.36651785147535226
0.22897860236557754
0.3604928337740648
0.3574803249234211
0.18579601262281553
0.31689414826734447
0.3145331862380513
0.18000644597892032
0.3443292411809868
0.34502396795560464
0.20577530363788735
0.20105337957930103
0.19632606261660224
0.17487710056496578
0.15639143278187626
0.15403047075258314
0.15166950872328996
0.15166950872328996
0.15166950872328996
0.15166950872328996
0.15166950872328996
0.15166950872328996
0.15166950872328996
0.15166950872328996
0.15350153655928714
0.1553335643952843
0.1571655922312815
0.15899762006727863
0.16082964790327586
0.16266167573927307
0.16449370357527024
0.16632573141126736
0.3058075691554317
0.3443285445490641
0.23185283754003902
0.38842521814516345
0.4104708584911569
0.4325164988371503
0.4552065244196722
0.47789655000219405
0.5005865755847159
0.5020067703274018
0.4921955789423612
0.40698715134367347
0.41789803353183647
0.45046322422233914
0.4545949077736022
0.45872659132486515
0.4604640495151334
0.4622015077054017
0.46393896589566996
0.4656764240859383
0.4674138822762065
0.46915134046647483
0.4708887986567431
0.4726262568470113
0.4743637150372796
0.47610117322754786
0.47783863141781613
0.4778132379595455
0.4762453493088033
0.47224501919168554
0.46600771165459753
0.4632961074145871
0.4636694935595198
0.46797168097894976
0.4578109566823345
0.4327446349792198
0.4290068709543887
0.43465732269115087
0.46094387894243666
0.45872659132486515
0.45872659132486515
0.45872659132486515
0.45872659132486515
0.4606286508173694
0.4641950123658148
0.4677613739142602
0.47132773546270557
0.47489409701115093
0.47846045855959635
0.4820268201080417
0.574933292806438
0.5784996543548833
0.5613128822575582
0.5087614264183652
0.47078842142782285
0.4373749606975971
0.4300551172228779
0.4146997349792925
0.3993443527357071
0.3839889704921216
0.2341068479894052
0.27030673920416776
0.3204474839583779
0.33267892228988283
0.26753945560963327
0.33900607717484865
0.2897317836045131
0.22328922328156242
0.31925511029663767
0.30437825109086786
0.25076749614847205
0.349745892014191
0.3141975476207789
0.2460455720898857
0.3403020438970184
0.30003177544501997
0.173754720691642
0.15875239481116943
0.15639143278187626
0.15403047075258314
0.15166950872328996
0.1384481213592483
0.1384481213592483
0.1384481213592483
0.1384481213592483
0.1384481213592483
0.1384481213592483
0.1384481213592483
0.1384481213592483
0.1384481213592483
0.1384481213592483
0.1384481213592483
0.1384481213592483
0.1384481213592483
0.1384481213592483
0.1427551539534034
0.17366082713538797
0.17366082713538797
0.17366082713538797
0.14261844056863027
0.14105430864465068
0.14519055672250372
0.14932680480035668
0.15085686559280728
0.15238692638525783
0.2884437274368394
0.28997378822929
0.07154627854076245
0.2115123605204476
0.22049314528494157
0.22947393004943542
0.2332423402431246
0.23701075043681374
0.24077916063050284
0.24454757082419187
0.25092216830328345
0.2572967657823749
0.2572967657823749
0.2713758790284187
0.29250947155851453
0.29250947155851453
0.28259321882188665
0.2512763126076774
0.250872273305731
0.2504682340037847
0.2500641947018383
0.24966015539989186
0.2440437415271408
0.23842732765438956
0.23281091378163848
0.22719449990888724
0.22418427332153845
0.22117404673418975
0.15090045001727542
0.21515359355949215
0.0776166267130124
0.20913314038479464
0.20913314038479464
0.0746064001256636
0.20913314038479464
0.20913314038479464
0.09686337935164173
0.24115854742138854
0.24086799169431683
0.08936856725789434
0.2050741744640338
0.2941237298869129
0.15670024661530782
0.2883302438619647
0.2854335008494907
0.14801001757788557
0.28094310846724363
0.27934945909747083
0.14322906946856695
0.14163542009879407
0.1400417707290212
0.1384481213592483
0.1384481213592483
0.1384481213592483
0.1384481213592483
0.1384481213592483
0.1384481213592483
0.1384481213592483
0.1384481213592483
0.17207370569121194
0.17366082713538797
0.22821709022498562
0.20176337801156316
0.1384481213592483
0.193004384448846
0.193004384448846
0.1384481213592483
0.193004384448846
0.193004384448846
0.1384481213592483
0.193004384448846
0.193004384448846
0.1384481213592483
0.1384481213592483
0.1384481213592483
0.1384481213592483
0.1384481213592483
0.1384481213592483
0.1384481213592483
0.1384481213592483
0.1384481213592483
0.1384481213592483
0.1384481213592483
0.1384481213592483
0.1384481213592483
0.1384481213592483
0.1427551539534034
0.17366082713538797
0.17366082713538797
0.17366082713538797
0.14261844056863027
0.14105430864465068
0.14519055672250372
0.14932680480035668
0.15085686559280728
0.15238692638525783
0.2884437274368394
0.28997378822929
0.07154627854076245
0.2115123605204476
0.22049314528494157
0.22947393004943542
0.2332423402431246
0.23701075043681374
0.24077916063050284
0.24454757082419187
0.25092216830328345
0.2572967657823749
0.2572967657823749
0.2713758790284187
0.29250947155851453
0.29250947155851453
0.28259321882188665
0.2512763126076774
0.250872273305731
0.2504682340037847
0.2500641947018383
0.24966015539989186
0.2440437415271408
0.23842732765438956
0.23281091378163848
0.22719449990888724
0.22418427332153845
0.22117404673418975
0.15090045001727542
0.21515359355949215
0.0776166267130124
0.20913314038479464
0.20913314038479464
0.0746064001256636
0.20913314038479464
0.20913314038479464
0.09686337935164173
0.24115854742138854
0.24086799169431683
0.08936856725789434
0.2050741744640338
0.2941237298869129
0.15670024661530782
0.2883302438619647
0.2854335008494907
0.14801001757788557
0.28094310846724363
0.27934945909747083
0.14322906946856695
0.14163542009879407
0.1400417707290212
0.1384481213592483
0.1384481213592483
0.1384481213592483
0.1384481213592483
0.1384481213592483
0.1384481213592483
0.1384481213592483
0.1384481213592483
0.17207370569121194
0.17366082713538797
0.22821709022498562
0.20176337801156316
0.1384481213592483
0.193004384448846
0.193004384448846
0.1384481213592483
0.193004384448846
0.193004384448846
0.1384481213592483
0.193004384448846
0.193004384448846
0.15166950872328996
0.15166950872328996
0.20622577181288765
0.20622577181288765
0.16374433875367908
0.21416034604422846
0.2414384775890273
0.18380846605577164
0.1553335643952843
0.21172185532087914
0.21355388315687632
0.16082964790327586
0.21721793882887072
0.21904996666486792
0.16632573141126736
0.3049841552216614
0.3091158387729244
0.19664013176389936
0.35321251236902385
0.40721522387379583
0.4325164988371503
0.4552065244196722
0.47789655000219405
0.5005865755847159
0.5232766011672378
0.5274082847185009
0.4421998571198131
0.4463315406710761
0.45046322422233914
0.4545949077736022
0.45872659132486515
0.4604640495151334
0.44789765727203446
0.4287262601195303
0.4304637183097986
0.43593360246980933
0.46915134046647483
0.4708887986567431
0.4726262568470113
0.4761995731089962
0.47610117322754786
0.48008899002358474
0.4778132379595455
0.47850851009817696
0.47224501919168554
0.46904839427761585
0.4658232098412143
0.4697982550554115
0.47112420826547424
0.47006119016894254
0.4658590328845552
0.46609927165280257
0.46104056891270434
0.46431828045272067
0.4648423556777973
0.4700202072919304
0.4725709034900992
0.4574769261230266
0.4429579999910953
0.4497468447426023
0.45592450916974975
0.4950957056313559
0.49775631985045804
0.4996696146597793
0.5016227152287074
0.5926355912692597
0.5918849064128167
0.5904627241666236
0.5439741321945049
0.5065550936186749
0.4680281222134201
0.4300551172228779
0.4146997349792925
0.3993443527357071
0.3654994057895524
0.19889414221326554
0.21731986123132213
0.28016771302550003
0.26596692472655553
0.24976528341292725
0.33622721107990977
0.32494448938065273
0.2585019290577021
0.35446781607277733
0.31655850965007204
0.25076749614847205
0.3415042557264338
0.27898484184463923
0.21083286631374604
0.30508933812087874
0.2648190696688803
0.16494302719260867
0.1939651005873091
0.19160413855801592
0.18924317652872277
0.15500967141097294
0.15166950872328996
0.15166950872328996
0.15166950872328996
0.15166950872328996
0.15166950872328996
0.15166950872328996
0.15166950872328996
0.15350153655928714
0.1553335643952843
0.1571655922312815
0.15899762006727863
0.16082964790327586
0.16266167573927307
0.16449370357527024
0.16632573141126736
0.3049841552216614
0.3091158387729244
0.21997836234119092
0.38842521814516345
0.4104708584911569
0.4325164988371503
0.4552065244196722
0.47789655000219405
0.5005865755847159
0.5232766011672378
0.5274082847185009
0.4421998571198131
0.4463315406710761
0.45046322422233914
0.4435088043398798
0.42351388554872554
0.42525134373899376
0.4269888019292621
0.4630239005645967
0.4656764240859383
0.4674138822762065
0.46915134046647483
0.4708887986567431
0.4777109918722902
0.47872027910664505
0.4798320728278924
0.4799239600203712
0.4797321748013156
0.4762453493088033
0.47224501919168554
0.46600771165459753
0.4632961074145871
0.4636694935595198
0.46404287970445246
0.4644162658493853
0.46302680034577914
0.46009483964970144
0.45872659132486515
0.45872659132486515
0.45872659132486515
0.44212710684193357
0.42351388554872554
0.42351388554872554
0.42541594504122976
0.46416537573297134
0.4677613739142602
0.47132773546270557
0.47489409701115093
0.47846045855959635
0.4820268201080417
0.574933292806438
0.5784996543548833
0.5811149861570766
0.5439741321945049
0.5060011272039625
0.4680281222134201
0.4300551172228779
0.4146997349792925
0.3690860965367915
0.34877626471598194
0.27961018636874413
0.33620568950950863
0.23540994163210638
0.36822726668329486
0.36651785147535226
0.22897860236557754
0.3604928337740648
0.3574803249234211
0.21994107581364628
0.3521068540434842
0.3331483261211491
0.18000644597892032
0.3145331862380513
0.30981126217946503
0.17486072422828056
0.20105337957930103
0.19632606261660226
0.1939651005873091
0.1800756499313284
0.15403047075258314
0.15166950872328996
0.15166950872328996
0.15166950872328996
0.15166950872328996
0.15166950872328996
0.15166950872328996
0.15166950872328996
0.15166950872328996
0.15350153655928714
0.209889827484882
0.21172185532087914
0.15899762006727863
0.16082964790327586
0.21721793882887072
0.21904996666486792
0.16632573141126736
0.3049841552216614
0.3091158387729244
0.23041176546471498
0.38842521814516345
0.4104708584911569
0.4325164988371503
0.4552065244196722
0.47789655000219405
0.5005865755847159
0.5232766011672378
0.5274082847185009
0.4421998571198131
0.4463315406710761
0.45046322422233914
0.4253985584845897
0.42351388554872554
0.42525134373899376
0.4442922790404787
0.46393896589566996
0.4656764240859383
0.4674138822762065
0.46915134046647483
0.4708887986567431
0.4726262568470113
0.4743637150372796
0.47610117322754786
0.47783863141781613
0.4778132379595455
0.4762453493088033
0.47224501919168554
0.46600771165459753
0.4632961074145871
0.4636694935595198
0.46404287970445246
0.4644162658493853
0.46302680034577914
0.46009483964970144
0.45872659132486515
0.45872659132486515
0.45872659132486515
0.4315168540321977
0.42351388554872554
0.42351388554872554
0.43604325701390834
0.4641950123658148
0.4677613739142602
0.47132773546270557
0.47489409701115093
0.47846045855959635
0.4820268201080417
0.574933292806438
0.5784996543548833
0.5811149861570766
0.5439741321945049
0.5060011272039625
0.4680281222134201
0.4300551172228779
0.41305093367080603
0.36413164695956746
0.34877626471598194
0.3027784228397302
0.34304036472770655
0.23540994163210638
0.36822726668329486
0.36651785147535226
0.22897860236557754
0.36049283377406477
0.3574803249234211
0.2199410758136463
0.35210685404348413
0.32752933643149174
0.18000644597892032
0.3145331862380513
0.30981126217946503
0.18095217204848066
0.20105337957930103
0.19632606261660224
0.1939651005873091
0.21363128986005153
0.2085867338421808
0.15166950872328996
0.20622577181288765
0.20622577181288762
0.15166950872328996
0.20622577181288765
0.20622577181288765
0.15166950872328996
0.20622577181288765
0.2080577996488848
0.1553335643952843
0.21172185532087914
0.21355388315687632
0.16082964790327586
0.21721793882887072
0.21904996666486792
0.16632573141126736
0.30498415522166133
0.3091158387729244
0.23098430603773074
0.38842521814516345
0.4104708584911569
0.4325164988371503
0.4552065244196722
0.47789655000219405
0.5005865755847159
0.5232766011672378
0.5274082847185009
0.4421998571198131
0.4463315406710761
0.45046322422233914
0.4256507274615218
0.42351388554872554
0.42525134373899376
0.4441407324506101
0.46393896589566996
0.4656764240859383
0.4674138822762065
0.46915134046647483
0.4708887986567431
0.4726262568470113
0.4743637150372796
0.47610117322754786
0.47783863141781613
0.4778132379595455
0.4762453493088033
0.47224501919168554
0.46600771165459753
0.4632961074145871
0.4636694935595198
0.46404287970445246
0.4644162658493853
0.46302680034577914
0.46009483964970144
0.45872659132486515
0.45872659132486515
0.45872659132486515
0.43489489412499643
0.42351388554872554
0.42351388554872554
0.43277535397196587
0.4641950123658148
0.4677613739142602
0.47132773546270557
0.47489409701115093
0.47846045855959635
0.4820268201080417
0.574933292806438
0.5784996543548833
0.5811149861570766
0.5439741321945049
0.5060011272039625
0.4680281222134201
0.4300551172228779
0.4146997349792925
0.3660700750604824
0.34877626471598194
0.29767134623428587
0.33944403058954575
0.23540994163210638
0.36822726668329486
0.36651785147535226
0.22897860236557754
0.3604928337740648
0.3574803249234211
0.21994107581364628
0.35210685404348413
0.33084121663505467
0.18000644597892032
0.3145331862380513
0.30981126217946503
0.17740600534148718
0.20105337957930103
0.19632606261660226
0.1939651005873091
0.17890081172797417
0.15403047075258314
0.15166950872328996
0.15166950872328996
0.15166950872328996
0.20622577181288765
0.20622577181288765
0.15166950872328996
0.20622577181288765
0.20622577181288765
0.15350153655928714
0.209889827484882
0.21172185532087912
0.15899762006727863
0.21538591099287352
0.21721793882887072
0.16449370357527024
0.22088199450086504
0.3049841552216614
0.25455957568332677
0.28519951695011986
0.3884252181451635
0.4104708584911569
0.4325164988371503
0.4552065244196722
0.47789655000219405
0.5005865755847159
0.5232766011672378
0.5274082847185009
0.4421998571198131
0.4463315406710761
0.45046322422233914
0.42739858065132513
0.42351388554872554
0.42525134373899376
0.44249548872951333
0.46393896589566996
0.4656764240859383
0.4674138822762065
0.46915134046647483
0.4708887986567431
0.4726262568470113
0.4743637150372796
0.47610117322754786
0.47783863141781613
0.4778132379595455
0.4762453493088033
0.47224501919168554
0.46600771165459753
0.4632961074145871
0.4636694935595198
0.46404287970445246
0.4644162658493853
0.46302680034577914
0.46009483964970144
0.45872659132486515
0.4603082560293811
0.45872659132486515
0.44089939360809355
0.42351388554872554
0.42351388554872554
0.42836343380135283
0.4641950123658148
0.4677613739142602
0.47132773546270557
0.47489409701115093
0.47846045855959635
0.4820268201080417
0.574933292806438
0.5784996543548833
0.5811149861570766
0.5439741321945049
0.5060011272039625
0.4680281222134201
0.4300551172228779
0.4146997349792925
0.37048637793617983
0.34877626471598194
0.27961018636874413
0.334998332083248
0.23540994163210638
0.36822726668329486
0.36651785147535226
0.22897860236557754
0.3604928337740648
0.3574803249234211
0.21994107581364628
0.3521068540434842
0.33487703091755566
0.18000644597892032
0.3145331862380513
0.30981126217946503
0.17307656165848634
0.20105337957930103
0.19632606261660226
0.1939651005873091
0.18090478306332078
0.15403047075258314
0.15166950872328996
0.1384481213592483
0.1384481213592483
0.1384481213592483
0.1384481213592483
0.1384481213592483
0.193004384448846
0.193004384448846
0.1384481213592483
0.193004384448846
0.193004384448846
0.1384481213592483
0.193004384448846
0.193004384448846
0.1384481213592483
0.193004384448846
0.193004384448846
0.1384481213592483
0.22064861146722348
0.22952018386768683
0.17626701442079035
0.21448199908752294
0.20388306788995436
0.15085686559280728
0.2069431894748555
0.2884437274368394
0.23541752513969233
0.12610254163036014
0.2115123605204476
0.16593688219534383
0.22947393004943542
0.2332423402431246
0.23701075043681374
0.24077916063050284
0.24454757082419187
0.25092216830328345
0.2572967657823749
0.2572967657823749
0.2572967657823749
0.2572967657823749
0.25950515934433777
0.2894992449711658
0.2864890183838171
0.28608497908187064
0.25543418047279026
0.2500641947018383
0.24966015539989186
0.2440437415271408
0.23842732765438956
0.23281091378163848
0.22719449990888724
0.22418427332153845
0.22117404673418975
0.19153964458737502
0.21515359355949215
0.0776166267130124
0.20913314038479464
0.20913314038479464
0.0746064001256636
0.20913314038479464
0.20913314038479464
0.07301275075589073
0.2082984999832319
0.21763263471826516
0.10605069570811418
0.24255256870861405
0.32452477795054036
0.15670024661530782
0.29051212240073465
0.2854335008494907
0.14801001757788557
0.2823146026751407
0.27934945909747083
0.14460056367646396
0.14163542009879407
0.1400417707290212
0.194375878656743
0.193004384448846
0.1384481213592483
0.194375878656743
0.193004384448846
0.1384481213592483
0.194375878656743
0.193004384448846
0.1384481213592483
0.194375878656743
0.2591779838707479
0.21808295991150925
0.22958858443288263
0.258053826000699
0.1828702541353696
0.19437587865674294
0.23742651722496727
0.1828702541353696
0.19437587865674294
0.23742651722496727
0.1828702541353696
0.1384481213592483
0.1384481213592483
0.1384481213592483
0.1384481213592483
0.1384481213592483
0.193004384448846
0.193004384448846
0.1384481213592483
0.193004384448846
0.193004384448846
0.1384481213592483
0.193004384448846
0.193004384448846
0.1384481213592483
0.193004384448846
0.193004384448846
0.1384481213592483
0.22064861146722348
0.22952018386768683
0.17626701442079035
0.21448199908752294
0.20388306788995436
0.15085686559280728
0.2069431894748555
0.2884437274368394
0.23541752513969233
0.12610254163036014
0.2115123605204476
0.16593688219534383
0.22947393004943542
0.2332423402431246
0.23701075043681374
0.24077916063050284
0.24454757082419187
0.25092216830328345
0.2572967657823749
0.2572967657823749
0.2572967657823749
0.2572967657823749
0.25950515934433777
0.2894992449711658
0.2864890183838171
0.28608497908187064
0.25543418047279026
0.2500641947018383
0.24966015539989186
0.2440437415271408
0.23842732765438956
0.23281091378163848
0.22719449990888724
0.22418427332153845
0.22117404673418975
0.19153964458737502
0.21515359355949215
0.0776166267130124
0.20913314038479464
0.20913314038479464
0.0746064001256636
0.20913314038479464
0.20913314038479464
0.07301275075589073
0.2082984999832319
0.21763263471826516
0.10605069570811418
0.24255256870861405
0.32452477795054036
0.15670024661530782
0.29051212240073465
0.2854335008494907
0.14801001757788557
0.2823146026751407
0.27934945909747083
0.14460056367646396
0.14163542009879407
0.1400417707290212
0.194375878656743
0.193004384448846
0.1384481213592483
0.194375878656743
0.193004384448846
0.1384481213592483
0.194375878656743
0.193004384448846
0.1384481213592483
0.194375878656743
0.2591779838707479
0.21808295991150925
0.22958858443288263
0.258053826000699
0.1828702541353696
0.19437587865674294
0.23742651722496727
0.1828702541353696
0.19437587865674294
0.23742651722496727
0.1828702541353696
0.2417741162062997
0.2506479045890089
0.2316399858928233
0.24177411620629968
0.2506479045890089
0.2316399858928233
0.24196717212080682
0.28769263820114577
0.27051674734095726
0.2824829054904309
0.26494527438821697
0.24080012507280918
0.2527662832222828
0.26347209944098915
0.2462962085808007
0.26056202244554016
0.27356749437951233
0.2766106089334327
0.3532125123690238
0.3913672590295291
0.4325164988371503
0.4552065244196722
0.47789655000219405
0.5005865755847159
0.5232766011672378
0.5274082847185009
0.4421998571198131
0.4463315406710761
0.45046322422233914
0.4545949077736022
0.45872659132486515
0.4604640495151334
0.4622015077054017
0.4519902921111805
0.4304637183097986
0.4322011765000669
0.43700395318728785
0.4708887986567431
0.4726262568470113
0.4743637150372796
0.47610117322754786
0.47783863141781613
0.4778132379595455
0.4762453493088033
0.47224501919168554
0.46600771165459753
0.4632961074145871
0.4636694935595198
0.46404287970445246
0.4644162658493853
0.46302680034577914
0.46009483964970144
0.45872659132486515
0.45872659132486515
0.45872659132486515
0.45872659132486515
0.45872659132486515
0.45872659132486515
0.45381343022335685
0.4289823065896751
0.43254866813812054
0.4361150296865659
0.4680507329064546
0.47846045855959635
0.4820268201080417
0.574933292806438
0.5784996543548833
0.5811149861570766
0.5439741321945049
0.5060011272039625
0.4680281222134201
0.4300551172228779
0.4146997349792925
0.3993443527357071
0.3839889704921216
0.3212430520741497
0.3340724292937472
0.20019723585596672
0.33301456090715525
0.3499956954002906
0.22897860236557754
0.3604928337740648
0.3574803249234211
0.21994107581364628
0.35210685404348413
0.349745892014191
0.21521915175505998
0.34288313175895124
0.30981126217946503
0.17056259786174768
0.1658406738031614
0.1611133568404626
0.15875239481116943
0.15639143278187626
0.2085867338421808
0.20622577181288765
0.16771690478776563
0.2414384775890273
0.24143847758902728
0.1780029571809506
0.20622577181288765
0.2506479045890089
0.19609164149941125
0.2080577996488848
0.2543119602610033
0.20158772500740277
0.21355388315687632
0.2598080437689948
0.20708380851539435
0.21904996666486792
0.2653041272769863
0.25042789213206373
0.26469370599680314
0.2956185276296183
0.3786326102934169
0.4104708584911569
0.4325164988371503
0.4552065244196722
0.47789655000219405
0.5005865755847159
0.5232766011672378
0.5274082847185009
0.4421998571198131
0.4463315406710761
0.45046322422233914
0.4545949077736022
0.45872659132486515
0.4467742767379206
0.4269888019292621
0.4287262601195303
0.4336192065024332
0.4674138822762065
0.46915134046647483
0.4708887986567431
0.4726262568470113
0.4743637150372796
0.47610117322754786
0.47783863141781613
0.4778132379595455
0.4762453493088033
0.47224501919168554
0.46600771165459753
0.4632961074145871
0.4636694935595198
0.46404287970445246
0.4644162658493853
0.46302680034577914
0.46009483964970144
0.45872659132486515
0.45872659132486515
0.4601692458150749
0.45872659132486515
0.4602240460219039
0.44229784337599237
0.42541594504122976
0.4289823065896751
0.43418949332766615
0.47132773546270557
0.47489409701115093
0.47846045855959635
0.4820268201080417
0.574933292806438
0.5784996543548833
0.5811149861570766
0.5439741321945049
0.5060011272039625
0.4680281222134201
0.4300551172228779
0.4146997349792925
0.3993443527357071
0.37460152468874297
0.29767134623428587
0.3340724292937472
0.20019723585596672
0.34690068971652877
0.36651785147535226
0.22897860236557754
0.3604928337740648
0.3574803249234211
0.21994107581364628
0.35210685404348413
0.349745892014191
0.21521915175505996
0.31607709871271655
0.30981126217946503
0.17056259786174768
0.1658406738031614
0.1611133568404626
0.15875239481116943
0.18662153761757336
0.18924317652872277
0.2414384775890273
0.2183780636592231
0.15166950872328996
0.20622577181288765
0.20622577181288762
0.15166950872328996
0.20622577181288765
0.20622577181288765
0.15350153655928714
0.209889827484882
0.21172185532087914
0.15899762006727863
0.21538591099287352
0.21721793882887072
0.16449370357527024
0.22088199450086504
0.3049841552216614
0.25455957568332677
0.26558158758106387
0.3884252181451635
0.4104708584911569
0.4325164988371503
0.4552065244196722
0.47789655000219405
0.5005865755847159
0.5232766011672378
0.5274082847185009
0.4421998571198131
0.4463315406710761
0.45046322422233914
0.4545949077736022
0.4389830842539182
0.42525134373899376
0.4269888019292621
0.43746647997411653
0.4656764240859383
0.4674138822762065
0.46915134046647483
0.4708887986567431
0.4726262568470113
0.4743637150372796
0.47610117322754786
0.47783863141781613
0.4778132379595455
0.4762453493088033
0.47224501919168554
0.46600771165459753
0.4632961074145871
0.4636694935595198
0.4663911996196616
0.4669393107924658
0.4674419588417099
0.46290428332188494
0.46102653203583727
0.45872659132486515
0.45872659132486515
0.45872659132486515
0.45176734801738333
0.42351388554872554
0.42541594504122976
0.4289823065896751
0.4594861168444901
0.47132773546270557
0.47489409701115093
0.47846045855959635
0.4820268201080417
0.574933292806438
0.5784996543548833
0.5811149861570766
0.5439741321945049
0.5060011272039625
0.4680281222134201
0.4300551172228779
0.4146997349792925
0.3993443527357071
0.35844173646635796
0.28857863571935294
0.3340724292937472
0.20019723585596672
0.36431957058848297
0.36651785147535226
0.22897860236557754
0.3604928337740648
0.3574803249234211
0.21994107581364628
0.35210685404348413
0.349745892014191
0.201366061987579
0.3145331862380513
0.30981126217946503
0.17056259786174768
0.1658406738031614
0.1912017393078322
0.1939651005873091
0.19160413855801592
0.1663209589108797
0.15166950872328996
0.1789476402680888
0.20622577181288765
0.15166950872328996
0.20622577181288765
0.20622577181288765
0.15166950872328996
0.20622577181288765
0.2080577996488848
0.1553335643952843
0.21172185532087914
0.21355388315687632
0.16082964790327586
0.21721793882887072
0.21904996666486792
0.16632573141126736
0.3049841552216614
0.3091158387729244
0.22535073743999665
0.38842521814516345
0.4104708584911569
0.4325164988371503
0.4552065244196722
0.47789655000219405
0.5005865755847159
0.5232766011672378
0.5274082847185009
0.4421998571198131
0.4463315406710761
0.45046322422233914
0.44529631121581204
0.42351388554872554
0.42525134373899376
0.4269888019292621
0.46215500257446634
0.4656764240859383
0.4674138822762065
0.46915134046647483
0.4708887986567431
0.4726262568470113
0.4743637150372796
0.47610117322754786
0.47783863141781613
0.4778132379595455
0.4762453493088033
0.47224501919168554
0.46600771165459753
0.4632961074145871
0.4636694935595198
0.46404287970445246
0.4644162658493853
0.46302680034577914
0.46009483964970144
0.46056591768259086
0.45872659132486515
0.4605406256579547
0.4603388673009394
0.44077268389298135
0.425043768856025
0.42541594504122976
0.4351995385400605
0.4677613739142602
0.47132773546270557
0.47489409701115093
0.47846045855959635
0.4820268201080417
0.574933292806438
0.5784996543548833
0.5811149861570766
0.5439741321945049
0.5060011272039625
0.4680281222134201
0.4300551172228779
0.4146997349792925
0.3993443527357071
0.34959630834820515
0.27961018636874413
0.33407242929374714
0.20572276473255288
0.36822726668329486
0.36651785147535226
0.22897860236557754
0.3604928337740648
0.3574803249234211
0.21994107581364628
0.3521068540434842
0.349745892014191
0.19335266351536817
0.3145331862380513
0.30981126217946503
0.17056259786174768
0.17320990157314536
0.19632606261660226
0.1939651005873091
0.19160413855801592
0.15768248255775386
0.15166950872328996
0.15166950872328996
0.15166950872328996
0.15166950872328996
0.20622577181288765
0.20622577181288765
0.15166950872328996
0.20622577181288765
0.2080577996488848
0.1553335643952843
0.21172185532087914
0.21355388315687632
0.16082964790327586
0.21721793882887072
0.21904996666486792
0.16632573141126736
0.3049841552216614
0.3091158387729244
0.22714088567823076
0.38842521814516345
0.4104708584911569
0.4325164988371503
0.4552065244196722
0.47789655000219405
0.5005865755847159
0.5232766011672378
0.5274082847185009
0.4421998571198131
0.4463315406710761
0.45046322422233914
0.44313337321765556
0.42351388554872554
0.42525134373899376
0.4274558619766261
0.46393896589566996
0.4656764240859383
0.4674138822762065
0.46915134046647483
0.4708887986567431
0.4726262568470113
0.4743637150372796
0.47610117322754786
0.47783863141781613
0.4778132379595455
0.4762453493088033
0.47224501919168554
0.46600771165459753
0.4632961074145871
0.4636694935595198
0.46404287970445246
0.4644162658493853
0.46302680034577914
0.46009483964970144
0.45872659132486515
0.45872659132486515
0.45872659132486515
0.45872659132486515
0.43881195941414014
0.42351388554872554
0.42541594504122976
0.4336121717322532
0.4677613739142602
0.47132773546270557
0.47489409701115093
0.47846045855959635
0.4820268201080417
0.574933292806438
0.5784996543548833
0.5811149861570766
0.5439741321945049
0.5060011272039625
0.4680281222134201
0.4300551172228779
0.4146997349792925
0.3993443527357071
0.35187522951893674
0.3095878583136561
0.3340724292937472
0.20340274612108644
0.36822726668329486
0.36651785147535226
0.22897860236557754
0.36049283377406477
0.3574803249234211
0.2199410758136463
0.35210685404348413
0.349745892014191
0.1955413341960572
0.3145331862380513
0.30981126217946503
0.17056259786174768
0.1708963507450878
0.19632606261660224
0.212150521617175
0.24616040164761357
0.15878454076874174
0.20622577181288765
0.193004384448846
0.1384481213592483
0.193004384448846
0.193004384448846
0.1384481213592483
0.193004384448846
0.193004384448846
0.1384481213592483
0.193004384448846
0.193004384448846
0.14733254791447256
0.23742651722496727
0.193004384448846
0.16065918774730895
0.23742651722496724
0.193004384448846
0.1828702541353696
0.2496141461720546
0.22952018386768683
0.2206891471969116
0.27435943235944055
0.20388306788995436
0.19527899836892856
0.25136532225097674
0.24402159466071816
0.23541752513969233
0.1705246744064814
0.16709022774432636
0.1659368821953439
0.22947393004943542
0.2332423402431246
0.23701075043681374
0.24077916063050284
0.24454757082419187
0.25092216830328345
0.2572967657823749
0.2572967657823749
0.2572967657823749
0.2572967657823749
0.2572967657823749
0.2762519066546514
0.2864890183838171
0.28608497908187064
0.27088830263476243
0.2500641947018383
0.24966015539989186
0.2440437415271408
0.23842732765438956
0.23281091378163848
0.22719449990888724
0.22418427332153845
0.22117404673418975
0.19225615711887065
0.21515359355949215
0.0776166267130124
0.20913314038479455
0.20913314038479464
0.0746064001256636
0.20913314038479455
0.20913314038479464
0.07301275075589073
0.20594584164524887
0.2056552859181772
0.10257321515272454
0.2402868802401735
0.3293364356630525
0.16734639417647057
0.28833024386196476
0.2854335008494907
0.14801001757788557
0.28094310846724363
0.27934945909747083
0.14322906946856695
0.14163542009879407
0.1400417707290212
0.1384481213592483
0.1384481213592483
0.1384481213592483
0.1384481213592483
0.1384481213592483
0.1384481213592483
0.1384481213592483
0.1384481213592483
0.193004384448846
0.193004384448846
0.1447454151291434
0.22821709022498562
0.22821709022498562
0.173660827135388
0.19387618310068597
0.193004384448846
0.1384481213592483
0.193004384448846
0.193004384448846
0.1384481213592483
0.193004384448846
0.193004384448846
0.1384481213592483
0.193004384448846
0.193004384448846
0.1384481213592483
0.193004384448846
0.193004384448846
0.1384481213592483
0.193004384448846
0.193004384448846
0.14733254791447256
0.23742651722496727
0.193004384448846
0.16065918774730895
0.23742651722496724
0.193004384448846
0.1828702541353696
0.2496141461720546
0.22952018386768683
0.2206891471969116
0.27435943235944055
0.20388306788995436
0.19527899836892856
0.25136532225097674
0.24402159466071816
0.23541752513969233
0.1705246744064814
0.16709022774432636
0.1659368821953439
0.22947393004943542
0.2332423402431246
0.23701075043681374
0.24077916063050284
0.24454757082419187
0.25092216830328345
0.2572967657823749
0.2572967657823749
0.2572967657823749
0.2572967657823749
0.2572967657823749
0.2762519066546514
0.2864890183838171
0.28608497908187064
0.27088830263476243
0.2500641947018383
0.24966015539989186
0.2440437415271408
0.23842732765438956
0.23281091378163848
0.22719449990888724
0.22418427332153845
0.22117404673418975
0.19225615711887065
0.21515359355949215
0.0776166267130124
0.20913314038479455
0.20913314038479464
0.0746064001256636
0.20913314038479455
0.20913314038479464
0.07301275075589073
0.20594584164524887
0.2056552859181772
0.10257321515272454
0.2402868802401735
0.3293364356630525
0.16734639417647057
0.28833024386196476
0.2854335008494907
0.14801001757788557
0.28094310846724363
0.27934945909747083
0.14322906946856695
0.14163542009879407
0.1400417707290212
0.1384481213592483
0.1384481213592483
0.1384481213592483
0.1384481213592483
0.1384481213592483
0.1384481213592483
0.1384481213592483
0.1384481213592483
0.193004384448846
0.193004384448846
0.1447454151291434
0.22821709022498562
0.22821709022498562
0.173660827135388
0.19387618310068597
0.193004384448846
0.1384481213592483
0.193004384448846
0.193004384448846
0.1384481213592483
0.193004384448846
0.15166950872328996
0.20622577181288765
0.20622577181288765
0.15166950872328996
0.20622577181288765
0.20622577181288765
0.15166950872328996
0.22801257699880004
0.24510253326102163
0.23680043078354243
0.28040137095908674
0.21538591099287352
0.20708380851539435
0.2634720994409892
0.22088199450086504
0.25042789213206373
0.3091158387729244
0.25119639485349704
0.3532125123690238
0.3884859676537918
0.4325164988371503
0.4552065244196722
0.47789655000219405
0.5005865755847159
0.5232766011672378
0.5274082847185009
0.4421998571198131
0.4463315406710761
0.45046322422233914
0.4545949077736022
0.45872659132486515
0.4604640495151334
0.4622015077054017
0.46393896589566996
0.436787014110223
0.4322011765000669
0.43393863469033517
0.45690105860821967
0.4726262568470113
0.4743637150372796
0.47610117322754786
0.47783863141781613
0.4818270977983446
0.47975356465885804
0.4751202981512974
0.46872496370948874
0.4659111862497102
0.46638938312129097
0.4693763695279314
0.46879018721787835
0.4691970129967547
0.46590451081376527
0.46334909346744957
0.4661338419516825
0.46885456407346277
0.4712639671748789
0.47341404327675496
0.4773807386567301
0.4802200207855725
0.4773777176120416
0.4519055079912808
0.4522202090877636
0.451962867352576
0.48210875859379576
0.4863808440033086
0.574933292806438
0.5784996543548833
0.5811149861570766
0.5439741321945049
0.5081999925016426
0.4680281222134201
0.4300551172228779
0.4146997349792925
0.3993443527357071
0.3839889704921216
0.26076367371258297
0.34463656931331493
0.25475349894556437
0.2784582978175575
0.33130514569921266
0.27288488140587
0.3059365706844671
0.3574803249234211
0.27449733890324396
0.2975505909538864
0.349745892014191
0.2697754148446576
0.29518962892459333
0.3300720460866195
0.22511886095134534
0.1658406738031614
0.1611133568404626
0.15875239481116943
0.15639143278187626
0.15403047075258314
0.15166950872328996
0.15166950872328996
0.15166950872328996
0.15166950872328996
0.153423162792413
0.18688221449942966
0.18688221449942966
0.18688221449942966
0.15892225011937633
0.1553335643952843
0.1571655922312815
0.15899762006727863
0.16082964790327586
0.16266167573927307
0.16449370357527024
0.16632573141126736
0.3049841552216614
0.3091158387729244
0.19664013176389936
0.35494914442443637
0.4104708584911569
0.4325164988371503
0.4552065244196722
0.47789655000219405
0.5005865755847159
0.5232766011672378
0.5274082847185009
0.4421998571198131
0.4463315406710761
0.45046322422233914
0.4545949077736022
0.45872659132486515
0.4604640495151334
0.4622015077054017
0.43155340950230986
0.4304637183097986
0.4322011765000669
0.4577605494407775
0.4708887986567431
0.47489100311401566
0.4761400311653738
0.47610117322754786
0.4833497487568405
0.48273522900466126
0.4802959943868691
0.4760695359946875
0.47048252994720335
0.46802228523226513
0.46845896907396084
0.47007128537096443
0.46911682335152927
0.46824261932053785
0.47416792776167266
0.47691277911435903
0.4814442080222976
0.48434915034996134
0.4861299698551566
0.4872903650314807
0.48971250576093395
0.4919841352760117
0.46580792835597196
0.468380327330182
0.47579037067336
0.4980130586340835
0.5196939503039477
0.5158547361822402
0.6013344535049495
0.5928479882534439
0.5882317321756955
0.5439741321945049
0.507380023974065
0.4680281222134201
0.4300551172228779
0.4146997349792925
0.3993443527357071
0.3839889704921216
0.24455748088596782
0.28965029651762586
0.25475349894556437
0.23403616504143623
0.28915088223713026
0.28353486545517526
0.26151443790834583
0.31305819214729974
0.27449733890324396
0.25312845817776514
0.3053237592380697
0.2697754148446576
0.25076749614847205
0.27451504998428505
0.22511886095134534
0.1658406738031614
0.1611133568404626
0.15875239481116943
0.15639143278187626
0.15403047075258314
0.15166950872328996
0.15166950872328996
0.15166950872328996
0.16746422552563728
0.18688221449942966
0.18688221449942966
0.17826041726719644
0.15166950872328996
0.15350153655928714
0.1553335643952843
0.1571655922312815
0.15899762006727863
0.16082964790327586
0.16266167573927307
0.16449370357527024
0.16632573141126736
0.3049841552216614
0.3091158387729244
0.19664013176389936
0.36469754707356533
0.4104708584911569
0.4325164988371503
0.4552065244196722
0.47789655000219405
0.5005865755847159
0.5232766011672378
0.5274082847185009
0.5315399682697639
0.4463315406710761
0.45046322422233914
0.4545949077736022
0.45872659132486515
0.4604640495151334
0.4498670294717611
0.4287262601195303
0.4304637183097986
0.43563717225942156
0.46915134046647483
0.4708887986567431
0.4726262568470113
0.4743637150372796
0.47610117322754786
0.47783863141781613
0.4789949682435681
0.4762453493088033
0.47224501919168554
0.46600771165459753
0.4632961074145871
0.4636694935595198
0.46404287970445246
0.4644162658493853
0.46302680034577914
0.46429332613240726
0.46026021135454986
0.46277134893084565
0.46053658137304054
0.46030853716123576
0.45872659132486515
0.4624845304255897
0.4612522805184147
0.4345007727231596
0.4385711929968772
0.43847920815504
0.46693481298729655
0.47846045855959635
0.4820268201080417
0.574933292806438
0.5784996543548833
0.5811149861570766
0.5439741321945049
0.5060011272039625
0.4680281222134201
0.4300551172228779
0.4146997349792925
0.3993443527357071
0.3839889704921216
0.25955486030097435
0.28965029651762586
0.20019723585596672
0.288592428131034
0.29274393292441225
0.22897860236557754
0.31607070099794354
0.3574803249234211
0.2643632085897676
0.30768472126736285
0.349745892014191
0.25964128453118124
0.3053237592380697
0.3159285998014306
0.21498473063786896
0.1658406738031614
0.1611133568404626
0.15875239481116943
0.15639143278187626
0.15403047075258314
0.15166950872328996
0.15166950872328996
0.15166950872328996
0.18080200398132387
0.18688221449942966
0.18688221449942966
0.16492304114476475
0.15166950872328996
0.15350153655928714
0.1553335643952843
0.1571655922312815
0.15899762006727863
0.16082964790327586
0.16266167573927307
0.16449370357527024
0.16632573141126736
0.3049841552216614
0.3091158387729244
0.19664013176389936
0.3673421547658017
0.4104708584911569
0.4325164988371503
0.4552065244196722
0.47789655000219405
0.5005865755847159
0.5232766011672378
0.5274082847185009
0.5315399682697639
0.4463315406710761
0.45046322422233914
0.4545949077736022
0.45872659132486515
0.4604640495151334
0.4469901097523969
0.4287262601195303
0.4304637183097986
0.43854275839012474
0.46915134046647483
0.4708887986567431
0.4726262568470113
0.4743637150372796
0.47610117322754786
0.47783863141781613
0.4778132379595455
0.4762453493088033
0.47224501919168554
0.46600771165459753
0.4632961074145871
0.4636694935595198
0.46404287970445246
0.4644162658493853
0.46302680034577914
0.46009483964970144
0.45872659132486515
0.45872659132486515
0.45872659132486515
0.45872659132486515
0.45872659132486515
0.45872659132486515
0.4604943968822071
0.4289823065896751
0.43254866813812054
0.4361150296865659
0.4625366771631438
0.47846045855959635
0.4820268201080417
0.574933292806438
0.5784996543548833
0.5811149861570766
0.5439741321945049
0.5060011272039625
0.4680281222134201
0.4300551172228779
0.4146997349792925
0.3993443527357071
0.3839889704921216
0.3351809904600105
0.3340724292937472
0.20019723585596672
0.33301456090715525
0.3352530636036306
0.22897860236557754
0.3604928337740648
0.3574803249234211
0.21994107581364628
0.3521068540434842
0.349745892014191
0.21521915175505996
0.349745892014191
0.3177878754915365
0.17056259786174768
0.1658406738031614
0.1611133568404626
0.15875239481116943
0.15639143278187626
0.15403047075258314
0.15166950872328996
0.15166950872328996
0.15166950872328996
0.17263500045887403
0.18688221449942966
0.18688221449942966
0.1730894398462726
0.15166950872328996
0.15350153655928714
0.1553335643952843
0.1571655922312815
0.15899762006727863
0.16082964790327586
0.16266167573927307
0.16449370357527024
0.16632573141126736
0.3049841552216614
0.3091158387729244
0.19664013176389936
0.3657363689994181
0.4104708584911569
0.4325164988371503
0.4552065244196722
0.47789655000219405
0.5005865755847159
0.5232766011672378
0.5274082847185009
0.5315399682697639
0.4463315406710761
0.45046322422233914
0.4545949077736022
0.45872659132486515
0.4604640495151334
0.4514704875161807
0.4287262601195303
0.4304637183097986
0.43426723056987493
0.46915134046647483
0.4708887986567431
0.4726262568470113
0.4743637150372796
0.47610117322754786
0.47783863141781613
0.4778132379595455
0.4762453493088033
0.47224501919168554
0.46600771165459753
0.4632961074145871
0.4636694935595198
0.46404287970445246
0.4644162658493853
0.46302680034577914
0.46009483964970144
0.45872659132486515
0.45872659132486515
0.45872659132486515
0.45872659132486515
0.45872659132486515
0.45872659132486515
0.4606286508173694
0.4353041960485795
0.43254866813812054
0.4361150296865659
0.45633707434160115
0.47846045855959635
0.4820268201080417
0.574933292806438
0.5784996543548833
0.5811149861570766
0.5439741321945049
0.5060011272039625
0.4680281222134201
0.4300551172228779
0.4146997349792925
0.3993443527357071
0.3839889704921216
0.3418214360699532
0.33606444587548895
0.20019723585596672
0.33301456090715525
0.33130514569921266
0.22773808039029894
0.3604928337740648
0.3574803249234211
0.21994107581364628
0.35210685404348413
0.349745892014191
0.21521915175505998
0.349745892014191
0.32251335270000553
0.17056259786174768
0.1658406738031614
0.1611133568404626
0.15875239481116943
0.15639143278187626
0.15403047075258314
0.15166950872328996
0.1384481213592483
0.193004384448846
0.19313196966164453
0.17366082713538797
0.22821709022498562
0.22821709022498562
0.145490492359167
0.193004384448846
0.193004384448846
0.1384481213592483
0.193004384448846
0.193004384448846
0.1384481213592483
0.193004384448846
0.193004384448846
0.1384481213592483
0.193004384448846
0.193004384448846
0.1397512150019495
0.19561057173424837
0.19974681981210138
0.14932680480035668
0.20541312868240497
0.2069431894748555
0.23388746434724172
0.2998738474527865
0.25065535855645055
0.19216880320698965
0.25296814349162766
0.22947393004943542
0.2332423402431246
0.23701075043681374
0.24077916063050284
0.24454757082419187
0.25092216830328345
0.2572967657823749
0.2572967657823749
0.2572967657823749
0.2572967657823749
0.2572967657823749
0.25428653919502614
0.2512763126076774
0.250872273305731
0.2504682340037847
0.2500641947018383
0.24966015539989186
0.2440437415271408
0.23842732765438956
0.25249760224848916
0.2624072056850269
0.2593969790976781
0.24387278894088626
0.08363707988770992
0.12504898607648243
0.1257440598953064
0.0746064001256636
0.0746064001256636
0.0746064001256636
0.0746064001256636
0.0746064001256636
0.07301275075589073
0.07141910138611786
0.0711285456590462
0.07083798993197452
0.10609577859831487
0.23956746679731522
0.2556786424810268
0.24390811108584343
0.230877237759893
0.2502395282451189
0.23652097569112238
0.2556849662691455
0.22286390802082792
0.1782818343560321
0.1529607604080295
0.1384481213592483
0.13988182984034667
0.1384481213592483
0.1384481213592483
0.13988182984034667
0.1384481213592483
0.1384481213592483
0.13988182984034667
0.1384481213592483
0.1384481213592483
0.13988182984034667
0.1384481213592483
0.1384481213592483
0.13988182984034667
0.193004384448846
0.193004384448846
0.13988182984034667
0.193004384448846
0.19703192718716106
0.17509453561648636
0.22821709022498562
0.1384481213592483
0.193004384448846
0.19313196966164453
0.17366082713538797
0.22821709022498562
0.22821709022498562
0.145490492359167
0.193004384448846
0.193004384448846
0.1384481213592483
0.193004384448846
0.193004384448846
0.1384481213592483
0.193004384448846
0.193004384448846
0.1384481213592483
0.193004384448846
0.193004384448846
0.1397512150019495
0.19561057173424837
0.19974681981210138
0.14932680480035668
0.20541312868240497
0.2069431894748555
0.23388746434724172
0.2998738474527865
0.25065535855645055
0.19216880320698965
0.25296814349162766
0.22947393004943542
0.2332423402431246
0.23701075043681374
0.24077916063050284
0.24454757082419187
0.25092216830328345
0.2572967657823749
0.2572967657823749
0.2572967657823749
0.2572967657823749
0.2572967657823749
0.25428653919502614
0.2512763126076774
0.250872273305731
0.2504682340037847
0.2500641947018383
0.24966015539989186
0.2440437415271408
0.23842732765438956
0.25249760224848916
0.2624072056850269
0.2593969790976781
0.24387278894088626
0.08363707988770992
0.12504898607648243
0.1257440598953064
0.0746064001256636
0.0746064001256636
0.0746064001256636
0.0746064001256636
0.0746064001256636
0.07301275075589073
0.07141910138611786
0.0711285456590462
0.07083798993197452
0.10609577859831487
0.23956746679731522
0.2556786424810268
0.24390811108584343
0.230877237759893
0.2502395282451189
0.23652097569112238
0.2556849662691455
0.22286390802082792
0.1782818343560321
0.1529607604080295
0.1384481213592483
0.13988182984034667
0.1384481213592483
0.1384481213592483
0.13988182984034667
0.1384481213592483
0.1384481213592483
0.13988182984034667
0.1384481213592483
0.1384481213592483
0.13988182984034667
0.1384481213592483
0.1384481213592483
0.13988182984034667
0.193004384448846
0.193004384448846
0.13988182984034667
0.193004384448846
0.19703192718716106
0.17509453561648636
0.22821709022498562
0.20622577181288765
0.20622577181288762
0.15166950872328996
0.20622577181288765
0.20622577181288762
0.15166950872328996
0.20622577181288765
0.2080577996488848
0.1553335643952843
0.21172185532087914
0.21355388315687632
0.16082964790327586
0.21721793882887072
0.2634720994409892
0.21074786418738867
0.2782466884345819
0.34432854454906403
0.2762749703161603
0.38842521814516345
0.4104708584911569
0.4325164988371503
0.4552065244196722
0.46630693182237737
0.46537386980857626
0.48806389539109823
0.4921955789423612
0.5285360249913256
0.4463315406710761
0.45046322422233914
0.4545949077736022
0.45872659132486515
0.4604640495151334
0.4622015077054017
0.46393896589566996
0.4656764240859383
0.4674138822762065
0.46915134046647483
0.4708887986567431
0.4726262568470113
0.4743637150372796
0.47610117322754786
0.47783863141781613
0.4778132379595455
0.4762453493088033
0.47224501919168554
0.46600771165459753
0.4632961074145871
0.4636694935595198
0.46404287970445246
0.46624985540021874
0.46576318921405085
0.45932718148336754
0.4299383334240628
0.4290230602465122
0.4279206277393599
0.4591244625031512
0.46255694274710873
0.46042838882203374
0.4606286508173694
0.4641950123658148
0.4677613739142602
0.47132773546270557
0.47489409701115093
0.47846045855959635
0.4820268201080417
0.574933292806438
0.5784996543548833
0.5811149861570766
0.5439741321945049
0.5071232118713089
0.4680281222134201
0.39689485286945253
0.37948702920315286
0.36413164695956746
0.35607260868156054
0.30137021811897075
0.36928513506988675
0.23540994163210638
0.36822726668329486
0.36651785147535226
0.22897860236557754
0.3604928337740648
0.3574803249234211
0.2143449553238836
0.31689414826734447
0.3145331862380513
0.18000644597892032
0.3145331862380513
0.3445531621270987
0.20577530363788735
0.20105337957930103
0.19632606261660226
0.18809398680598613
0.15639143278187626
0.15403047075258314
0.15166950872328996
0.15166950872328996
0.15166950872328996
0.15166950872328996
0.15166950872328996
0.15166950872328996
0.15166950872328996
0.20622577181288765
0.2080577996488848
0.1553335643952843
0.21172185532087914
0.21355388315687632
0.16082964790327586
0.21721793882887072
0.21904996666486792
0.16632573141126736
0.3049841552216614
0.3319318952978831
0.231852837540039
0.38842521814516345
0.4104708584911569
0.4325164988371503
0.4552065244196722
0.47789655000219405
0.5005865755847159
0.5232766011672378
0.5274082847185009
0.51440253213912
0.41111883489493645
0.4152505184461995
0.4260548954413537
0.45872659132486515
0.4604640495151334
0.4622015077054017
0.46393896589566996
0.4656764240859383
0.4674138822762065
0.46915134046647483
0.4708887986567431
0.4726262568470113
0.4743637150372796
0.47610117322754786
0.47783863141781613
0.4778132379595455
0.4762453493088033
0.47224501919168554
0.46600771165459753
0.4632961074145871
0.4636694935595198
0.46404287970445246
0.4665153636921217
0.46633196399063487
0.46371881544487203
0.46423899932105916
0.46102888190662605
0.4620241204812164
0.42944278782897305
0.42351388554872554
0.42351388554872554
0.4399401185808396
0.4641950123658148
0.4677613739142602
0.47132773546270557
0.47489409701115093
0.47846045855959635
0.48332545626625995
0.574933292806438
0.5784996543548833
0.5811149861570766
0.5439741321945049
0.5060011272039625
0.4680281222134201
0.4300551172228779
0.4146997349792925
0.3839278156495945
0.34877626471598194
0.266157512342831
0.3340724292937472
0.22363254742943214
0.36822726668329486
0.3665178514753522
0.22897860236557754
0.3604928337740648
0.3574803249234211
0.21994107581364628
0.35210685404348413
0.349745892014191
0.1804666033069346
0.3145331862380513
0.30981126217946503
0.17056259786174768
0.1872793274859405
0.19632606261660226
0.1939651005873091
0.18857774796995525
0.15403047075258314
0.15166950872328996
0.15166950872328996
0.15166950872328996
0.15166950872328996
0.15166950872328996
0.15166950872328996
0.15166950872328996
0.15166950872328996
0.15350153655928714
0.209889827484882
0.21172185532087914
0.15899762006727863
0.21538591099287352
0.21721793882887072
0.16449370357527024
0.22088199450086504
0.3049841552216614
0.25455957568332677
0.28313608331751616
0.38842521814516345
0.4104708584911569
0.4325164988371503
0.4552065244196722
0.47789655000219405
0.5005865755847159
0.5232766011672378
0.5274082847185009
0.5315399682697639
0.4463315406710761
0.45046322422233914
0.4545949077736022
0.42475067300397107
0.42525134373899376
0.4269888019292621
0.45294358422443254
0.4656764240859383
0.4674138822762065
0.46915134046647483
0.4708887986567431
0.4726262568470113
0.4743637150372796
0.47610117322754786
0.47783863141781613
0.4778132379595455
0.4762453493088033
0.4738821966960926
0.4692308853051047
0.4671258107427152
0.46951906140031174
0.4709288586315808
0.4712436508153541
0.46997852604014034
0.46682688409457085
0.465021841713592
0.4633399794614585
0.4640558538642354
0.46382272349147624
0.4692619119621301
0.4710881286412146
0.44863851048396103
0.45623067372163123
0.45955663891917276
0.48884400538272615
0.4958697382107509
0.497074020773565
0.4967498179902218
0.5853547377180951
0.5827083211041084
0.5811149861570766
0.5439741321945049
0.5084931267144197
0.4680281222134201
0.4307777782168072
0.4146997349792925
0.4000670137296364
0.3839889704921216
0.27878277153343667
0.33479509028767646
0.20019723585596672
0.33301456090715525
0.3582080739960873
0.22897860236557754
0.3604928337740648
0.35820298591735034
0.21994107581364628
0.35210685404348413
0.3504685530081203
0.21521915175505996
0.338845776969084
0.31053392317339434
0.17056259786174768
0.1658406738031614
0.1618360178343919
0.15875239481116943
0.15639143278187626
0.15475313174651242
0.15166950872328996
0.18642698609721878
0.18688221449942966
0.18688221449942966
0.15929913363864126
0.15166950872328996
0.15166950872328996
0.15166950872328996
0.15350153655928714
0.1553335643952843
0.1571655922312815
0.15899762006727863
0.16082964790327586
0.16266167573927307
0.16449370357527024
0.16632573141126736
0.3049841552216614
0.3091158387729244
0.19664013176389936
0.3824158740078052
0.4104708584911569
0.4325164988371503
0.4552065244196722
0.47789655000219405
0.5005865755847159
0.5232766011672378
0.5274082847185009
0.5315399682697639
0.4463315406710761
0.45046322422233914
0.4545949077736022
0.45872659132486515
0.4604640495151334
0.4320712003777725
0.4287262601195303
0.4304637183097986
0.4537637497587568
0.46915134046647483
0.4708887986567431
0.4726262568470113
0.4743637150372796
0.47610117322754786
0.47783863141781613
0.4778132379595455
0.4762453493088033
0.47224501919168554
0.46600771165459753
0.4632961074145871
0.4636694935595198
0.46404287970445246
0.4644162658493853
0.46302680034577914
0.46009483964970144
0.45872659132486515
0.45872659132486515
0.45872659132486515
0.45872659132486515
0.45872659132486515
0.45872659132486515
0.4606286508173694
0.44233839951372006
0.43254866813812054
0.4361150296865659
0.45002374108085264
0.47846045855959635
0.4820268201080417
0.574933292806438
0.5784996543548833
0.5811149861570766
0.5439741321945049
0.5060011272039625
0.4680281222134201
0.4300551172228779
0.4146997349792925
0.3993443527357071
0.3839889704921216
0.3379911286158699
0.34546030803979
0.20019723585596672
0.33301456090715525
0.33130514569921266
0.2179928376646995
0.3604928337740648
0.3574803249234211
0.21994107581364628
0.35210685404348413
0.349745892014191
0.21521915175505998
0.349745892014191
0.3318861919292223
0.17056259786174768
0.1658406738031614
0.1611133568404626
0.15875239481116943
0.15639143278187626
0.18130860229738197
0.20622577181288765
0.15166950872328996
0.20622577181288765
0.20622577181288765
0.15166950872328996
0.23548467207042736
0.2414384775890273
0.18688221449942966
0.2211799374233403
0.209889827484882
0.1571655922312815
0.21355388315687632
0.21538591099287352
0.16266167573927307
0.21904996666486792
0.22088199450086504
0.25042789213206373
0.3091158387729244
0.25119639485349704
0.35353507580344556
0.4104708584911569
0.4325164988371503
0.4552065244196722
0.47789655000219405
0.5005865755847159
0.5232766011672378
0.5274082847185009
0.5315399682697639
0.4463315406710761
0.45046322422233914
0.4545949077736022
0.45872659132486515
0.4604640495151334
0.4622015077054017
0.4529084469741052
0.4304637183097986
0.4322011765000669
0.4378879037170819
0.4708887986567431
0.4726262568470113
0.4743637150372796
0.47610117322754786
0.47783863141781613
0.4778132379595455
0.4762453493088033
0.47224501919168554
0.46600771165459753
0.4632961074145871
0.4636694935595198
0.46404287970445246
0.4644162658493853
0.46302680034577914
0.46009483964970144
0.45872659132486515
0.45872659132486515
0.45872659132486515
0.45872659132486515
0.45872659132486515
0.45872659132486515
0.4606286508173694
0.4641950123658148
0.4507891433022566
0.4361150296865659
0.4396813912350113
0.44991317793586433
0.4820268201080417
0.574933292806438
0.5784996543548833
0.5811149861570766
0.5439741321945049
0.5060011272039625
0.4680281222134201
0.4300551172228779
0.4146997349792925
0.3993443527357071
0.3839889704921216
0.33288405201042554
0.36821795909675165
0.20019723585596672
0.33301456090715525
0.33130514569921266
0.19376589658943788
0.3604852721621001
0.3574803249234211
0.21994107581364628
0.3521068540434842
0.349745892014191
0.21521915175505996
0.34974589201419104
0.34502396795560464
0.17830660230347942
0.1658406738031614
0.1611133568404626
0.15875239481116943
0.15639143278187626
0.15403047075258314
0.15166950872328996
0.1384481213592483
0.1384481213592483
0.1384481213592483
0.1384481213592483
0.1384481213592483
0.1384481213592483
0.14603326207308168
0.17366082713538797
0.17366082713538797
0.17324986068992582
0.1384481213592483
0.193004384448846
0.193004384448846
0.1384481213592483
0.193004384448846
0.193004384448846
0.1384481213592483
0.193004384448846
0.19430747809154716
0.14105430864465068
0.19974681981210138
0.20388306788995436
0.15085686559280728
0.2069431894748555
0.2884437274368393
0.23541752513969233
0.21544265278031086
0.21151236052044767
0.16593688219534386
0.24682872901543002
0.26845504601926423
0.2722234562129534
0.265809523924487
0.24454757082419187
0.25092216830328345
0.2572967657823749
0.2572967657823749
0.2572967657823749
0.2572967657823749
0.2572967657823749
0.25428653919502614
0.2512763126076774
0.250872273305731
0.2504682340037847
0.2500641947018383
0.24966015539989186
0.2440437415271408
0.23842732765438956
0.23281091378163848
0.2291395860245618
0.22622470492451147
0.22339258988176058
0.11076653732270877
0.11583955907650081
0.19831484001257052
0.1730952591192241
0.0746064001256636
0.0746064001256636
0.16073966975610848
0.15813048277224045
0.07301275075589073
0.07141910138611786
0.11813110255037115
0.15285151784749945
0.10707040654763676
0.18180805601584255
0.23924604810519115
0.18935184799624577
0.19870693680430637
0.2825367578370166
0.18196471260152472
0.24558484995481827
0.2422074653342859
0.14341915534955357
0.14172960374539212
0.17366082713538797
0.17544456238614747
0.17366082713538797
0.14393016362650538
0.1402318566100078
0.1384481213592483
0.1384481213592483
0.1402318566100078
0.1384481213592483
0.1384481213592483
0.1402318566100078
0.1384481213592483
0.1384481213592483
0.1402318566100078
0.1384481213592483
0.1384481213592483
0.1402318566100078
0.1384481213592483
0.1384481213592483
0.1402318566100078
0.1384481213592483
0.1384481213592483
0.1384481213592483
0.1384481213592483
0.1384481213592483
0.1384481213592483
0.1384481213592483
0.14603326207308168
0.17366082713538797
0.17366082713538797
0.17324986068992582
0.1384481213592483
0.193004384448846
0.193004384448846
0.1384481213592483
0.193004384448846
0.193004384448846
0.1384481213592483
0.193004384448846
0.19430747809154716
0.14105430864465068
0.19974681981210138
0.20388306788995436
0.15085686559280728
0.2069431894748555
0.2884437274368393
0.23541752513969233
0.21544265278031086
0.21151236052044767
0.16593688219534386
0.24682872901543002
0.26845504601926423
0.2722234562129534
0.265809523924487
0.24454757082419187
0.25092216830328345
0.2572967657823749
0.2572967657823749
0.2572967657823749
0.2572967657823749
0.2572967657823749
0.25428653919502614
0.2512763126076774
0.250872273305731
0.2504682340037847
0.2500641947018383
0.24966015539989186
0.2440437415271408
0.23842732765438956
0.23281091378163848
0.2291395860245618
0.22622470492451147
0.22339258988176058
0.11076653732270877
0.11583955907650081
0.19831484001257052
0.1730952591192241
0.0746064001256636
0.0746064001256636
0.16073966975610848
0.15813048277224045
0.07301275075589073
0.07141910138611786
0.11813110255037115
0.15285151784749945
0.10707040654763676
0.18180805601584255
0.23924604810519115
0.18935184799624577
0.19870693680430637
0.2825367578370166
0.18196471260152472
0.24558484995481827
0.2422074653342859
0.14341915534955357
0.14172960374539212
0.17366082713538797
0.17544456238614747
0.17366082713538797
0.14393016362650538
0.1402318566100078
0.1384481213592483
0.1384481213592483
0.1402318566100078
0.1384481213592483
0.1384481213592483
0.1402318566100078
0.1384481213592483
0.1384481213592483
0.1402318566100078
0.1384481213592483
0.1384481213592483
0.1402318566100078
0.1384481213592483
0.1384481213592483
0.1402318566100078
0.1384481213592483
0.15166950872328996
0.15166950872328996
0.15166950872328996
0.15166950872328996
0.15166950872328996
0.15166950872328996
0.15166950872328996
0.15350153655928714
0.1553335643952843
0.1571655922312815
0.15899762006727863
0.16082964790327586
0.16266167573927307
0.16449370357527024
0.16632573141126736
0.3049841552216614
0.3091158387729244
0.2152005983559286
0.3884252181451635
0.4104708584911569
0.4325164988371503
0.4552065244196722
0.47789655000219405
0.5005865755847159
0.5232766011672378
0.5274082847185009
0.5315399682697639
0.4463315406710761
0.45046322422233914
0.4545949077736022
0.4545090466493773
0.42525134373899376
0.4269888019292621
0.4287262601195303
0.4606052940652715
0.4674138822762065
0.46915134046647483
0.4708887986567431
0.4726262568470113
0.4743637150372796
0.47610117322754786
0.47783863141781613
0.4778132379595455
0.4762453493088033
0.47224501919168554
0.46600771165459753
0.4632961074145871
0.4636694935595198
0.46404287970445246
0.4644162658493853
0.46302680034577914
0.46009483964970144
0.45872659132486515
0.45872659132486515
0.45872659132486515
0.45872659132486515
0.45872659132486515
0.45872659132486515
0.44745018534601555
0.4289823065896751
0.43254866813812054
0.43710141325244517
0.47489409701115093
0.47846045855959635
0.4820268201080417
0.574933292806438
0.5784996543548833
0.5811149861570766
0.5439741321945049
0.5060011272039625
0.4680281222134201
0.4300551172228779
0.4146997349792925
0.3993443527357071
0.3839889704921216
0.2762968285167847
0.3340724292937472
0.20019723585596672
0.33301456090715525
0.33555565518352826
0.22897860236557754
0.3604928337740648
0.3574803249234211
0.21994107581364628
0.35210685404348413
0.34974589201419104
0.21521915175505996
0.349745892014191
0.31885015402049793
0.17056259786174768
0.1658406738031614
0.1611133568404626
0.15875239481116943
0.15639143278187626
0.15403047075258314
0.15166950872328996
