0.2626631234460919
0.2732241897323786
0.24278571968590731
0.25052967686210725
0.23408698497047534
0.21353335396633158
0.24720269066908396
0.23408698497047534
0.21353335396633158
0.2488661837655956
0.23741397116349863
0.21852383325586652
0.2538566630551305
0.24240445045303355
0.22351431254540144
0.25884714234466544
0.24739492974256846
0.30070948784029417
0.3396188277970583
0.27576457529369974
0.3753910176276663
0.39327356841516653
0.4111561192026667
0.4483351899097019
0.4855142606167372
0.5226933313237724
0.5598724020308076
0.5942686514676527
0.5995086547216644
0.6047486579756761
0.6099886612296879
0.6152286644836995
0.6204686677377111
0.5226434265308769
0.5226434265308769
0.5226434265308769
0.5226434265308769
0.5226434265308769
0.5226434265308769
0.5226434265308769
0.5226434265308769
0.5226434265308769
0.5226434265308769
0.5226434265308769
0.5226434265308769
0.5226434265308769
0.5134742525829048
0.5043050786349326
0.4951359046869602
0.48596673073898816
0.4951359046869602
0.5043050786349326
0.5134742525829048
0.5226434265308769
0.5226434265308769
0.5226434265308769
0.5226434265308769
0.5226434265308769
0.5226434265308769
0.5226434265308769
0.5226434265308769
0.5226434265308769
0.5226434265308769
0.5226434265308769
0.5226434265308769
0.5226434265308769
0.5226434265308769
0.5226434265308769
0.5226434265308769
0.5226434265308769
0.5226434265308769
0.6204686677377111
0.6204686677377111
0.5802121348021294
0.5399556018665476
0.4996990689309657
0.459442535995384
0.43422398065226747
0.40900542530915096
0.38378686996603445
0.3337436290247316
0.3585683146229179
0.2431550863736991
0.2398281001806758
0.23650111398765253
0.2331741277946293
0.229847141601606
0.22652015540858267
0.23338336047637476
0.2418115772600853
0.22829439980624663
0.2267293880903282
0.23848459106706202
0.22230582465880477
0.2147522377954444
0.24567088124399236
0.25463704219938343
0.24974504429044161
0.2581732610741522
0.22136180867008168
0.2223317819937415
0.22236304250527217
0.2370124994082686
0.23544748769235013
0.22236304250527217
0.23867599250478025
0.2387744738853734
0.22735352179480708
0.24366647179431516
0.24376495317490834
0.23516151382220482
0.25992700203530134
0.24875543246444326
0.3095391763792347
0.3294286365362429
0.27712507801557457
0.3753910176276663
0.39327356841516653
0.4111561192026667
0.4483351899097019
0.4855142606167372
0.5226933313237724
0.5598724020308076
0.5942686514676527
0.5995086547216644
0.6047486579756761
0.6099886612296879
0.6152286644836995
0.6204686677377111
0.5226434265308769
0.5226434265308769
0.5226434265308769
0.5226434265308769
0.5226434265308769
0.5226434265308769
0.5226434265308769
0.5226434265308769
0.5226434265308769
0.5226434265308769
0.5226434265308769
0.5226434265308769
0.5226434265308769
0.5134742525829048
0.5043050786349326
0.49555042933340104
0.48596673073898816
0.4951359046869602
0.5043050786349326
0.5134742525829048
0.523072151733359
0.5230438386603774
0.5233510411446063
0.5230114383206029
0.5234251736793742
0.5231253213770167
0.5231103147412572
0.5230880719857021
0.5229936531956658
0.5226434265308769
0.5226434265308769
0.5226434265308769
0.5226434265308769
0.5226434265308769
0.5226434265308769
0.5226434265308769
0.5226434265308769
0.5226434265308769
0.6204686677377111
0.6204686677377111
0.5802121348021294
0.5399556018665476
0.4996990689309657
0.459442535995384
0.43422398065226747
0.40900542530915096
0.38378686996603445
0.32917505051680795
0.3585683146229179
0.2431550863736991
0.2398281001806758
0.23650111398765253
0.2331741277946293
0.229847141601606
0.22652015540858267
0.2231931692155594
0.2198661830225361
0.2165391968295128
0.2165391968295128
0.2165391968295128
0.21055062168207095
0.20456204653462903
0.22372548700644318
0.24288183922264958
0.23955485302962626
0.24641805809741837
0.22569002869829544
0.2121728512444568
0.21060783952853834
0.22236304250527217
0.2121728512444568
0.21060783952853834
0.22402653560178382
0.21549983743748008
0.21559831881807326
0.22901701489131873
0.22049031672701502
0.22058879810760817
0.23400749418085365
0.2293887768382843
0.3226236215663127
0.327894885331855
0.2655743840328844
0.3753910176276663
0.39327356841516653
0.4111561192026667
0.4483351899097019
0.4855142606167372
0.5226933313237724
0.5598724020308076
0.5942686514676527
0.5995086547216644
0.6047486579756761
0.6099886612296879
0.6152286644836995
0.6204686677377111
0.5226434265308769
0.5226434265308769
0.5226434265308769
0.5226434265308769
0.5226434265308769
0.5226434265308769
0.5226434265308769
0.5226434265308769
0.5226434265308769
0.5226434265308769
0.5226434265308769
0.5226434265308769
0.5226434265308769
0.5134742525829048
0.5043050786349326
0.4951359046869602
0.48596673073898816
0.4951359046869602
0.5043050786349326
0.5134742525829048
0.5226434265308769
0.5226434265308769
0.5226434265308769
0.5226434265308769
0.5226434265308769
0.5226434265308769
0.5226434265308769
0.5226434265308769
0.5226434265308769
0.5226434265308769
0.5226434265308769
0.5226434265308769
0.5226434265308769
0.5226434265308769
0.5226434265308769
0.5226434265308769
0.5226434265308769
0.5226434265308769
0.6204686677377111
0.6204686677377111
0.5802121348021294
0.5399556018665476
0.4996990689309657
0.459442535995384
0.43422398065226747
0.40900542530915096
0.38378686996603445
0.3339215721990339
0.3585683146229179
0.2431550863736991
0.2398281001806758
0.23650111398765253
0.2331741277946293
0.229847141601606
0.22652015540858267
0.2231931692155594
0.2198661830225361
0.2165391968295128
0.2165391968295128
0.2165391968295128
0.21055062168207095
0.20456204653462903
0.22372548700644318
0.26482723346019876
0.26150024726717547
0.24864769091850888
0.25052967686210725
0.22236304250527217
0.22525729643153478
0.24720269066908396
0.22236304250527217
0.22525729643153478
0.2488661837655956
0.22569002869829544
0.2302477757210697
0.2538566630551305
0.23068050798783038
0.2352382550106046
0.25884714234466544
0.2356709872773653
0.31243343030549736
0.33961882779705826
0.2640406328284966
0.3753910176276663
0.39327356841516653
0.4111561192026667
0.4483351899097019
0.4855142606167372
0.5226933313237724
0.5598724020308076
0.5942686514676527
0.5995086547216644
0.6047486579756761
0.6099886612296879
0.6152286644836995
0.6204686677377111
0.5226434265308769
0.5226434265308769
0.5226434265308769
0.5226434265308769
0.5226434265308769
0.5226434265308769
0.5226434265308769
0.5226434265308769
0.5226434265308769
0.5226434265308769
0.5226434265308769
0.5226434265308769
0.5226434265308769
0.5134742525829048
0.5043050786349326
0.4951359046869602
0.48596673073898816
0.4951359046869602
0.5043050786349326
0.5134742525829048
0.5226434265308769
0.5226434265308769
0.5226434265308769
0.5226434265308769
0.5226434265308769
0.5226434265308769
0.5226434265308769
0.5226434265308769
0.5226434265308769
0.5226434265308769
0.5226434265308769
0.5226434265308769
0.5226434265308769
0.5226434265308769
0.5226434265308769
0.5226434265308769
0.5226434265308769
0.5226434265308769
0.6204686677377111
0.6204686677377111
0.5802121348021294
0.5399556018665476
0.4996990689309657
0.459442535995384
0.43422398065226747
0.40900542530915096
0.38378686996603445
0.3394495451060935
0.3585683146229179
0.2431550863736991
0.2398281001806758
0.23650111398765253
0.2331741277946293
0.2517925358391552
0.24846554964613185
0.2480328173793712
0.266651225423897
0.23848459106706202
0.2413788449933246
0.2633242392308738
0.23249601591962013
0.22940169469844082
0.2705105294078042
0.26482723346019876
0.26439450119343805
0.283012909237964
0.22569002869829544
0.22525729643153478
0.24720269066908396
0.22236304250527217
0.22525729643153478
0.24720269066908396
0.22402653560178382
0.22858428262455804
0.26346322091007013
0.24028706584277004
0.233574761914093
0.26845370019960507
0.24527754513230496
0.2385652412036279
0.3343788245430465
0.3147791796332465
0.2669348867547592
0.3753910176276663
0.39327356841516653
0.4111561192026667
0.4483351899097019
0.4855142606167372
0.5226933313237724
0.5598724020308076
0.5942686514676527
0.5995086547216644
0.6047486579756761
0.6099886612296879
0.6152286644836995
0.6204686677377111
0.5226434265308769
0.5226434265308769
0.5226434265308769
0.5226434265308769
0.5226434265308769
0.5226434265308769
0.5226434265308769
0.5226434265308769
0.5226434265308769
0.5226434265308769
0.5226434265308769
0.5226434265308769
0.5226434265308769
0.5134742525829048
0.5043050786349326
0.4951359046869602
0.48596673073898816
0.4951359046869602
0.5043050786349326
0.5134742525829048
0.5226434265308769
0.5226434265308769
0.5226434265308769
0.5226434265308769
0.5226434265308769
0.5226434265308769
0.5226434265308769
0.5226434265308769
0.5226434265308769
0.5226434265308769
0.5226434265308769
0.5226434265308769
0.5226434265308769
0.5226434265308769
0.5226434265308769
0.5226434265308769
0.5226434265308769
0.5226434265308769
0.6204686677377111
0.6204686677377111
0.5802121348021294
0.5399556018665476
0.4996990689309657
0.459442535995384
0.43422398065226747
0.40900542530915096
0.38378686996603445
0.33753766815441105
0.3585683146229179
0.2431550863736991
0.2398281001806758
0.23650111398765253
0.2331741277946293
0.229847141601606
0.22652015540858267
0.2231931692155594
0.2198661830225361
0.2267293880903282
0.23848459106706202
0.22829439980624663
0.2207408129428863
0.22650744077217821
0.235480689983177
0.19336803529459407
0.21293919991479668
0.19819033895268462
0.185143456453838
0.18378295373196324
0.17559194561915545
0.185143456453838
0.18378295373196324
0.17559194561915545
0.185143456453838
0.18660046646982603
0.18686199657060676
0.185143456453838
0.19505300468341455
0.2007171786627206
0.19899863854595184
0.19505300468341455
0.2060555867009187
0.21501386266054603
0.19505300468341455
0.21673240277731481
0.21501386266054603
0.19505300468341455
0.21673240277731487
0.21501386266054606
0.19505300468341455
0.21673240277731481
0.25374024444051474
0.2385644542619509
0.2458886489601483
0.25852531223908237
0.2385644542619509
0.23203346686803447
0.13248968554443144
0.12638400965941374
0.13360080574659802
0.12076574307922827
0.11466006719421057
0.13360080574659802
0.12076574307922827
0.11466006719421057
0.13360080574659802
0.12076574307922827
0.11466006719421057
0.1044698759333952
0.09209401132915487
0.10339001624275924
0.09319982498194389
0.09163481326602542
0.10339001624275924
0.09319982498194389
0.09163481326602545
0.10339001624275924
0.09319982498194389
0.09163481326602545
0.10339001624275924
0.09319982498194389
0.09163481326602545
0.09163481326602545
0.08144462200521008
0.09163481326602545
0.09163481326602542
0.08144462200521008
0.09163481326602545
0.09163481326602542
0.08144462200521008
0.09163481326602545
0.09457361401020889
0.09319982498194389
0.09163481326602542
0.10339001624275924
0.19102506618877813
0.18946005447285966
0.20121525744959348
0.19947760440236662
0.20073010542431097
0.20121525744959348
0.2140190596054326
0.21245404788951416
0.20121525744959348
0.22188848302459777
0.22556975358812276
0.20121525744959348
0.24098994739615504
0.2394249356802366
0.20121525744959348
0.24098994739615504
0.2394249356802366
0.20922286950689062
0.25700517151074925
0.2394249356802366
0.2172304815641877
0.25700517151074925
0.2394249356802366
0.20121525744959348
0.24098994739615504
0.19336803529459407
0.21293919991479668
0.19819033895268462
0.185143456453838
0.18378295373196324
0.17559194561915545
0.185143456453838
0.18378295373196324
0.17559194561915545
0.185143456453838
0.18660046646982603
0.18686199657060676
0.185143456453838
0.19505300468341455
0.2007171786627206
0.19899863854595184
0.19505300468341455
0.2060555867009187
0.21501386266054603
0.19505300468341455
0.21673240277731481
0.21501386266054603
0.19505300468341455
0.21673240277731487
0.21501386266054606
0.19505300468341455
0.21673240277731481
0.25374024444051474
0.2385644542619509
0.2458886489601483
0.25852531223908237
0.2385644542619509
0.23203346686803447
0.13248968554443144
0.12638400965941374
0.13360080574659802
0.12076574307922827
0.11466006719421057
0.13360080574659802
0.12076574307922827
0.11466006719421057
0.13360080574659802
0.12076574307922827
0.11466006719421057
0.1044698759333952
0.09209401132915487
0.10339001624275924
0.09319982498194389
0.09163481326602542
0.10339001624275924
0.09319982498194389
0.09163481326602545
0.10339001624275924
0.09319982498194389
0.09163481326602545
0.10339001624275924
0.09319982498194389
0.09163481326602545
0.09163481326602545
0.08144462200521008
0.09163481326602545
0.09163481326602542
0.08144462200521008
0.09163481326602545
0.09163481326602542
0.08144462200521008
0.09163481326602545
0.09457361401020889
0.09319982498194389
0.09163481326602542
0.10339001624275924
0.19102506618877813
0.18946005447285966
0.20121525744959348
0.19947760440236662
0.20073010542431097
0.20121525744959348
0.2140190596054326
0.21245404788951416
0.20121525744959348
0.22188848302459777
0.22556975358812276
0.20121525744959348
0.24098994739615504
0.2394249356802366
0.20121525744959348
0.24098994739615504
0.2394249356802366
0.20922286950689062
0.25700517151074925
0.2394249356802366
0.2172304815641877
0.25700517151074925
0.2394249356802366
0.20121525744959348
0.24098994739615504
0.30460192340676034
0.28659421979920996
0.27128896677276076
0.25160953655274315
0.23360183294519282
0.23547874820388073
0.2621377324518337
0.2570661495060632
0.251493972318475
0.26380122554834534
0.26679922534492423
0.2564844516080099
0.2687917048378803
0.2717897046344591
0.26147493089754487
0.2737821841274152
0.27678018392399406
0.2975296490342782
0.3134134124216486
0.3051498294751253
0.3753910176276663
0.39327356841516653
0.4111561192026667
0.4483351899097019
0.4855142606167372
0.5226933313237724
0.5598724020308076
0.5942686514676527
0.5995086547216644
0.6047486579756761
0.6099886612296879
0.6152286644836995
0.6204686677377111
0.5226434265308769
0.5226434265308769
0.5226434265308769
0.5226434265308769
0.5226434265308769
0.5226434265308769
0.5226434265308769
0.5226434265308769
0.5226434265308769
0.5226434265308769
0.5226434265308769
0.5226434265308769
0.5226434265308769
0.5134742525829048
0.5043050786349326
0.4951359046869602
0.48596673073898816
0.4951359046869602
0.5043050786349326
0.5134742525829048
0.5226434265308769
0.5226434265308769
0.5226434265308769
0.5226434265308769
0.5226434265308769
0.5226434265308769
0.5226434265308769
0.5226434265308769
0.5226434265308769
0.5226434265308769
0.5226434265308769
0.5226434265308769
0.5226434265308769
0.5226434265308769
0.5226434265308769
0.5226434265308769
0.5226434265308769
0.5226434265308769
0.5226434265308769
0.6204686677377111
0.5802121348021294
0.5399556018665476
0.4996990689309657
0.459442535995384
0.43422398065226747
0.40900542530915096
0.38378686996603445
0.32684968503002204
0.3585683146229179
0.2431550863736991
0.2398281001806758
0.23650111398765253
0.2331741277946293
0.229847141601606
0.22652015540858267
0.2231931692155594
0.2198661830225361
0.2165391968295128
0.2165391968295128
0.2165391968295128
0.21055062168207095
0.20456204653462903
0.22372548700644318
0.24288183922264958
0.23955485302962626
0.23622786683660302
0.20374463446074625
0.200417648267723
0.200417648267723
0.200417648267723
0.200417648267723
0.200417648267723
0.2020811413642346
0.20374463446074625
0.2054081275572579
0.20707162065376955
0.2087351137502812
0.21039860684679282
0.21206209994330447
0.21372559303981611
0.33437882454304657
0.33961882779705826
0.2420952385909474
0.37539101762766636
0.39327356841516653
0.4111561192026667
0.4483351899097019
0.4855142606167372
0.5226933313237724
0.5598724020308076
0.5942686514676527
0.5995086547216644
0.6047486579756761
0.6099886612296879
0.6152286644836995
0.6204686677377111
0.5226434265308769
0.5226434265308769
0.5226434265308769
0.5226434265308769
0.5226434265308769
0.5226434265308769
0.5234803083173368
0.5237431488318128
0.5242858805473247
0.5244181661038375
0.5248764760531859
0.5249058186817337
0.5250649509432661
0.5160170029200608
0.5065658036615543
0.49688965079795017
0.48914061036701684
0.49962179429850073
0.5120570618039376
0.5245149528438956
0.5380630762630404
0.5399781546702102
0.5410398151262198
0.5426766751489694
0.5435724000806248
0.5441842585140153
0.5444744513376056
0.54379735476106
0.542762268997084
0.5413130783732654
0.5383925673732446
0.5358422835957324
0.532935103933771
0.5297900417122089
0.5270247422108794
0.5240897142154693
0.5226434265308769
0.5226434265308769
0.5226434265308769
0.6204686677377111
0.5802121348021294
0.5399556018665476
0.4996990689309657
0.459442535995384
0.43422398065226747
0.40900542530915096
0.38378686996603445
0.25422690143669924
0.29022571365481337
0.27302549258040715
0.25584332429527007
0.23650111398765253
0.2331741277946293
0.229847141601606
0.22652015540858267
0.2231931692155594
0.2198661830225361
0.2165391968295128
0.2165391968295128
0.2165391968295128
0.21055062168207095
0.20456204653462903
0.22372548700644318
0.24288183922264958
0.23955485302962626
0.23622786683660302
0.20374463446074625
0.200417648267723
0.200417648267723
0.200417648267723
0.200417648267723
0.200417648267723
0.2020811413642346
0.20374463446074625
0.2054081275572579
0.20707162065376955
0.2087351137502812
0.21039860684679282
0.21206209994330447
0.21372559303981611
0.33437882454304657
0.3396188277970582
0.2420952385909474
0.37539101762766636
0.39327356841516653
0.4111561192026667
0.4483351899097019
0.4855142606167372
0.5226933313237724
0.5598724020308076
0.5942686514676527
0.5995086547216644
0.6047486579756761
0.6099886612296879
0.6152286644836995
0.6204686677377111
0.5226434265308769
0.5226434265308769
0.5226434265308769
0.5226434265308769
0.5226434265308769
0.5226434265308769
0.5226434265308769
0.5226434265308769
0.5226434265308769
0.5226434265308769
0.5226434265308769
0.5226434265308769
0.5226434265308769
0.5134742525829048
0.5043050786349326
0.4951359046869602
0.48596673073898816
0.4951359046869602
0.5043050786349326
0.5138137831707925
0.5229724650011985
0.5237025931412855
0.5229902033520757
0.5226434265308769
0.5226434265308769
0.5226434265308769
0.5226434265308769
0.5226434265308769
0.5226434265308769
0.5226434265308769
0.524671223604345
0.5252863380755851
0.5247839923830606
0.524472649684199
0.5226434265308769
0.5226434265308769
0.5226434265308769
0.5230324453532313
0.5226434265308769
0.6208576865600656
0.5802121348021294
0.5399556018665476
0.5000880877533201
0.459442535995384
0.43422398065226747
0.40939444413150533
0.38378686996603445
0.3016524674676925
0.34582480815127675
0.2431550863736991
0.2398281001806758
0.23689013281000698
0.2331741277946293
0.229847141601606
0.2269091742309371
0.2231931692155594
0.2198661830225361
0.21692821565186726
0.2165391968295128
0.2165391968295128
0.21093964050442537
0.20456204653462903
0.22372548700644318
0.24288183922264958
0.23955485302962626
0.23622786683660302
0.20374463446074625
0.200417648267723
0.200417648267723
0.200417648267723
0.200417648267723
0.200417648267723
0.2020811413642346
0.20374463446074625
0.2054081275572579
0.20707162065376955
0.2087351137502812
0.21039860684679282
0.21206209994330447
0.21372559303981611
0.33437882454304657
0.3396188277970583
0.2420952385909474
0.37539101762766636
0.39327356841516653
0.4111561192026667
0.4483351899097019
0.4855142606167372
0.5226933313237724
0.5598724020308076
0.5942686514676527
0.5995086547216644
0.6047486579756761
0.6099886612296879
0.6152286644836995
0.6204686677377111
0.5226434265308769
0.5226434265308769
0.5226434265308769
0.5226434265308769
0.5226434265308769
0.5226434265308769
0.5226434265308769
0.5226434265308769
0.5226434265308769
0.5226434265308769
0.5226434265308769
0.5226434265308769
0.5226434265308769
0.5134742525829048
0.5043050786349326
0.4951359046869602
0.48596673073898816
0.4951359046869602
0.5043050786349326
0.5134742525829048
0.5226434265308769
0.5226434265308769
0.5226434265308769
0.5226434265308769
0.5226434265308769
0.5226434265308769
0.5226434265308769
0.5226434265308769
0.5226434265308769
0.5226434265308769
0.5226434265308769
0.5226434265308769
0.5226434265308769
0.5226434265308769
0.5226434265308769
0.5226434265308769
0.5226434265308769
0.5226434265308769
0.5226434265308769
0.6204686677377111
0.5802121348021294
0.5399556018665476
0.4996990689309657
0.459442535995384
0.43422398065226747
0.40900542530915096
0.38378686996603445
0.29429543785131074
0.34543578932892227
0.2431550863736991
0.2398281001806758
0.23650111398765253
0.2331741277946293
0.229847141601606
0.22652015540858267
0.2231931692155594
0.2198661830225361
0.2165391968295128
0.2165391968295128
0.2165391968295128
0.21055062168207095
0.20456204653462903
0.22372548700644318
0.24706258497578026
0.24384100664869085
0.2388488670739482
0.20792538021387694
0.20470380188678755
0.20303864850506817
0.20459839402085364
0.20470380188678755
0.20303864850506817
0.2062618871173653
0.20803078807981085
0.20802912779460309
0.2112523664069002
0.21302126736934576
0.213019607084138
0.21624284569643515
0.21801174665888068
0.33699982478039175
0.343799573550189
0.24638139221001198
0.37801201786501154
0.39745431416829724
0.4154422728217313
0.4509561901470471
0.48969500636986785
0.526979484942837
0.5624934022681528
0.5984493972207834
0.603794808340729
0.6073696582130212
0.6141694069828185
0.6195148181027641
0.6230896679750563
0.5268241722840076
0.5269295801499415
0.5233513463124309
0.5240643818396754
0.5226434265308769
0.5226434265308769
0.5226434265308769
0.5226434265308769
0.5226434265308769
0.5226434265308769
0.5226434265308769
0.5226434265308769
0.5226434265308769
0.5134742525829048
0.5043050786349326
0.4951359046869602
0.48596673073898816
0.4951359046869602
0.5043050786349326
0.5134742525829048
0.5226434265308769
0.5226434265308769
0.5226434265308769
0.5226434265308769
0.5226434265308769
0.5226434265308769
0.5226434265308769
0.5247043730450769
0.5226434265308769
0.5233633224412194
0.5226434265308769
0.5226434265308769
0.5226434265308769
0.5226434265308769
0.5226434265308769
0.5226434265308769
0.5226434265308769
0.5226434265308769
0.5226434265308769
0.6204686677377111
0.5802121348021294
0.5399556018665476
0.4996990689309657
0.459442535995384
0.43422398065226747
0.40900542530915096
0.38378686996603445
0.25875010050748604
0.33108058593321943
0.29865074692756133
0.2541833035763787
0.23650111398765253
0.2331741277946293
0.229847141601606
0.22652015540858267
0.2231931692155594
0.2198661830225361
0.2165391968295128
0.2165391968295128
0.2165391968295128
0.21055062168207095
0.20456204653462903
0.22372548700644318
0.1792698632120443
0.1792698632120443
0.1792698632120443
0.15011361702921086
0.15011361702921086
0.15011361702921086
0.15011361702921086
0.15011361702921086
0.15011361702921086
0.15011361702921086
0.15011361702921086
0.15011361702921086
0.15011361702921086
0.15011361702921086
0.15011361702921086
0.15011361702921086
0.15011361702921086
0.15011361702921086
0.15011361702921086
0.15011361702921086
0.15011361702921086
0.15011361702921086
0.15011361702921086
0.15011361702921086
0.15011361702921086
0.15011361702921086
0.15011361702921086
0.1792698632120443
0.1792698632120443
0.1792698632120443
0.1792698632120443
0.1792698632120443
0.1792698632120443
0.08144462200521008
0.08144462200521008
0.08144462200521008
0.08144462200521008
0.08144462200521008
0.08144462200521008
0.08144462200521008
0.08144462200521008
0.08144462200521008
0.08144462200521008
0.08144462200521008
0.08144462200521008
0.08144462200521008
0.08144462200521008
0.08144462200521008
0.08144462200521008
0.08144462200521008
0.08144462200521008
0.08144462200521008
0.08144462200521008
0.08144462200521008
0.08144462200521008
0.08144462200521008
0.08144462200521008
0.08144462200521008
0.08144462200521008
0.08144462200521008
0.08144462200521008
0.08144462200521008
0.08144462200521008
0.08144462200521008
0.08144462200521008
0.08144462200521008
0.08144462200521008
0.08144462200521008
0.08144462200521008
0.08144462200521008
0.08144462200521008
0.08144462200521008
0.1792698632120443
0.1792698632120443
0.1792698632120443
0.1792698632120443
0.1792698632120443
0.1792698632120443
0.1792698632120443
0.1792698632120443
0.1792698632120443
0.1792698632120443
0.1792698632120443
0.1792698632120443
0.1792698632120443
0.1792698632120443
0.18946005447285966
0.18946005447285966
0.1792698632120443
0.1792698632120443
0.18946005447285966
0.18946005447285966
0.19102506618877813
0.20121525744959348
0.18946005447285966
0.19102506618877813
0.1792698632120443
0.1792698632120443
0.1792698632120443
0.15011361702921086
0.15011361702921086
0.15011361702921086
0.15011361702921086
0.15011361702921086
0.15011361702921086
0.15011361702921086
0.15011361702921086
0.15011361702921086
0.15011361702921086
0.15011361702921086
0.15011361702921086
0.15011361702921086
0.15011361702921086
0.15011361702921086
0.15011361702921086
0.15011361702921086
0.15011361702921086
0.15011361702921086
0.15011361702921086
0.15011361702921086
0.15011361702921086
0.15011361702921086
0.15011361702921086
0.1792698632120443
0.1792698632120443
0.1792698632120443
0.1792698632120443
0.1792698632120443
0.1792698632120443
0.08144462200521008
0.08144462200521008
0.08144462200521008
0.08144462200521008
0.08144462200521008
0.08144462200521008
0.08144462200521008
0.08144462200521008
0.08144462200521008
0.08144462200521008
0.08144462200521008
0.08144462200521008
0.08144462200521008
0.08144462200521008
0.08144462200521008
0.08144462200521008
0.08144462200521008
0.08144462200521008
0.08144462200521008
0.08144462200521008
0.08144462200521008
0.08144462200521008
0.08144462200521008
0.08144462200521008
0.08144462200521008
0.08144462200521008
0.08144462200521008
0.08144462200521008
0.08144462200521008
0.08144462200521008
0.08144462200521008
0.08144462200521008
0.08144462200521008
0.08144462200521008
0.08144462200521008
0.08144462200521008
0.08144462200521008
0.08144462200521008
0.08144462200521008
0.1792698632120443
0.1792698632120443
0.1792698632120443
0.1792698632120443
0.1792698632120443
0.1792698632120443
0.1792698632120443
0.1792698632120443
0.1792698632120443
0.1792698632120443
0.1792698632120443
0.1792698632120443
0.1792698632120443
0.1792698632120443
0.18946005447285966
0.18946005447285966
0.1792698632120443
0.1792698632120443
0.18946005447285966
0.18946005447285966
0.19102506618877813
0.20121525744959348
0.18946005447285966
0.19102506618877813
0.2789915383379127
0.274615952965784
0.26989720353935537
0.22858428262455804
0.2392354318543645
0.24535703592192665
0.22525729643153478
0.24674879915533204
0.24535703592192665
0.22692078952804642
0.25007578534835534
0.2503475152114616
0.23191126881758134
0.2550662646378903
0.2553379945009965
0.23690174810711626
0.26005674392742517
0.3212631188444379
0.3064033826080578
0.2884263894785565
0.3753910176276663
0.39327356841516653
0.4111561192026667
0.4483351899097019
0.4855142606167372
0.5226933313237724
0.5598724020308076
0.5942686514676527
0.5995086547216644
0.6047486579756761
0.6099886612296879
0.6152286644836995
0.6204686677377111
0.5226434265308769
0.5226434265308769
0.5226434265308769
0.5226434265308769
0.5226434265308769
0.5226434265308769
0.5226434265308769
0.5226434265308769
0.5226434265308769
0.5226434265308769
0.5226434265308769
0.5226434265308769
0.5226434265308769
0.5134742525829048
0.5043050786349326
0.4951359046869602
0.48596673073898816
0.4951359046869602
0.5043050786349326
0.5139951013544433
0.5230949432580532
0.5231236392337134
0.5230549737693714
0.5233944068217303
0.5230189963775207
0.5234569115612094
0.5231246705369256
0.5231073177935103
0.5231236220049186
0.5231130105533401
0.5230246929472254
0.522956136753701
0.5226434265308769
0.5226434265308769
0.5226434265308769
0.5226434265308769
0.5226434265308769
0.5226434265308769
0.5226434265308769
0.6204686677377111
0.5802121348021294
0.5399556018665476
0.4996990689309657
0.459442535995384
0.43422398065226747
0.40900542530915096
0.38378686996603445
0.32292526944512034
0.3585683146229179
0.2431550863736991
0.2398281001806758
0.23650111398765253
0.2331741277946293
0.229847141601606
0.22652015540858267
0.2231931692155594
0.2198661830225361
0.2165391968295128
0.2165391968295128
0.2165391968295128
0.21055062168207095
0.20456204653462903
0.22372548700644318
0.24288183922264958
0.23955485302962626
0.23622786683660302
0.20374463446074625
0.200417648267723
0.200417648267723
0.200417648267723
0.200417648267723
0.200417648267723
0.2020811413642346
0.2139348257215616
0.22735352179480708
0.21882682363050338
0.21892530501109655
0.232344001084342
0.2238173029200383
0.22391578430063147
0.3343788245430465
0.3294286365362429
0.2522854298517628
0.37539101762766636
0.39327356841516653
0.4111561192026667
0.4483351899097019
0.4855142606167372
0.5226933313237724
0.5598724020308076
0.5942686514676527
0.5995086547216644
0.6047486579756761
0.6099886612296879
0.6152286644836995
0.6204686677377111
0.5226434265308769
0.5226434265308769
0.5226434265308769
0.5226434265308769
0.5226434265308769
0.5226434265308769
0.5226434265308769
0.5226434265308769
0.5226434265308769
0.5226434265308769
0.5226434265308769
0.5226434265308769
0.5226434265308769
0.5134742525829048
0.5043050786349326
0.4951359046869602
0.48596673073898816
0.4951359046869602
0.5043050786349326
0.5134742525829048
0.5226434265308769
0.5226434265308769
0.5226434265308769
0.5226434265308769
0.5226434265308769
0.5230588534926206
0.5226434265308769
0.5226434265308769
0.5226434265308769
0.5226434265308769
0.5226434265308769
0.5226434265308769
0.5226434265308769
0.5226434265308769
0.5226434265308769
0.5226434265308769
0.5226434265308769
0.5226434265308769
0.5226434265308769
0.6204686677377111
0.5802121348021294
0.5399556018665476
0.4996990689309657
0.459442535995384
0.43422398065226747
0.40900542530915096
0.38378686996603445
0.31698476191548747
0.3585683146229179
0.2431550863736991
0.2398281001806758
0.23650111398765253
0.2331741277946293
0.229847141601606
0.22652015540858267
0.2231931692155594
0.2198661830225361
0.2165391968295128
0.2165391968295128
0.2165391968295128
0.21055062168207095
0.20456204653462903
0.22372548700644318
0.24288183922264958
0.23955485302962626
0.23622786683660302
0.20374463446074625
0.200417648267723
0.200417648267723
0.200417648267723
0.200417648267723
0.200417648267723
0.2020811413642346
0.20374463446074625
0.2054081275572579
0.20707162065376955
0.2087351137502812
0.21039860684679282
0.21206209994330447
0.21372559303981611
0.33437882454304657
0.33961882779705826
0.2420952385909474
0.3753910176276663
0.39327356841516653
0.4111561192026667
0.4483351899097019
0.4855142606167372
0.5226933313237724
0.5598724020308076
0.5942686514676527
0.5995086547216644
0.6047486579756761
0.6099886612296879
0.6152286644836995
0.6204686677377111
0.5226434265308769
0.5226434265308769
0.5226434265308769
0.5226434265308769
0.5226434265308769
0.5226434265308769
0.5226434265308769
0.5226434265308769
0.5226434265308769
0.5226434265308769
0.5226434265308769
0.5226434265308769
0.5226434265308769
0.5134742525829048
0.5043050786349326
0.4951359046869602
0.48596673073898816
0.4951359046869602
0.5043050786349326
0.5134742525829048
0.5226434265308769
0.5226434265308769
0.5226434265308769
0.5226434265308769
0.5226434265308769
0.5226434265308769
0.5226434265308769
0.5226434265308769
0.5226434265308769
0.5226434265308769
0.5226434265308769
0.5226434265308769
0.5226434265308769
0.5226434265308769
0.5226434265308769
0.5226434265308769
0.5226434265308769
0.5226434265308769
0.5226434265308769
0.6204686677377111
0.5802121348021294
0.5399556018665476
0.4996990689309657
0.459442535995384
0.43422398065226747
0.40900542530915096
0.38378686996603445
0.3410427758991622
0.3585683146229179
0.2431550863736991
0.2398281001806758
0.23650111398765253
0.2331741277946293
0.27663218400296696
0.2733051978099436
0.2231931692155594
0.266651225423897
0.2633242392308738
0.2165391968295128
0.2633242392308738
0.2573356640834319
0.20456204653462903
0.2705105294078042
0.28966688162401055
0.23955485302962626
0.283012909237964
0.25052967686210725
0.200417648267723
0.24720269066908396
0.24720269066908396
0.200417648267723
0.24720269066908396
0.2488661837655956
0.20374463446074625
0.2521931699586189
0.2538566630551305
0.24193250582188072
0.3126793098020161
0.25884714234466544
0.2692212535936784
0.3343788245430465
0.284123167243196
0.2975908991448097
0.3753910176276663
0.39327356841516653
0.4111561192026667
0.4483351899097019
0.4855142606167372
0.5226933313237724
0.5598724020308076
0.5942686514676527
0.5995086547216644
0.6047486579756761
0.6099886612296879
0.6152286644836995
0.6204686677377111
0.5226434265308769
0.5226434265308769
0.5226434265308769
0.5226434265308769
0.5226434265308769
0.5226434265308769
0.5226434265308769
0.5226434265308769
0.5226434265308769
0.5226434265308769
0.5226434265308769
0.5226434265308769
0.5226434265308769
0.5134742525829048
0.5043050786349326
0.4951359046869602
0.48596673073898816
0.4951359046869602
0.5043050786349326
0.5134742525829048
0.5226434265308769
0.5226434265308769
0.5226434265308769
0.5226434265308769
0.5226434265308769
0.5226434265308769
0.5226434265308769
0.5226434265308769
0.5226434265308769
0.5226434265308769
0.5226434265308769
0.5226434265308769
0.5226434265308769
0.5226434265308769
0.5226434265308769
0.5226434265308769
0.5226434265308769
0.5226434265308769
0.5226434265308769
0.6204686677377111
0.5802121348021294
0.5399556018665476
0.4996990689309657
0.459442535995384
0.43422398065226747
0.40900542530915096
0.38378686996603445
0.33064054332495835
0.3585683146229179
0.2431550863736991
0.2398281001806758
0.23650111398765253
0.2331741277946293
0.229847141601606
0.22652015540858267
0.2231931692155594
0.2198661830225361
0.2165391968295128
0.2165391968295128
0.2165391968295128
0.21055062168207095
0.20456204653462903
0.22372548700644318
0.24288183922264958
0.23955485302962626
0.23622786683660302
0.20374463446074625
0.21060783952853834
0.21060783952853834
0.2121728512444568
0.22236304250527217
0.21060783952853834
0.21383634434096843
0.22569002869829544
0.21950629963980767
0.23055076609570654
0.23068050798783038
0.22058879810760817
0.2238173029200383
0.2356709872773653
0.3226236215663127
0.3294286365362429
0.2640406328284966
0.37539101762766636
0.39327356841516653
0.4111561192026667
0.4483351899097019
0.4855142606167372
0.5226933313237724
0.5598724020308076
0.5942686514676527
0.5995086547216644
0.6047486579756761
0.6099886612296879
0.6152286644836995
0.6204686677377111
0.5226434265308769
0.5226434265308769
0.5226434265308769
0.5226434265308769
0.5226434265308769
0.5226434265308769
0.5226434265308769
0.5226434265308769
0.5233812242649075
0.52357367813759
0.5236312934539681
0.5237159305107629
0.5240408481118796
0.5147556281227363
0.5051938128742901
0.49596023121359195
0.4872206492247531
0.49644612413465605
0.5061126232916693
0.5162840100799125
0.5270416767595385
0.527331908628465
0.5272915115259708
0.5270349536511453
0.5270417539645414
0.5270464372715581
0.5265745859859956
0.5264871452419423
0.5262927767030473
0.5255957010823745
0.524413361487057
0.5235467746816211
0.5230476221687438
0.5226434265308769
0.5226434265308769
0.5226434265308769
0.5226434265308769
0.5235677861791433
0.5226434265308769
0.6213930273859776
0.5802121348021294
0.5399556018665476
0.5006234285792321
0.459442535995384
0.43422398065226747
0.4099297849574174
0.38378686996603445
0.30825551908874954
0.3463601489771888
0.24972134902069687
0.25296062547467135
0.23742547363591898
0.2331741277946293
0.229847141601606
0.2274445150568491
0.2231931692155594
0.2198661830225361
0.21746355647777924
0.2165391968295128
0.2165391968295128
0.21147498133033735
0.20456204653462903
0.22372548700644318
0.1792698632120443
0.1792698632120443
0.1792698632120443
0.15011361702921086
0.15011361702921086
0.15011361702921086
0.15011361702921086
0.15011361702921086
0.15011361702921086
0.15011361702921086
0.15011361702921086
0.15011361702921086
0.15011361702921086
0.15011361702921086
0.15011361702921086
0.15011361702921086
0.15011361702921086
0.15011361702921086
0.15011361702921086
0.16030380829002622
0.16030380829002622
0.15011361702921086
0.17205901126676004
0.17205901126676004
0.15011361702921086
0.17205901126676004
0.17205901126676004
0.1792698632120443
0.1792698632120443
0.18946005447285966
0.20121525744959348
0.19102506618877813
0.1792698632120443
0.09319982498194389
0.09319982498194389
0.08144462200521008
0.08144462200521008
0.08144462200521008
0.08144462200521008
0.08144462200521008
0.08144462200521008
0.08144462200521008
0.08144462200521008
0.08144462200521008
0.08144462200521008
0.08144462200521008
0.08144462200521008
0.08144462200521008
0.08144462200521008
0.08144462200521008
0.08144462200521008
0.08144462200521008
0.08144462200521008
0.08144462200521008
0.08144462200521008
0.08144462200521008
0.08144462200521008
0.08144462200521008
0.08144462200521008
0.08144462200521008
0.08144462200521008
0.08144462200521008
0.08144462200521008
0.08144462200521008
0.08144462200521008
0.08144462200521008
0.08144462200521008
0.08144462200521008
0.08144462200521008
0.08144462200521008
0.08144462200521008
0.08144462200521008
0.1792698632120443
0.1792698632120443
0.1792698632120443
0.1792698632120443
0.1792698632120443
0.1792698632120443
0.1792698632120443
0.1792698632120443
0.1792698632120443
0.1792698632120443
0.1792698632120443
0.1792698632120443
0.1792698632120443
0.1792698632120443
0.1792698632120443
0.1792698632120443
0.1792698632120443
0.1792698632120443
0.1792698632120443
0.1792698632120443
0.1792698632120443
0.1792698632120443
0.1792698632120443
0.1792698632120443
0.1792698632120443
0.1792698632120443
0.1792698632120443
0.15011361702921086
0.15011361702921086
0.15011361702921086
0.15011361702921086
0.15011361702921086
0.15011361702921086
0.15011361702921086
0.15011361702921086
0.15011361702921086
0.15011361702921086
0.15011361702921086
0.15011361702921086
0.15011361702921086
0.15011361702921086
0.15011361702921086
0.15011361702921086
0.16030380829002622
0.16030380829002622
0.15011361702921086
0.17205901126676004
0.17205901126676004
0.15011361702921086
0.17205901126676004
0.17205901126676004
0.1792698632120443
0.1792698632120443
0.18946005447285966
0.20121525744959348
0.19102506618877813
0.1792698632120443
0.09319982498194389
0.09319982498194389
0.08144462200521008
0.08144462200521008
0.08144462200521008
0.08144462200521008
0.08144462200521008
0.08144462200521008
0.08144462200521008
0.08144462200521008
0.08144462200521008
0.08144462200521008
0.08144462200521008
0.08144462200521008
0.08144462200521008
0.08144462200521008
0.08144462200521008
0.08144462200521008
0.08144462200521008
0.08144462200521008
0.08144462200521008
0.08144462200521008
0.08144462200521008
0.08144462200521008
0.08144462200521008
0.08144462200521008
0.08144462200521008
0.08144462200521008
0.08144462200521008
0.08144462200521008
0.08144462200521008
0.08144462200521008
0.08144462200521008
0.08144462200521008
0.08144462200521008
0.08144462200521008
0.08144462200521008
0.08144462200521008
0.08144462200521008
0.1792698632120443
0.1792698632120443
0.1792698632120443
0.1792698632120443
0.1792698632120443
0.1792698632120443
0.1792698632120443
0.1792698632120443
0.1792698632120443
0.1792698632120443
0.1792698632120443
0.1792698632120443
0.1792698632120443
0.1792698632120443
0.1792698632120443
0.1792698632120443
0.1792698632120443
0.1792698632120443
0.1792698632120443
0.1792698632120443
0.1792698632120443
0.1792698632120443
0.1792698632120443
0.1792698632120443
0.24288183922264958
0.23955485302962626
0.23622786683660302
0.20374463446074625
0.200417648267723
0.200417648267723
0.200417648267723
0.200417648267723
0.200417648267723
0.2020811413642346
0.20374463446074625
0.2054081275572579
0.20707162065376955
0.2087351137502812
0.21039860684679282
0.21206209994330447
0.21372559303981611
0.33437882454304657
0.3396188277970583
0.2420952385909474
0.37539101762766636
0.39327356841516653
0.4111561192026667
0.4483351899097019
0.4855142606167372
0.5226933313237724
0.5598724020308076
0.5942686514676527
0.5995086547216644
0.6047486579756761
0.6099886612296879
0.6152286644836995
0.6204686677377111
0.5226434265308769
0.5226434265308769
0.5226434265308769
0.5226434265308769
0.5226434265308769
0.5226434265308769
0.5226434265308769
0.5226434265308769
0.5230921989657646
0.5226434265308769
0.5237940706364091
0.5233975715837575
0.5250638342914833
0.5164504929359952
0.5063588847958594
0.4975897139321545
0.48714528026507614
0.4954673331887823
0.505501621298505
0.5146605512888911
0.525561173340148
0.5239408464082683
0.5248680025863557
0.5243594203321216
0.5258921990671258
0.5283949679068687
0.5297318713567511
0.5310825832841912
0.533191236237641
0.5323205977082057
0.5309634862916609
0.5289890605149314
0.526860307576003
0.5253416457931049
0.5238884338601183
0.5226434265308769
0.5226434265308769
0.5226434265308769
0.5226434265308769
0.5226434265308769
0.5802121348021294
0.5399556018665476
0.4996990689309657
0.459442535995384
0.43422398065226747
0.40900542530915096
0.38378686996603445
0.25422690143669924
0.3019496561200166
0.27310611283055225
0.25294380587928444
0.23650111398765253
0.2331741277946293
0.229847141601606
0.22652015540858267
0.2231931692155594
0.2198661830225361
0.2165391968295128
0.2165391968295128
0.2165391968295128
0.21055062168207095
0.20456204653462903
0.22372548700644318
0.24683357271715456
0.2441341234123542
0.2395988417294673
0.2076963679552513
0.20499691865045083
0.20378862316058724
0.20436938176222802
0.20499691865045083
0.20378862316058724
0.20603287485873958
0.20832390484347413
0.20877910245012216
0.21102335414827458
0.21331438413300913
0.2137695817396571
0.21601383343780947
0.218304863422544
0.33774979943591094
0.34357056129156327
0.2466745089736753
0.37876199252053067
0.39722530190967154
0.4157353895853946
0.4517061648025662
0.48946599411124214
0.5272726017065003
0.5632433769236718
0.5982203849621577
0.6040879251043924
0.6081196328685404
0.6139403947241928
0.6198079348664274
0.6238396426305753
0.5265951600253819
0.5272226969136048
0.5264750179568032
0.5255453220671091
0.5257488548578992
0.524541199210638
0.5261357622271984
0.5262464885164009
0.5264576616575387
0.5278158115982722
0.5288664591612058
0.5313125407801607
0.5331117533719711
0.5259617756736603
0.5172780082533539
0.5092102555457435
0.500991237553225
0.5124477046019137
0.524004122880829
0.5363818174049627
0.547491575148281
0.5493591242332009
0.5500810522802185
0.5525250506625423
0.5539266396769911
0.5550252790903935
0.5570377692875219
0.5563621326740356
0.5554634645678148
0.553737717427598
0.5515697375563755
0.5484229371031416
0.5449076231171427
0.5392992381122285
0.5340715103124546
0.5290130272291776
0.5243582172364464
0.5226434265308769
0.52282006613409
0.5226434265308769
0.5803887744053425
0.5399556018665476
0.4996990689309657
0.45961917559859716
0.43422398065226747
0.40900542530915096
0.38396350956924763
0.2569452962303365
0.2763705315626996
0.25718690806902605
0.2536832822727896
0.23650111398765253
0.23335076739784244
0.229847141601606
0.22652015540858267
0.22336980881877258
0.2198661830225361
0.2165391968295128
0.21671583643272602
0.2165391968295128
0.21055062168207095
0.20473868613784219
0.22372548700644318
0.24288183922264958
0.23955485302962626
0.23622786683660302
0.20374463446074625
0.200417648267723
0.200417648267723
0.200417648267723
0.200417648267723
0.200417648267723
0.2020811413642346
0.20374463446074625
0.2054081275572579
0.20707162065376955
0.2087351137502812
0.21039860684679282
0.21206209994330447
0.21372559303981611
0.33437882454304657
0.3396188277970582
0.2420952385909474
0.37539101762766636
0.39327356841516653
0.4111561192026667
0.4483351899097019
0.4855142606167372
0.5226933313237724
0.5598724020308076
0.5942686514676527
0.5995086547216644
0.6047486579756761
0.6099886612296879
0.6152286644836995
0.6204686677377111
0.5226434265308769
0.5226434265308769
0.5226434265308769
0.5226434265308769
0.5229385926223123
0.5235712654723156
0.5238942066658288
0.5235928227136722
0.5242322725794862
0.5248886932336919
0.5246270340591698
0.5246423791652686
0.524162697708259
0.5144645786505472
0.5050089044262619
0.4951359046869602
0.48695384812802006
0.4971781773190971
0.5083925152164913
0.5200533269669508
0.5314530545996247
0.5334308971941526
0.5330778841201592
0.5333509626269644
0.5340385137361632
0.5338779100990517
0.5334507156129126
0.5321727753549704
0.5311017780083518
0.5292279716194502
0.5280187946161008
0.5270372929409304
0.5261870789553664
0.5245465928952
0.5235341939237873
0.5226434265308769
0.5226434265308769
0.5226434265308769
0.5233958145485871
0.5226434265308769
0.5809645228198397
0.5399556018665476
0.4996990689309657
0.46019492401309425
0.43422398065226747
0.40900542530915096
0.3845392579837447
0.299102882060947
0.34543578932892227
0.25826267778711226
0.2398281001806758
0.23650111398765253
0.23392651581233953
0.229847141601606
0.22652015540858267
0.22394555723326967
0.2198661830225361
0.2165391968295128
0.21729158484722308
0.2165391968295128
0.21055062168207095
0.20531443455233928
0.22372548700644318
0.24288183922264958
0.23955485302962626
0.23622786683660302
0.20374463446074625
0.200417648267723
0.200417648267723
0.200417648267723
0.200417648267723
0.200417648267723
0.2020811413642346
0.20374463446074625
0.2054081275572579
0.20707162065376955
0.2087351137502812
0.21039860684679282
0.21206209994330447
0.21372559303981611
0.33437882454304657
0.33961882779705826
0.2420952385909474
0.37539101762766636
0.39327356841516653
0.4111561192026667
0.4483351899097019
0.4855142606167372
0.5226933313237724
0.5598724020308076
0.5942686514676527
0.5995086547216644
0.6047486579756761
0.6099886612296879
0.6152286644836995
0.6204686677377111
0.5226434265308769
0.5226434265308769
0.5226434265308769
0.5226434265308769
0.5229655673913615
0.5231140250789708
0.5235766888237753
0.5235373226686109
0.5235786609077405
0.5239391279541366
0.5235675919423399
0.5239369487392068
0.5240136450968037
0.5149389589155873
0.5053097770270877
0.4960444406227617
0.4868720916133907
0.4960069891251775
0.5057439954670311
0.5173415146548963
0.5275367752967618
0.527586017836764
0.5272288847302297
0.5300005342959104
0.5332942580690984
0.5352833549595386
0.5369505525759416
0.5362763638005695
0.5348017675423357
0.5328299816023238
0.5303403843694153
0.5290703050872073
0.5280980457976752
0.5262090763552838
0.5247544054963945
0.5233131724208446
0.5226434265308769
0.5226434265308769
0.523448171386463
0.5226434265308769
0.5810168796577156
0.5399556018665476
0.4996990689309657
0.4602472808509702
0.43422398065226747
0.40900542530915096
0.38459161482162074
0.28773941165373007
0.33108058593321943
0.24395983122928536
0.2398281001806758
0.23650111398765253
0.23397887265021552
0.229847141601606
0.22652015540858267
0.22399791407114564
0.2198661830225361
0.2165391968295128
0.21734394168509905
0.2165391968295128
0.21055062168207095
0.20536679139021527
0.22372548700644318
0.24288183922264958
0.23955485302962626
0.23622786683660302
0.20374463446074625
0.200417648267723
0.200417648267723
0.200417648267723
0.200417648267723
0.200417648267723
0.2020811413642346
0.20374463446074625
0.2054081275572579
0.20707162065376955
0.2087351137502812
0.21039860684679282
0.21206209994330447
0.21372559303981611
0.33437882454304657
0.3396188277970582
0.2420952385909474
0.37539101762766636
0.39327356841516653
0.4111561192026667
0.4483351899097019
0.4855142606167372
0.5226933313237724
0.5598724020308076
0.5942686514676527
0.5995086547216644
0.6047486579756761
0.6099886612296879
0.6152286644836995
0.6204686677377111
0.5226434265308769
0.5226434265308769
0.5226434265308769
0.5226434265308769
0.5226434265308769
0.5226434265308769
0.5226434265308769
0.5229900043357197
0.523514601895292
0.5235061170183782
0.5231133084932037
0.5234167230881764
0.5235004848488388
0.5145777741172626
0.505007557479651
0.49547098580177146
0.4863422174779468
0.4951359046869602
0.5052206769470321
0.5156518196967702
0.5246414688681827
0.5247313314526806
0.5235234531506504
0.5230385801442436
0.5226434265308769
0.5230358549993503
0.5226434265308769
0.5226434265308769
0.5226434265308769
0.5226434265308769
0.5226434265308769
0.5226434265308769
0.5226434265308769
0.5226434265308769
0.5226434265308769
0.5226434265308769
0.5226434265308769
0.5226434265308769
0.5226434265308769
0.5226434265308769
0.5802121348021294
0.5399556018665476
0.4996990689309657
0.459442535995384
0.43422398065226747
0.40900542530915096
0.38378686996603445
0.295578381965633
0.34543578932892227
0.2431550863736991
0.2398281001806758
0.23650111398765253
0.2331741277946293
0.229847141601606
0.22652015540858267
0.2231931692155594
0.2198661830225361
0.2165391968295128
0.2165391968295128
0.2165391968295128
0.21055062168207095
0.20456204653462903
0.22372548700644318
0.1792698632120443
0.1792698632120443
0.1792698632120443
0.15011361702921086
0.15011361702921086
0.15011361702921086
0.15011361702921086
0.15011361702921086
0.15011361702921086
0.15011361702921086
0.15011361702921086
0.15011361702921086
0.15011361702921086
0.15011361702921086
0.15011361702921086
0.15011361702921086
0.15011361702921086
0.15011361702921086
0.15011361702921086
0.15011361702921086
0.15011361702921086
0.15011361702921086
0.15011361702921086
0.15011361702921086
0.15011361702921086
0.15011361702921086
0.15011361702921086
0.1792698632120443
0.1792698632120443
0.1792698632120443
0.1792698632120443
0.1792698632120443
0.08144462200521008
0.08144462200521008
0.08144462200521008
0.08144462200521008
0.08144462200521008
0.08144462200521008
0.08144462200521008
0.08144462200521008
0.08144462200521008
0.08144462200521008
0.08144462200521008
0.08144462200521008
0.08144462200521008
0.08144462200521008
0.08144462200521008
0.08144462200521008
0.08144462200521008
0.08144462200521008
0.08144462200521008
0.08144462200521008
0.08144462200521008
0.08144462200521008
0.08144462200521008
0.08144462200521008
0.08144462200521008
0.08144462200521008
0.08144462200521008
0.08144462200521008
0.08144462200521008
0.08144462200521008
0.08144462200521008
0.08144462200521008
0.08144462200521008
0.08144462200521008
0.08144462200521008
0.08144462200521008
0.08144462200521008
0.08144462200521008
0.08144462200521008
0.08144462200521008
0.08144462200521008
0.1792698632120443
0.1792698632120443
0.1792698632120443
0.1792698632120443
0.1792698632120443
0.1792698632120443
0.1792698632120443
0.1792698632120443
0.1792698632120443
0.1792698632120443
0.1792698632120443
0.1792698632120443
0.1792698632120443
0.1792698632120443
0.1792698632120443
0.1792698632120443
0.1792698632120443
0.1792698632120443
0.1792698632120443
0.1792698632120443
0.1792698632120443
0.1792698632120443
0.1792698632120443
0.1792698632120443
0.1792698632120443
0.1792698632120443
0.15011361702921086
0.15011361702921086
0.15011361702921086
0.15011361702921086
0.15011361702921086
0.15011361702921086
0.15011361702921086
0.15011361702921086
0.15011361702921086
0.15011361702921086
0.15011361702921086
0.15011361702921086
0.15011361702921086
0.15011361702921086
0.15011361702921086
0.15011361702921086
0.15011361702921086
0.15011361702921086
0.15011361702921086
0.15011361702921086
0.15011361702921086
0.15011361702921086
0.15011361702921086
0.15011361702921086
0.1792698632120443
0.1792698632120443
0.1792698632120443
0.1792698632120443
0.1792698632120443
0.08144462200521008
0.08144462200521008
0.08144462200521008
0.08144462200521008
0.08144462200521008
0.08144462200521008
0.08144462200521008
0.08144462200521008
0.08144462200521008
0.08144462200521008
0.08144462200521008
0.08144462200521008
0.08144462200521008
0.08144462200521008
0.08144462200521008
0.08144462200521008
0.08144462200521008
0.08144462200521008
0.08144462200521008
0.08144462200521008
0.08144462200521008
0.08144462200521008
0.08144462200521008
0.08144462200521008
0.08144462200521008
0.08144462200521008
0.08144462200521008
0.08144462200521008
0.08144462200521008
0.08144462200521008
0.08144462200521008
0.08144462200521008
0.08144462200521008
0.08144462200521008
0.08144462200521008
0.08144462200521008
0.08144462200521008
0.08144462200521008
0.08144462200521008
0.08144462200521008
0.08144462200521008
0.1792698632120443
0.1792698632120443
0.1792698632120443
0.1792698632120443
0.1792698632120443
0.1792698632120443
0.1792698632120443
0.1792698632120443
0.1792698632120443
0.1792698632120443
0.1792698632120443
0.1792698632120443
0.1792698632120443
0.1792698632120443
0.1792698632120443
0.1792698632120443
0.1792698632120443
0.1792698632120443
0.1792698632120443
0.1792698632120443
0.1792698632120443
0.1792698632120443
0.1792698632120443
0.24288183922264958
0.23955485302962626
0.23622786683660302
0.20374463446074625
0.200417648267723
0.200417648267723
0.200417648267723
0.200417648267723
0.200417648267723
0.2020811413642346
0.20374463446074625
0.2054081275572579
0.20707162065376955
0.2087351137502812
0.21039860684679282
0.21206209994330447
0.21372559303981611
0.33437882454304657
0.3396188277970583
0.2420952385909474
0.37539101762766636
0.39327356841516653
0.4111561192026667
0.4483351899097019
0.4855142606167372
0.5226933313237724
0.5598724020308076
0.5942686514676527
0.5995086547216644
0.6047486579756761
0.6099886612296879
0.6152286644836995
0.5226434265308769
0.5226434265308769
0.5226434265308769
0.5226434265308769
0.5226434265308769
0.5226434265308769
0.5226434265308769
0.5226434265308769
0.5226434265308769
0.5226434265308769
0.5226434265308769
0.5226434265308769
0.5226434265308769
0.5226434265308769
0.5134742525829048
0.5043050786349326
0.4951359046869602
0.48596673073898816
0.4951359046869602
0.5043050786349326
0.5134742525829048
0.5226434265308769
0.5226434265308769
0.5226434265308769
0.5226434265308769
0.5226434265308769
0.5226434265308769
0.5226434265308769
0.5226434265308769
0.5226434265308769
0.5226434265308769
0.5226434265308769
0.5226434265308769
0.5226434265308769
0.5226434265308769
0.5226434265308769
0.5226434265308769
0.5226434265308769
0.5226434265308769
0.5226434265308769
0.5226434265308769
0.5802121348021294
0.5399556018665476
0.4996990689309657
0.459442535995384
0.43422398065226747
0.40900542530915096
0.38378686996603445
0.31650702168590433
0.3585683146229179
0.2431550863736991
0.2398281001806758
0.23650111398765253
0.2331741277946293
0.229847141601606
0.22652015540858267
0.2231931692155594
0.2198661830225361
0.2165391968295128
0.2165391968295128
0.2165391968295128
0.21055062168207095
0.20456204653462903
0.22372548700644318
0.24288183922264958
0.23955485302962626
0.23622786683660302
0.20374463446074625
0.200417648267723
0.200417648267723
0.200417648267723
0.200417648267723
0.200417648267723
0.2020811413642346
0.20374463446074625
0.2054081275572579
0.2538566630551305
0.25552015615164214
0.21039860684679282
0.21206209994330447
0.21372559303981611
0.33437882454304657
0.33961882779705826
0.2420952385909474
0.3753910176276663
0.39327356841516653
0.4111561192026667
0.4483351899097019
0.4855142606167372
0.5226933313237724
0.5598724020308076
0.5942686514676527
0.5995086547216644
0.6047486579756761
0.6099886612296879
0.6152286644836995
0.5226434265308769
0.5226434265308769
0.5226434265308769
0.5226434265308769
0.5226434265308769
0.5226434265308769
0.5226434265308769
0.5226434265308769
0.5226434265308769
0.5226434265308769
0.5226434265308769
0.5226434265308769
0.5226434265308769
0.5226434265308769
0.5134742525829048
0.5043050786349326
0.4951359046869602
0.48596673073898816
0.4951359046869602
0.5043050786349326
0.5138417472635199
0.5226434265308769
0.5226434265308769
0.5226434265308769
0.5226434265308769
0.5226434265308769
0.5226434265308769
0.5226434265308769
0.5226434265308769
0.5229560254734327
0.5229473115040348
0.5229540312728005
0.5229787704953653
0.5226434265308769
0.5226434265308769
0.5226434265308769
0.5226434265308769
0.5226434265308769
0.5226434265308769
0.5226434265308769
0.5226434265308769
0.5802121348021294
0.5399556018665476
0.4996990689309657
0.459442535995384
0.43422398065226747
0.40900542530915096
0.38378686996603445
0.32497601278736366
0.3585683146229179
0.2431550863736991
0.2398281001806758
0.23650111398765253
0.2331741277946293
0.229847141601606
0.22652015540858267
0.2231931692155594
0.2198661830225361
0.2165391968295128
0.2165391968295128
0.2165391968295128
0.21055062168207095
0.20456204653462903
0.22372548700644318
0.24288183922264958
0.23955485302962626
0.23622786683660302
0.20374463446074625
0.200417648267723
0.200417648267723
0.200417648267723
0.200417648267723
0.200417648267723
0.2020811413642346
0.20374463446074625
0.2054081275572579
0.2172618119145849
0.21892530501109655
0.21039860684679282
0.21206209994330447
0.22391578430063147
0.3343788245430465
0.3294286365362429
0.2522854298517628
0.37539101762766636
0.39327356841516653
0.4111561192026667
0.4483351899097019
0.4855142606167372
0.5226933313237724
0.5598724020308076
0.5942686514676527
0.5995086547216644
0.6047486579756761
0.6099886612296879
0.6152286644836995
0.5226434265308769
0.5226434265308769
0.5226434265308769
0.5226434265308769
0.5226434265308769
0.5226434265308769
0.5226434265308769
0.5226434265308769
0.5226434265308769
0.5226434265308769
0.5226434265308769
0.5226434265308769
0.5226434265308769
0.5229917978596516
0.5134742525829048
0.5043050786349326
0.4951359046869602
0.48596673073898816
0.4951359046869602
0.5043050786349326
0.5134742525829048
0.5230210874714152
0.5229884052721215
0.5230725595294586
0.5236894232803293
0.5240088595543643
0.5238049576937722
0.5244929126824757
0.5241622987757688
0.5237000937971802
0.5236462232671933
0.5233866504776518
0.5226434265308769
0.5226434265308769
0.5226434265308769
0.5226434265308769
0.5226434265308769
0.5226434265308769
0.5228286110346234
0.5226434265308769
0.5228286110346234
0.5802121348021294
0.5399556018665476
0.49988425343471227
0.459442535995384
0.43422398065226747
0.40919060981289745
0.38378686996603445
0.3126072534841556
0.3587534991266644
0.25628761166769465
0.2398281001806758
0.23668629849139905
0.2331741277946293
0.229847141601606
0.2267053399123292
0.2231931692155594
0.2198661830225361
0.21672438133325933
0.2165391968295128
0.2165391968295128
0.21073580618581741
0.20456204653462903
0.22372548700644318
0.24288183922264958
0.23955485302962626
0.23622786683660302
0.20374463446074625
0.200417648267723
0.200417648267723
0.200417648267723
0.200417648267723
0.200417648267723
0.2020811413642346
0.20374463446074625
0.2054081275572579
0.20707162065376955
0.2087351137502812
0.21039860684679282
0.21206209994330447
0.21372559303981611
0.33437882454304657
0.33961882779705826
0.2420952385909474
0.3753910176276663
0.39327356841516653
0.4111561192026667
0.4483351899097019
0.4855142606167372
0.5226933313237724
0.5598724020308076
0.5942686514676527
0.5995086547216644
0.6047486579756761
0.6099886612296879
0.6152286644836995
0.5226434265308769
0.5226434265308769
0.5226434265308769
0.5226434265308769
0.5226434265308769
0.5226434265308769
0.5226434265308769
0.5226434265308769
0.5226434265308769
0.5226434265308769
0.5226434265308769
0.5226434265308769
0.5226434265308769
0.5226434265308769
0.5139854788146757
0.5046500112862278
0.4951359046869602
0.486364148636042
0.4951359046869602
0.5056593841246075
0.5152561009329806
0.5246221355723856
0.5244536688860101
0.5226434265308769
0.5226434265308769
0.5226434265308769
0.5226434265308769
0.5226434265308769
0.5226434265308769
0.5226434265308769
0.5226434265308769
0.5226434265308769
0.5226434265308769
0.5226434265308769
0.5226434265308769
0.5226434265308769
0.5226434265308769
0.5226434265308769
0.5226434265308769
0.5226434265308769
0.5226434265308769
0.5802121348021294
0.5399556018665476
0.4996990689309657
0.459442535995384
0.43422398065226747
0.40900542530915096
0.38378686996603445
0.3016524674676925
0.34543578932892227
0.2431550863736991
0.2398281001806758
0.23650111398765253
0.2331741277946293
0.229847141601606
0.22652015540858267
0.2231931692155594
0.2198661830225361
0.2165391968295128
0.2165391968295128
0.2165391968295128
0.21055062168207095
0.20456204653462903
0.22372548700644318
0.24288183922264958
0.23955485302962626
0.23622786683660302
0.20374463446074625
0.200417648267723
0.200417648267723
0.200417648267723
0.200417648267723
0.200417648267723
0.2020811413642346
0.20374463446074625
0.2054081275572579
0.20707162065376955
0.2087351137502812
0.21039860684679282
0.21206209994330447
0.21372559303981611
0.33437882454304657
0.3396188277970583
0.2420952385909474
0.37539101762766636
0.39327356841516653
0.4111561192026667
0.4483351899097019
0.4855142606167372
0.5226933313237724
0.5598724020308076
0.5942686514676527
0.5995086547216644
0.6047486579756761
0.6099886612296879
0.6152286644836995
0.5226434265308769
0.5226434265308769
0.5226434265308769
0.5226434265308769
0.5226434265308769
0.5226434265308769
0.5226434265308769
0.5226434265308769
0.5226434265308769
0.5226434265308769
0.5226434265308769
0.5226434265308769
0.5226434265308769
0.5226434265308769
0.5134742525829048
0.5043050786349326
0.4951359046869602
0.48596673073898816
0.4951359046869602
0.5043050786349326
0.5134742525829048
0.5226434265308769
0.5226434265308769
0.5226434265308769
0.5226434265308769
0.5226434265308769
0.523367968212341
0.5231691096550739
0.5236181548066675
0.5226434265308769
0.5226434265308769
0.5226434265308769
0.5226434265308769
0.5226434265308769
0.5226434265308769
0.5226434265308769
0.5226434265308769
0.5226434265308769
0.5226434265308769
0.5226434265308769
0.5226434265308769
0.5802121348021294
0.5399556018665476
0.4996990689309657
0.459442535995384
0.43422398065226747
0.40900542530915096
0.38378686996603445
0.3275334848550585
0.3585683146229179
0.2431550863736991
0.2398281001806758
0.23650111398765253
0.2331741277946293
0.229847141601606
0.22652015540858267
0.2231931692155594
0.2198661830225361
0.2165391968295128
0.2165391968295128
0.2165391968295128
0.21055062168207095
0.20456204653462903
0.22372548700644318
0.1792698632120443
0.1792698632120443
0.1792698632120443
0.15011361702921086
0.15011361702921086
0.15011361702921086
0.15011361702921086
0.16030380829002622
0.16030380829002622
0.15011361702921086
0.17205901126676004
0.17205901126676004
0.15011361702921086
0.17205901126676004
0.17205901126676004
0.15402159785094524
0.18378295373196324
0.17205901126676004
0.15011361702921086
0.18378295373196324
0.18378295373196324
0.15011361702921086
0.17205901126676004
0.18378295373196324
0.16183755949441406
0.17861686411606434
0.1968986594305718
0.19099380567724747
0.21433096314820207
0.22605490561340527
0.19099380567724747
0.21433096314820207
0.11650572194136782
0.08144462200521008
0.09319982498194389
0.09319982498194389
0.08144462200521008
0.09319982498194389
0.09319982498194389
0.08144462200521008
0.08144462200521008
0.08144462200521008
0.08144462200521008
0.08144462200521008
0.08144462200521008
0.08144462200521008
0.08144462200521008
0.08144462200521008
0.08144462200521008
0.08144462200521008
0.08144462200521008
0.08144462200521008
0.08144462200521008
0.08144462200521008
0.08144462200521008
0.08144462200521008
0.08144462200521008
0.08144462200521008
0.08144462200521008
0.08144462200521008
0.08144462200521008
0.08144462200521008
0.08144462200521008
0.08144462200521008
0.08144462200521008
0.08144462200521008
0.08144462200521008
0.08144462200521008
0.08144462200521008
0.08144462200521008
0.08144462200521008
0.08144462200521008
0.08144462200521008
0.1792698632120443
0.1792698632120443
0.1792698632120443
0.1792698632120443
0.1792698632120443
0.1792698632120443
0.1792698632120443
0.1792698632120443
0.1792698632120443
0.1792698632120443
0.1792698632120443
0.1792698632120443
0.1792698632120443
0.1792698632120443
0.1792698632120443
0.1792698632120443
0.18946005447285966
0.18946005447285966
0.1792698632120443
0.18946005447285966
0.18946005447285966
0.1792698632120443
0.19102506618877813
0.1792698632120443
0.1792698632120443
0.1792698632120443
0.15011361702921086
0.15011361702921086
0.15011361702921086
0.15011361702921086
0.16030380829002622
0.16030380829002622
0.15011361702921086
0.17205901126676004
0.17205901126676004
0.15011361702921086
0.17205901126676004
0.17205901126676004
0.15402159785094524
0.18378295373196324
0.17205901126676004
0.15011361702921086
0.18378295373196324
0.18378295373196324
0.15011361702921086
0.17205901126676004
0.18378295373196324
0.16183755949441406
0.17861686411606434
0.1968986594305718
0.19099380567724747
0.21433096314820207
0.22605490561340527
0.19099380567724747
0.21433096314820207
0.11650572194136782
0.08144462200521008
0.09319982498194389
0.09319982498194389
0.08144462200521008
0.09319982498194389
0.09319982498194389
0.08144462200521008
0.08144462200521008
0.08144462200521008
0.08144462200521008
0.08144462200521008
0.08144462200521008
0.08144462200521008
0.08144462200521008
0.08144462200521008
0.08144462200521008
0.08144462200521008
0.08144462200521008
0.08144462200521008
0.08144462200521008
0.08144462200521008
0.08144462200521008
0.08144462200521008
0.08144462200521008
0.08144462200521008
0.08144462200521008
0.08144462200521008
0.08144462200521008
0.08144462200521008
0.08144462200521008
0.08144462200521008
0.08144462200521008
0.08144462200521008
0.08144462200521008
0.08144462200521008
0.08144462200521008
0.08144462200521008
0.08144462200521008
0.08144462200521008
0.08144462200521008
0.1792698632120443
0.1792698632120443
0.1792698632120443
0.1792698632120443
0.1792698632120443
0.1792698632120443
0.1792698632120443
0.1792698632120443
0.1792698632120443
0.1792698632120443
0.1792698632120443
0.1792698632120443
0.1792698632120443
0.1792698632120443
0.1792698632120443
0.1792698632120443
0.18946005447285966
0.18946005447285966
0.1792698632120443
0.18946005447285966
0.18946005447285966
0.1792698632120443
0.19102506618877813
0.2794766903631952
0.2863398954309872
0.24641805809741837
0.24033948560129187
0.24720269066908396
0.21060783952853834
0.2370124994082686
0.24720269066908396
0.21060783952853834
0.23867599250478025
0.25052967686210725
0.21559831881807326
0.24366647179431516
0.25552015615164214
0.22058879810760817
0.24865695108385008
0.2605106354411771
0.29778397340250096
0.3294286365362429
0.28888028099230834
0.37539101762766636
0.39327356841516653
0.4111561192026667
0.4483351899097019
0.4855142606167372
0.5226933313237724
0.5598724020308076
0.5942686514676527
0.5995086547216644
0.6047486579756761
0.6099886612296879
0.6152286644836995
0.5226434265308769
0.5226434265308769
0.5226434265308769
0.5226434265308769
0.5226434265308769
0.5226434265308769
0.5226434265308769
0.5226434265308769
0.5226434265308769
0.5226434265308769
0.5226434265308769
0.5226434265308769
0.523030323778328
0.5230460455862825
0.5139248917429872
0.5047087319931192
0.4954960986605991
0.48640873787755795
0.4959488118419563
0.5059090027943463
0.5153771646385761
0.5241514002536799
0.5242890582986325
0.5230970562964705
0.5230234144725977
0.5236310720776547
0.5237397152153765
0.5237843555736231
0.5238199740006362
0.5238946785154606
0.5248173991668549
0.5255923244372905
0.5255809683548742
0.5249688967158685
0.5238770128405392
0.5231295675209322
0.5226434265308769
0.5226434265308769
0.5226434265308769
0.5234921615234169
0.5226434265308769
0.48323562858783514
0.5399556018665476
0.4996990689309657
0.46029127098792394
0.43422398065226747
0.40900542530915096
0.38463560495857446
0.3086680513740014
0.3585683146229179
0.24400382136623908
0.2398281001806758
0.23650111398765253
0.23402286278716927
0.229847141601606
0.22652015540858267
0.22404190420809938
0.2198661830225361
0.2165391968295128
0.21738793182205282
0.2165391968295128
0.21055062168207095
0.205410781527169
0.22372548700644318
0.24288183922264958
0.23955485302962626
0.23622786683660302
0.20374463446074625
0.200417648267723
0.200417648267723
0.200417648267723
0.200417648267723
0.200417648267723
0.2020811413642346
0.20374463446074625
0.2054081275572579
0.20707162065376955
0.2087351137502812
0.21039860684679282
0.21206209994330447
0.21372559303981611
0.33437882454304657
0.33961882779705826
0.2420952385909474
0.37539101762766636
0.39327356841516653
0.4111561192026667
0.4483351899097019
0.4855142606167372
0.5226933313237724
0.5598724020308076
0.5942686514676527
0.5995086547216644
0.6047486579756761
0.6099886612296879
0.6152286644836995
0.5226434265308769
0.5226434265308769
0.5226434265308769
0.5226434265308769
0.5226434265308769
0.5226434265308769
0.5226434265308769
0.5226434265308769
0.5226434265308769
0.5226434265308769
0.5226434265308769
0.5230820223564515
0.5231189377661751
0.5235725179953831
0.5151912227541844
0.5054852859213813
0.4963239689135893
0.48665643125224406
0.4951359046869602
0.5046551362948112
0.5138921270827256
0.5226434265308769
0.5230836880901832
0.5226434265308769
0.5226434265308769
0.5226434265308769
0.5226434265308769
0.5226434265308769
0.5226434265308769
0.5226434265308769
0.5226434265308769
0.5226434265308769
0.5226434265308769
0.5226434265308769
0.5226434265308769
0.5226434265308769
0.5226434265308769
0.5226434265308769
0.5226434265308769
0.5226434265308769
0.5226434265308769
0.48238689359529513
0.5399556018665476
0.4996990689309657
0.459442535995384
0.43422398065226747
0.40900542530915096
0.38378686996603445
0.28365404063043076
0.34543578932892227
0.257510289769402
0.2398281001806758
0.23650111398765253
0.2331741277946293
0.229847141601606
0.22652015540858267
0.2231931692155594
0.2198661830225361
0.2165391968295128
0.2165391968295128
0.2165391968295128
0.21055062168207095
0.20456204653462903
0.22372548700644318
0.24288183922264958
0.23955485302962626
0.23622786683660302
0.20374463446074625
0.200417648267723
0.200417648267723
0.200417648267723
0.200417648267723
0.200417648267723
0.2020811413642346
0.20374463446074625
0.2054081275572579
0.20707162065376955
0.2087351137502812
0.21039860684679282
0.21206209994330447
0.21372559303981611
0.33437882454304657
0.3396188277970583
0.2420952385909474
0.37539101762766636
0.39327356841516653
0.4111561192026667
0.4483351899097019
0.4855142606167372
0.5226933313237724
0.5598724020308076
0.5942686514676527
0.5995086547216644
0.6047486579756761
0.6099886612296879
0.6152286644836995
0.5226434265308769
0.5226434265308769
0.5226434265308769
0.5226434265308769
0.5226434265308769
0.5226434265308769
0.5226434265308769
0.5226434265308769
0.5226434265308769
0.5226434265308769
0.5226434265308769
0.5226434265308769
0.5226434265308769
0.5226434265308769
0.5134742525829048
0.5043050786349326
0.4951359046869602
0.48596673073898816
0.4951359046869602
0.5043050786349326
0.5134742525829048
0.5231366616267997
0.5226434265308769
0.5226434265308769
0.5226434265308769
0.5226434265308769
0.5226434265308769
0.5226434265308769
0.5226434265308769
0.5226434265308769
0.5226434265308769
0.5226434265308769
0.5226434265308769
0.5226434265308769
0.5226434265308769
0.5226434265308769
0.5226434265308769
0.5226434265308769
0.5226434265308769
0.5226434265308769
0.5226434265308769
0.48238689359529513
0.5399556018665476
0.4996990689309657
0.459442535995384
0.43422398065226747
0.40900542530915096
0.38378686996603445
0.304523508146833
0.34543578932892227
0.24643821769719798
0.25296062547467135
0.23650111398765253
0.2331741277946293
0.229847141601606
0.22652015540858267
0.2231931692155594
0.2198661830225361
0.2165391968295128
0.2165391968295128
0.2165391968295128
0.21055062168207095
0.20456204653462903
0.22372548700644318
0.24288183922264958
0.23955485302962626
0.23622786683660302
0.20374463446074625
0.200417648267723
0.200417648267723
0.200417648267723
0.200417648267723
0.200417648267723
0.2020811413642346
0.20374463446074625
0.2054081275572579
0.20707162065376955
0.2087351137502812
0.21039860684679282
0.21206209994330447
0.21372559303981611
0.33437882454304657
0.3396188277970583
0.2420952385909474
0.37539101762766636
0.39327356841516653
0.4111561192026667
0.4483351899097019
0.4855142606167372
0.5226933313237724
0.5598724020308076
0.5942686514676527
0.5995086547216644
0.6047486579756761
0.6099886612296879
0.6152286644836995
0.5226434265308769
0.5226434265308769
0.5226434265308769
0.5226434265308769
0.5226434265308769
0.5226434265308769
0.5226434265308769
0.5226434265308769
0.5226434265308769
0.5226434265308769
0.5233183180320213
0.5233766782202268
0.5234432858854084
0.5236826296235777
0.5150937640400162
0.5058893486444817
0.49664789149168415
0.4868692137622429
0.4958816365139717
0.5055053373146866
0.5148022340640805
0.5243592998716111
0.5245670257526117
0.5240771064353628
0.5245807015487445
0.5260662338540233
0.5280898079218012
0.5297376430906532
0.5305792013303491
0.5306662208525591
0.5306307481912701
0.5303389172539282
0.5292226494042569
0.527250320085558
0.525477309008098
0.5246753698629599
0.5240007026181481
0.5230095409933011
0.5226434265308769
0.523211610789146
0.5226434265308769
0.48295507785356434
0.5399556018665476
0.4996990689309657
0.4600107202536531
0.43422398065226747
0.40900542530915096
0.38435505422430355
0.28566157794001457
0.33108058593321943
0.24731207148089393
0.2541833035763787
0.23650111398765253
0.23374231205289842
0.229847141601606
0.22652015540858267
0.22376135347382847
0.2198661830225361
0.2165391968295128
0.2171073810877819
0.2165391968295128
0.21055062168207095
0.2051302307928981
0.22372548700644318
0.24288183922264958
0.23955485302962626
0.23622786683660302
0.20374463446074625
0.200417648267723
0.200417648267723
0.200417648267723
0.200417648267723
0.200417648267723
0.2020811413642346
0.20374463446074625
0.2054081275572579
0.20707162065376955
0.2087351137502812
0.21039860684679282
0.21206209994330447
0.21372559303981611
0.33437882454304657
0.3396188277970582
0.2420952385909474
0.37539101762766636
0.39327356841516653
0.4111561192026667
0.4483351899097019
0.4855142606167372
0.5226933313237724
0.5598724020308076
0.5942686514676527
0.5995086547216644
0.6047486579756761
0.6099886612296879
0.6152286644836995
0.5226434265308769
0.5226434265308769
0.5226434265308769
0.5226434265308769
0.5226434265308769
0.5226434265308769
0.523145784890588
0.5237697641533612
0.52427137234179
0.5236787771239332
0.5239713790079669
0.5235437330567072
0.5235708479188995
0.5243918666472716
0.5157935624293274
0.5061728057781759
0.4969656140885614
0.4870285302143404
0.4969439590959978
0.507551964417176
0.51814769098113
0.528707875482503
0.5313114141740048
0.5325171439670797
0.5347353449524364
0.5368891003356462
0.5387260569846323
0.540337789166332
0.5391217055182055
0.5371133242088907
0.5342922839360301
0.5310378785326987
0.5302047966751988
0.5293355469456603
0.5278515900595168
0.5264553559054695
0.5246503580134715
0.5235381258461542
0.5226434265308769
0.5231804980375659
0.5226434265308769
0.48292396510198426
0.5399556018665476
0.4996990689309657
0.45997960750207306
0.43422398065226747
0.40900542530915096
0.38432394147272353
0.26322660449122776
0.31796488023461084
0.27143132446018564
0.2398281001806758
0.23650111398765253
0.23371119930131842
0.229847141601606
0.22652015540858267
0.22373024072224848
0.2198661830225361
0.2165391968295128
0.21707626833620192
0.2165391968295128
0.21055062168207095
0.2050991180413181
0.22372548700644318
0.1792698632120443
0.1792698632120443
0.1792698632120443
0.15011361702921086
0.15011361702921086
0.15011361702921086
0.15011361702921086
0.15011361702921086
0.15011361702921086
0.15011361702921086
0.15011361702921086
0.15011361702921086
0.15011361702921086
0.15011361702921086
0.15011361702921086
0.15011361702921086
0.15011361702921086
0.15011361702921086
0.15011361702921086
0.15011361702921086
0.15011361702921086
0.15011361702921086
0.15011361702921086
0.15011361702921086
0.15011361702921086
0.15011361702921086
0.15011361702921086
0.1792698632120443
0.1792698632120443
0.1792698632120443
0.1792698632120443
0.1792698632120443
0.08144462200521008
0.08144462200521008
0.08144462200521008
0.08144462200521008
0.08144462200521008
0.08144462200521008
0.08144462200521008
0.08144462200521008
0.08144462200521008
0.08144462200521008
0.08144462200521008
0.08144462200521008
0.08144462200521008
0.08144462200521008
0.08144462200521008
0.08144462200521008
0.08144462200521008
0.08144462200521008
0.08144462200521008
0.08144462200521008
0.08144462200521008
0.08144462200521008
0.08144462200521008
0.08144462200521008
0.08144462200521008
0.08144462200521008
0.08144462200521008
0.08144462200521008
0.08144462200521008
0.08144462200521008
0.08144462200521008
0.08144462200521008
0.08144462200521008
0.08144462200521008
0.08144462200521008
0.08144462200521008
0.08144462200521008
0.08144462200521008
0.08144462200521008
0.08144462200521008
0.08144462200521008
0.08144462200521008
0.1792698632120443
0.1792698632120443
0.1792698632120443
0.1792698632120443
0.1792698632120443
0.1792698632120443
0.1792698632120443
0.1792698632120443
0.1792698632120443
0.1792698632120443
0.1792698632120443
0.1792698632120443
0.1792698632120443
0.1792698632120443
0.1792698632120443
0.1792698632120443
0.1792698632120443
0.1792698632120443
0.1792698632120443
0.1792698632120443
0.1792698632120443
0.1792698632120443
0.1792698632120443
0.1792698632120443
0.1792698632120443
0.15011361702921086
0.15011361702921086
0.15011361702921086
0.15011361702921086
0.15011361702921086
0.15011361702921086
0.15011361702921086
0.15011361702921086
0.15011361702921086
0.15011361702921086
0.15011361702921086
0.15011361702921086
0.15011361702921086
0.15011361702921086
0.15011361702921086
0.15011361702921086
0.15011361702921086
0.15011361702921086
0.15011361702921086
0.15011361702921086
0.15011361702921086
0.15011361702921086
0.15011361702921086
0.15011361702921086
0.1792698632120443
0.1792698632120443
0.1792698632120443
0.1792698632120443
0.1792698632120443
0.08144462200521008
0.08144462200521008
0.08144462200521008
0.08144462200521008
0.08144462200521008
0.08144462200521008
0.08144462200521008
0.08144462200521008
0.08144462200521008
0.08144462200521008
0.08144462200521008
0.08144462200521008
0.08144462200521008
0.08144462200521008
0.08144462200521008
0.08144462200521008
0.08144462200521008
0.08144462200521008
0.08144462200521008
0.08144462200521008
0.08144462200521008
0.08144462200521008
0.08144462200521008
0.08144462200521008
0.08144462200521008
0.08144462200521008
0.08144462200521008
0.08144462200521008
0.08144462200521008
0.08144462200521008
0.08144462200521008
0.08144462200521008
0.08144462200521008
0.08144462200521008
0.08144462200521008
0.08144462200521008
0.08144462200521008
0.08144462200521008
0.08144462200521008
0.08144462200521008
0.08144462200521008
0.08144462200521008
0.1792698632120443
0.1792698632120443
0.1792698632120443
0.1792698632120443
0.1792698632120443
0.1792698632120443
0.1792698632120443
0.1792698632120443
0.1792698632120443
0.1792698632120443
0.1792698632120443
0.1792698632120443
0.1792698632120443
0.1792698632120443
0.1792698632120443
0.1792698632120443
0.1792698632120443
0.1792698632120443
0.1792698632120443
0.1792698632120443
0.1792698632120443
0.1792698632120443
0.24288183922264958
0.23955485302962626
0.23622786683660302
0.20374463446074625
0.200417648267723
0.200417648267723
0.200417648267723
0.200417648267723
0.200417648267723
0.2020811413642346
0.20374463446074625
0.2054081275572579
0.20707162065376955
0.2087351137502812
0.21039860684679282
0.21206209994330447
0.21372559303981611
0.33437882454304657
0.3396188277970583
0.2420952385909474
0.37539101762766636
0.39327356841516653
0.4111561192026667
0.4483351899097019
0.4855142606167372
0.5226933313237724
0.5598724020308076
0.5942686514676527
0.5995086547216644
0.6047486579756761
0.6099886612296879
0.6152286644836995
0.5226434265308769
0.5226434265308769
0.5226434265308769
0.5226434265308769
0.5226434265308769
0.5226434265308769
0.5226434265308769
0.5226434265308769
0.5226434265308769
0.5247205901309425
0.5226434265308769
0.5231991488830054
0.5226434265308769
0.5226434265308769
0.5134742525829048
0.5043050786349326
0.4951359046869602
0.48596673073898816
0.4951359046869602
0.5043050786349326
0.5134742525829048
0.5226434265308769
0.5226434265308769
0.5226434265308769
0.5226434265308769
0.5226434265308769
0.5226434265308769
0.5226434265308769
0.5226434265308769
0.5226434265308769
0.5226434265308769
0.5226434265308769
0.5226434265308769
0.5226434265308769
0.5226434265308769
0.5226434265308769
0.5226434265308769
0.5226434265308769
0.5226434265308769
0.5226434265308769
0.5226434265308769
0.48238689359529513
0.5399556018665476
0.4996990689309657
0.459442535995384
0.43422398065226747
0.40900542530915096
0.38378686996603445
0.304523508146833
0.34543578932892227
0.2431550863736991
0.2398281001806758
0.23650111398765253
0.2331741277946293
0.229847141601606
0.22652015540858267
0.2231931692155594
0.2198661830225361
0.2165391968295128
0.2165391968295128
0.2165391968295128
0.21055062168207095
0.20456204653462903
0.22372548700644318
0.24288183922264958
0.23955485302962626
0.23622786683660302
0.20374463446074625
0.200417648267723
0.200417648267723
0.200417648267723
0.200417648267723
0.200417648267723
0.2020811413642346
0.20374463446074625
0.2054081275572579
0.20707162065376955
0.2087351137502812
0.21039860684679282
0.21206209994330447
0.21372559303981611
0.33437882454304657
0.3396188277970583
0.2420952385909474
0.37539101762766636
0.39327356841516653
0.4111561192026667
0.4483351899097019
0.4855142606167372
0.5226933313237724
0.5598724020308076
0.5942686514676527
0.5995086547216644
0.6047486579756761
0.6099886612296879
0.5174034232768653
0.5226434265308769
0.5226434265308769
0.5226434265308769
0.5226434265308769
0.5226434265308769
0.5226434265308769
0.5226434265308769
0.5226434265308769
0.5226434265308769
0.5226434265308769
0.5226434265308769
0.5226434265308769
0.5226434265308769
0.5226434265308769
0.5134742525829048
0.5043050786349326
0.4951359046869602
0.48596673073898816
0.4951359046869602
0.5043050786349326
0.5134742525829048
0.5226434265308769
0.5226434265308769
0.5226434265308769
0.5226434265308769
0.5226434265308769
0.5226434265308769
0.5226434265308769
0.5226434265308769
0.5226434265308769
0.5226434265308769
0.5226434265308769
0.5226434265308769
0.5226434265308769
0.5231332016581172
0.5230221474401465
0.5226434265308769
0.5226434265308769
0.5226434265308769
0.5226434265308769
0.5226434265308769
0.48238689359529513
0.5399556018665476
0.4996990689309657
0.459442535995384
0.43422398065226747
0.40900542530915096
0.38378686996603445
0.3138838805461826
0.3585683146229179
0.2431550863736991
0.2398281001806758
0.23650111398765253
0.2331741277946293
0.229847141601606
0.22652015540858267
0.2231931692155594
0.2198661830225361
0.2165391968295128
0.2165391968295128
0.2165391968295128
0.21055062168207095
0.20456204653462903
0.22372548700644318
0.24288183922264958
0.23955485302962626
0.23622786683660302
0.20374463446074625
0.200417648267723
0.200417648267723
0.200417648267723
0.200417648267723
0.200417648267723
0.2020811413642346
0.20374463446074625
0.2054081275572579
0.20707162065376955
0.2087351137502812
0.21039860684679282
0.21206209994330447
0.21372559303981611
0.33437882454304657
0.33961882779705826
0.2420952385909474
0.37539101762766636
0.39327356841516653
0.4111561192026667
0.4483351899097019
0.4855142606167372
0.5226933313237724
0.5598724020308076
0.5942686514676527
0.5995086547216644
0.6047486579756761
0.6099886612296879
0.5174034232768653
0.5226434265308769
0.5226434265308769
0.5226434265308769
0.5226434265308769
0.5226434265308769
0.5226434265308769
0.5226434265308769
0.5226434265308769
0.5226434265308769
0.5226434265308769
0.5226434265308769
0.5226434265308769
0.5226434265308769
0.5226434265308769
0.5134742525829048
0.5043050786349326
0.4951359046869602
0.48596673073898816
0.4951359046869602
0.5043050786349326
0.5134742525829048
0.5226434265308769
0.5230387052735094
0.5226434265308769
0.5226434265308769
0.5226434265308769
0.5226434265308769
0.5226434265308769
0.5229578715777099
0.5226434265308769
0.5230318451609066
0.5226434265308769
0.522993837852421
0.5226434265308769
0.5230101560182033
0.5226434265308769
0.5226434265308769
0.5226434265308769
0.5226434265308769
0.5226434265308769
0.5226434265308769
0.48238689359529513
0.5399556018665476
0.4996990689309657
0.459442535995384
0.43422398065226747
0.40900542530915096
0.38378686996603445
0.29429543785131074
0.34543578932892227
0.2431550863736991
0.2398281001806758
0.23650111398765253
0.2331741277946293
0.229847141601606
0.22652015540858267
0.2231931692155594
0.2198661830225361
0.2165391968295128
0.2165391968295128
0.2165391968295128
0.21055062168207095
0.20456204653462903
0.22372548700644318
0.24288183922264958
0.23955485302962626
0.23622786683660302
0.20374463446074625
0.200417648267723
0.200417648267723
0.200417648267723
0.200417648267723
0.200417648267723
0.2020811413642346
0.20374463446074625
0.2054081275572579
0.20707162065376955
0.2087351137502812
0.21039860684679282
0.21206209994330447
0.21372559303981611
0.33437882454304657
0.3396188277970583
0.2420952385909474
0.3753910176276663
0.39327356841516653
0.4111561192026667
0.4483351899097019
0.4855142606167372
0.5226933313237724
0.5598724020308076
0.5942686514676527
0.5995086547216644
0.6047486579756761
0.6099886612296879
0.5174034232768653
0.5226434265308769
0.5226434265308769
0.5226434265308769
0.5226434265308769
0.5226434265308769
0.5226434265308769
0.5226434265308769
0.5226434265308769
0.5226434265308769
0.5226434265308769
0.5226434265308769
0.5226434265308769
0.5248427355403877
0.52657793794376
0.5178408657837994
0.5073220158761608
0.4974022073632745
0.48819070160238026
0.4974313050573958
0.5101312665811825
0.5208210710825262
0.5246699463991363
0.5287255946530263
0.5307888356273449
0.5345712893387103
0.5354390933677006
0.5375266706371894
0.5366548869473181
0.5354363926462706
0.5332879765097656
0.5362553106749635
0.5393525701899071
0.5443254594648086
0.5473899891173524
0.5475928581486188
0.5468442167141446
0.5442306123399676
0.540831621960483
0.5350350699875581
0.5258694898453902
0.5350350699875581
0.48561295690980844
0.5399556018665476
0.5120907123876469
0.4626685993098973
0.43422398065226747
0.42139706876583216
0.38701293328054776
0.2431550863736991
0.25554672983038035
0.24638114968821243
0.2398281001806758
0.24889275744433376
0.23640019110914257
0.229847141601606
0.23891179886526387
0.2264192325300727
0.2198661830225361
0.22893084028619404
0.21976526014402611
0.2165391968295128
0.22294226513875215
0.2077881098491423
0.22372548700644318
0.2467623020365127
0.2449119497259713
0.23774185833515568
0.20762509727460945
0.20577474496406797
0.20193163976627562
0.2042981110815862
0.20577474496406797
0.20193163976627562
0.20596160417809778
0.20910173115709127
0.20692211905581054
0.21095208346763275
0.2140922104466262
0.21191259834534548
0.21594256275716767
0.2190826897361611
0.32276029074760365
0.33036676531692594
0.24745233528729244
0.37690500912621905
0.39715403122902965
0.41651321589901175
0.4498491814082546
0.4893947234306003
0.5280504280201174
0.5613863935293603
0.5981491142815158
0.6048657514180094
0.6062626494742288
0.613869124043551
0.5227605199732103
0.5241574180294295
0.52652388934474
0.5280005232272219
0.5272555590299756
0.5291087393444471
0.5288734748465269
0.5289717770062912
0.524869544768471
0.5306963333741722
0.5421987389916713
0.5494957138853866
0.5528626708651058
0.5572514235170485
0.5635033528492256
0.5613044212655508
0.5588166822704174
0.5548503935316959
0.550549471872845
0.5694407116197914
0.5874234586565042
0.5990975073524767
0.6088998899513346
0.6043669101363652
0.5987548164770912
0.5772027470121384
0.5572498278293767
0.5388440319059067
0.5259699256280127
0.5232004454786401
0.5226434265308769
0.5226434265308769
0.5226434265308769
0.5226434265308769
0.5226434265308769
0.5226434265308769
0.5226434265308769
0.5226434265308769
0.5226434265308769
0.5226434265308769
0.5226434265308769
0.5226434265308769
0.48238689359529513
0.5399556018665476
0.4996990689309657
0.459442535995384
0.43422398065226747
0.40900542530915096
0.38378686996603445
0.2431550863736991
0.2431550863736991
0.2431550863736991
0.2398281001806758
0.23650111398765253
0.2331741277946293
0.229847141601606
0.22652015540858267
0.2231931692155594
0.2198661830225361
0.2165391968295128
0.2165391968295128
0.2165391968295128
0.21055062168207095
0.20456204653462903
0.22372548700644318
0.1792698632120443
0.1792698632120443
0.1792698632120443
0.15011361702921086
0.15011361702921086
0.15011361702921086
0.15011361702921086
0.15011361702921086
0.15011361702921086
0.15011361702921086
0.15011361702921086
0.15011361702921086
0.15011361702921086
0.15011361702921086
0.15011361702921086
0.15011361702921086
0.15011361702921086
0.15011361702921086
0.15011361702921086
0.15011361702921086
0.15011361702921086
0.15011361702921086
0.15011361702921086
0.15011361702921086
0.15011361702921086
0.15011361702921086
0.15011361702921086
0.1792698632120443
0.1792698632120443
0.1792698632120443
0.1792698632120443
0.08144462200521008
0.08144462200521008
0.08144462200521008
0.08144462200521008
0.08144462200521008
0.08144462200521008
0.08144462200521008
0.08144462200521008
0.08144462200521008
0.08144462200521008
0.08144462200521008
0.08144462200521008
0.08144462200521008
0.08144462200521008
0.08144462200521008
0.08144462200521008
0.08144462200521008
0.08144462200521008
0.08144462200521008
0.08144462200521008
0.08144462200521008
0.08144462200521008
0.08144462200521008
0.08144462200521008
0.08144462200521008
0.08144462200521008
0.08144462200521008
0.08144462200521008
0.08144462200521008
0.08144462200521008
0.08144462200521008
0.08144462200521008
0.08144462200521008
0.08144462200521008
0.08144462200521008
0.08144462200521008
0.08144462200521008
0.08144462200521008
0.08144462200521008
0.08144462200521008
0.08144462200521008
0.08144462200521008
0.08144462200521008
0.1792698632120443
0.1792698632120443
0.1792698632120443
0.1792698632120443
0.1792698632120443
0.1792698632120443
0.1792698632120443
0.1792698632120443
0.1792698632120443
0.1792698632120443
0.1792698632120443
0.1792698632120443
0.1792698632120443
0.1792698632120443
0.1792698632120443
0.1792698632120443
0.1792698632120443
0.1792698632120443
0.1792698632120443
0.1792698632120443
0.1792698632120443
0.1792698632120443
0.1792698632120443
0.1792698632120443
0.1792698632120443
0.15011361702921086
0.15011361702921086
0.15011361702921086
0.15011361702921086
0.15011361702921086
0.15011361702921086
0.15011361702921086
0.15011361702921086
0.15011361702921086
0.15011361702921086
0.15011361702921086
0.15011361702921086
0.15011361702921086
0.15011361702921086
0.15011361702921086
0.15011361702921086
0.15011361702921086
0.15011361702921086
0.15011361702921086
0.15011361702921086
0.15011361702921086
0.15011361702921086
0.15011361702921086
0.15011361702921086
0.1792698632120443
0.1792698632120443
0.1792698632120443
0.1792698632120443
0.08144462200521008
0.08144462200521008
0.08144462200521008
0.08144462200521008
0.08144462200521008
0.08144462200521008
0.08144462200521008
0.08144462200521008
0.08144462200521008
0.08144462200521008
0.08144462200521008
0.08144462200521008
0.08144462200521008
0.08144462200521008
0.08144462200521008
0.08144462200521008
0.08144462200521008
0.08144462200521008
0.08144462200521008
0.08144462200521008
0.08144462200521008
0.08144462200521008
0.08144462200521008
0.08144462200521008
0.08144462200521008
0.08144462200521008
0.08144462200521008
0.08144462200521008
0.08144462200521008
0.08144462200521008
0.08144462200521008
0.08144462200521008
0.08144462200521008
0.08144462200521008
0.08144462200521008
0.08144462200521008
0.08144462200521008
0.08144462200521008
0.08144462200521008
0.08144462200521008
0.08144462200521008
0.08144462200521008
0.08144462200521008
0.1792698632120443
0.1792698632120443
0.1792698632120443
0.1792698632120443
0.1792698632120443
0.1792698632120443
0.1792698632120443
0.1792698632120443
0.1792698632120443
0.1792698632120443
0.1792698632120443
0.1792698632120443
0.1792698632120443
0.1792698632120443
0.1792698632120443
0.1792698632120443
0.1792698632120443
0.1792698632120443
0.1792698632120443
0.1792698632120443
0.1792698632120443
0.1792698632120443
0.24288183922264958
0.23955485302962626
0.23622786683660302
0.20374463446074625
0.200417648267723
0.200417648267723
0.200417648267723
0.200417648267723
0.200417648267723
0.2020811413642346
0.20374463446074625
0.2054081275572579
0.20707162065376955
0.2087351137502812
0.21039860684679282
0.21206209994330447
0.21372559303981611
0.33437882454304657
0.3396188277970583
0.2420952385909474
0.3753910176276663
0.39327356841516653
0.4111561192026667
0.4483351899097019
0.4855142606167372
0.5226933313237724
0.5598724020308076
0.5942686514676527
0.5995086547216644
0.6047486579756761
0.6099886612296879
0.5174034232768653
0.5226434265308769
0.5226434265308769
0.5226434265308769
0.5226434265308769
0.5226434265308769
0.5226434265308769
0.5226434265308769
0.5226434265308769
0.5226434265308769
0.5226434265308769
0.5226434265308769
0.5226434265308769
0.5226434265308769
0.5226434265308769
0.5134742525829048
0.5043050786349326
0.4951359046869602
0.48596673073898816
0.4951359046869602
0.5043050786349326
0.5134742525829048
0.5226434265308769
0.5226434265308769
0.5226434265308769
0.5226434265308769
0.5226434265308769
0.5226434265308769
0.5226434265308769
0.5226434265308769
0.5226434265308769
0.5226434265308769
0.5226434265308769
0.5226434265308769
0.5226434265308769
0.5226434265308769
0.5226434265308769
0.5226434265308769
0.5226434265308769
0.5226434265308769
0.5226434265308769
0.5226434265308769
0.48238689359529513
0.5399556018665476
0.4996990689309657
0.459442535995384
0.43422398065226747
0.40900542530915096
0.38378686996603445
0.29070663700238497
0.34543578932892227
0.2431550863736991
0.2398281001806758
0.23650111398765253
0.2331741277946293
0.229847141601606
0.22652015540858267
0.2231931692155594
0.2198661830225361
0.2165391968295128
0.2165391968295128
0.2165391968295128
0.21055062168207095
0.20456204653462903
0.22372548700644318
0.24288183922264958
0.23955485302962626
0.23622786683660302
0.20374463446074625
0.200417648267723
0.200417648267723
0.200417648267723
0.200417648267723
0.200417648267723
0.2020811413642346
0.20374463446074625
0.2054081275572579
0.20707162065376955
0.2087351137502812
0.21039860684679282
0.21206209994330447
0.21372559303981611
0.33437882454304657
0.3396188277970583
0.2420952385909474
0.3753910176276663
0.39327356841516653
0.4111561192026667
0.4483351899097019
0.4855142606167372
0.5226933313237724
0.5598724020308076
0.5942686514676527
0.5995086547216644
0.6047486579756761
0.6099886612296879
0.5174034232768653
0.5226434265308769
0.5226434265308769
0.5226434265308769
0.5226434265308769
0.5226434265308769
0.5226434265308769
0.5226434265308769
0.5226434265308769
0.5226434265308769
0.5226434265308769
0.5226434265308769
0.5226434265308769
0.5226434265308769
0.5241392041202325
0.5159995904777029
0.5059338622799744
0.4951359046869602
0.48645323539858126
0.4951359046869602
0.507464229290095
0.5200197726909913
0.5297787340958072
0.5307182077526251
0.5298056682693383
0.5286188505140773
0.5322604346527737
0.5351217562188856
0.5421476524625447
0.5479243320923083
0.5541036269162196
0.5597298811775321
0.564264293580032
0.5683607806122556
0.5701355240181342
0.5684099364168577
0.5653643356652269
0.5589454228450851
0.5523300837608922
0.5423824988741403
0.5338194836124166
0.5423824988741403
0.4935629506768349
0.44374093159224604
0.519438141274229
0.4706185930769237
0.4358345515848001
0.42874449765241424
0.3949629270475742
0.24476565730623182
0.2628941587169625
0.2543311434552389
0.24143867111320855
0.2562401863309159
0.24435018487616905
0.2314577125341387
0.24625922775184605
0.2343692262970991
0.2214767539550688
0.2362782691727762
0.22771525391105255
0.2181497677620455
0.23028969402533428
0.21573810361616874
0.22533605793897585
0.24491076887140503
0.24428580212790876
0.23997820400596415
0.2057735641095017
0.20514859736600546
0.2041679854370841
0.2024465779164784
0.20514859736600546
0.2041679854370841
0.20411007101299006
0.20847558355902876
0.209158464726619
0.20910055030252503
0.21346606284856368
0.2141489440161539
0.21409102959205992
0.2184565421380986
0.3249966364184121
0.32851523215181816
0.24682618768922987
0.37914135479702743
0.395302498063922
0.41588706830094924
0.452085527079063
0.48754319026549264
0.5274242804220548
0.5636227392001686
0.5962975811164082
0.6042396038199469
0.6084989951450371
0.6120175908784433
0.5221343723751477
0.5263937637002379
0.5246723561796324
0.5273743756291593
0.5257202195044625
0.5303503960559905
0.5246054307275555
0.5265503276923998
0.5238608142760742
0.5258577919099103
0.5238366576221802
0.5264224486442174
0.5301883561458148
0.540274125288318
0.5484529548368888
0.5452704230370403
0.5402377502330796
0.529535908289568
0.5191971062998804
0.5329412067233031
0.5517748395021882
0.566885317238483
0.5827741338757317
0.5845624947218688
0.5859079041442131
0.5906266745173101
0.5955073475872844
0.6006601959246832
0.6058324089342367
0.6042980442568199
0.6026279843096395
0.6051109332718202
0.6082430431950562
0.6126786733350039
0.6154782960596442
0.6154246614541087
0.6139191971900635
0.6092697812416846
0.6045086198229925
0.5932236383233097
0.580685226501661
0.5932236383233097
0.5404286935660793
0.48459659856421705
0.5702792807233986
0.517484335966168
0.4766902185567712
0.47958563710158375
0.4418286699368186
0.2856213242782028
0.313735298166132
0.3011968863444832
0.2822943380851795
0.3070813257800854
0.29121592776541333
0.27231337950610973
0.29710036720101557
0.28123496918634344
0.26233242092703984
0.2871194086219457
0.2745809968002969
0.25900543473401655
0.2811308334745038
0.2626038465054131
0.2661917249109469
0.24288183922264958
0.23955485302962626
0.23622786683660302
0.20374463446074625
0.200417648267723
0.200417648267723
0.200417648267723
0.200417648267723
0.200417648267723
0.2020811413642346
0.20374463446074625
0.2054081275572579
0.20707162065376955
0.2087351137502812
0.21039860684679282
0.21206209994330447
0.21372559303981611
0.2291557875546431
0.23439579080865483
0.2420952385909474
0.37539101762766636
0.39327356841516653
0.4111561192026667
0.4483351899097019
0.4855142606167372
0.5226933313237724
0.5598724020308076
0.5942686514676527
0.5995086547216644
0.6047486579756761
0.6099886612296879
0.5174034232768653
0.5226434265308769
0.5226434265308769
0.5226434265308769
0.5226434265308769
0.5226434265308769
0.5226434265308769
0.5226434265308769
0.5226434265308769
0.5226434265308769
0.5226434265308769
0.5226434265308769
0.5226434265308769
0.5226434265308769
0.5249765676543369
0.518543338608433
0.5084019572009981
0.5032420168638063
0.4970675793940857
0.5154545053391216
0.537819091058717
0.5612272727860612
0.5892265188693369
0.6024793861898159
0.6157644150911543
0.6262176113005201
0.6366758634093267
0.6431099639143013
0.6483510438609407
0.651714300827026
0.6542843865149244
0.6546604484460637
0.6541354320381761
0.6499267950949071
0.6451425291932406
0.6384139982781258
0.6312081662070474
0.6218878595958093
0.6121362047489074
0.5989339163195235
0.5855296051242642
0.5989339163195235
0.5452730721886826
0.4878868868293118
0.5759895587196123
0.5223287145887714
0.47998050682186594
0.4852959150977976
0.4466730485594218
0.2889116125432976
0.31944557616234576
0.3060412649670865
0.2855846263502743
0.31279160377629917
0.29606030638801667
0.27560366777120443
0.30281064519722933
0.2860793478089468
0.2656227091921346
0.2928296866181595
0.27942537542290025
0.2622957229991113
0.2868411114707176
0.2674482251280164
0.2694820131760416
0.24288183922264958
0.23955485302962626
0.23622786683660302
0.20374463446074625
0.200417648267723
0.200417648267723
0.200417648267723
0.200417648267723
0.200417648267723
0.2020811413642346
0.20374463446074625
0.2054081275572579
0.20707162065376955
0.2087351137502812
0.21039860684679282
0.21206209994330447
0.21372559303981611
0.29087587173875384
0.2961158749927656
0.2420952385909474
0.37539101762766636
0.3932735684151665
0.4111561192026667
0.4483351899097019
0.4855142606167372
0.5226933313237724
0.5598724020308076
0.5942686514676527
0.5995086547216644
0.6047486579756761
0.6099886612296879
0.5174034232768653
0.5226434265308769
0.5226434265308769
0.5226434265308769
0.5226434265308769
0.5226434265308769
0.5226434265308769
0.5226434265308769
0.5226434265308769
0.5226434265308769
0.5226434265308769
0.5226434265308769
0.5226434265308769
0.5226434265308769
0.5226434265308769
0.5142775837569376
0.5043050786349326
0.4951359046869602
0.4863657747245925
0.4951359046869602
0.506183790269751
0.5177166711828656
0.5275745627832927
0.5280436091826666
0.5279705396068761
0.528150025673124
0.5302258201466911
0.532750603735594
0.5401155876498571
0.5473110809235965
0.5537199246833795
0.5556522533366199
0.556897077817498
0.5570792614242506
0.5565005739428365
0.5540725280118074
0.5511360719762821
0.5454110056119791
0.5403357150077761
0.5335727126701482
0.5275859989149283
0.5335727126701482
0.4873294659793465
0.4421303606597133
0.510628355070237
0.46438510837943536
0.43422398065226747
0.41993471144842215
0.38872944235008583
0.2431550863736991
0.25917946814337806
0.2582878500185658
0.2398281001806758
0.2474304001269238
0.2381167001786806
0.229847141601606
0.23744944154785394
0.22813574159961075
0.2198661830225361
0.22746848296878408
0.2214817692135642
0.2165391968295128
0.22147990782134216
0.20950461891868036
0.22372548700644318
0.1792698632120443
0.1792698632120443
0.1792698632120443
0.15011361702921086
0.15011361702921086
0.15011361702921086
0.15011361702921086
0.15011361702921086
0.15011361702921086
0.15011361702921086
0.15011361702921086
0.15011361702921086
0.15011361702921086
0.15011361702921086
0.15011361702921086
0.15011361702921086
0.15011361702921086
0.15011361702921086
0.15011361702921086
0.15011361702921086
0.15011361702921086
0.15011361702921086
0.15011361702921086
0.15011361702921086
0.15011361702921086
0.15011361702921086
0.15011361702921086
0.1792698632120443
0.1792698632120443
0.1792698632120443
0.1792698632120443
0.08144462200521008
0.08144462200521008
0.08144462200521008
0.08144462200521008
0.08144462200521008
0.08144462200521008
0.08144462200521008
0.08144462200521008
0.08144462200521008
0.08144462200521008
0.08144462200521008
0.08144462200521008
0.08144462200521008
0.08144462200521008
0.08144462200521008
0.08144462200521008
0.08144462200521008
0.08144462200521008
0.08144462200521008
0.08144462200521008
0.08144462200521008
0.08144462200521008
0.08144462200521008
0.08144462200521008
0.08144462200521008
0.08144462200521008
0.08144462200521008
0.08144462200521008
0.08144462200521008
0.08144462200521008
0.08144462200521008
0.08144462200521008
0.08144462200521008
0.08144462200521008
0.08144462200521008
0.08144462200521008
0.08144462200521008
0.08144462200521008
0.08144462200521008
0.08144462200521008
0.08144462200521008
0.08144462200521008
0.08144462200521008
0.08144462200521008
0.1792698632120443
0.1792698632120443
0.1792698632120443
0.1792698632120443
0.1792698632120443
0.1792698632120443
0.1792698632120443
0.1792698632120443
0.1792698632120443
0.1792698632120443
0.1792698632120443
0.1792698632120443
0.1792698632120443
0.1792698632120443
0.1792698632120443
0.1792698632120443
0.1792698632120443
0.1792698632120443
0.1792698632120443
0.1792698632120443
0.1792698632120443
0.1792698632120443
0.1792698632120443
0.1792698632120443
0.15011361702921086
0.15011361702921086
0.15011361702921086
0.15011361702921086
0.15011361702921086
0.15011361702921086
0.15011361702921086
0.15011361702921086
0.15011361702921086
0.15011361702921086
0.15011361702921086
0.15011361702921086
0.15011361702921086
0.15011361702921086
0.15011361702921086
0.15011361702921086
0.15011361702921086
0.15011361702921086
0.15011361702921086
0.15011361702921086
0.15011361702921086
0.15011361702921086
0.15011361702921086
0.15011361702921086
0.1792698632120443
0.1792698632120443
0.1792698632120443
0.1792698632120443
0.08144462200521008
0.08144462200521008
0.08144462200521008
0.08144462200521008
0.08144462200521008
0.08144462200521008
0.08144462200521008
0.08144462200521008
0.08144462200521008
0.08144462200521008
0.08144462200521008
0.08144462200521008
0.08144462200521008
0.08144462200521008
0.08144462200521008
0.08144462200521008
0.08144462200521008
0.08144462200521008
0.08144462200521008
0.08144462200521008
0.08144462200521008
0.08144462200521008
0.08144462200521008
0.08144462200521008
0.08144462200521008
0.08144462200521008
0.08144462200521008
0.08144462200521008
0.08144462200521008
0.08144462200521008
0.08144462200521008
0.08144462200521008
0.08144462200521008
0.08144462200521008
0.08144462200521008
0.08144462200521008
0.08144462200521008
0.08144462200521008
0.08144462200521008
0.08144462200521008
0.08144462200521008
0.08144462200521008
0.08144462200521008
0.08144462200521008
0.1792698632120443
0.1792698632120443
0.1792698632120443
0.1792698632120443
0.1792698632120443
0.1792698632120443
0.1792698632120443
0.1792698632120443
0.1792698632120443
0.1792698632120443
0.1792698632120443
0.1792698632120443
0.1792698632120443
0.1792698632120443
0.1792698632120443
0.1792698632120443
0.1792698632120443
0.1792698632120443
0.1792698632120443
0.1792698632120443
0.1792698632120443
0.24288183922264958
0.23955485302962626
0.23622786683660302
0.20374463446074625
0.200417648267723
0.200417648267723
0.200417648267723
0.200417648267723
0.200417648267723
0.2020811413642346
0.20374463446074625
0.2054081275572579
0.20707162065376955
0.2087351137502812
0.21039860684679282
0.21206209994330447
0.21372559303981611
0.33437882454304657
0.3396188277970583
0.2420952385909474
0.37539101762766636
0.3932735684151665
0.4111561192026667
0.4483351899097019
0.4855142606167372
0.5226933313237724
0.5598724020308076
0.5942686514676527
0.5995086547216644
0.6047486579756761
0.5121634200228536
0.5174034232768653
0.5226434265308769
0.5226434265308769
0.5226434265308769
0.5226434265308769
0.5226434265308769
0.5226434265308769
0.5226434265308769
0.5226434265308769
0.5226434265308769
0.5226434265308769
0.5226434265308769
0.5226434265308769
0.5226434265308769
0.5226434265308769
0.5134742525829048
0.5043050786349326
0.4951359046869602
0.48596673073898816
0.4951359046869602
0.5043050786349326
0.5134742525829048
0.5226434265308769
0.5226434265308769
0.5226434265308769
0.5226434265308769
0.5226434265308769
0.5226434265308769
0.5226434265308769
0.5226434265308769
0.5226434265308769
0.5226434265308769
0.5226434265308769
0.5226434265308769
0.5226434265308769
0.5226434265308769
0.5226434265308769
0.5226434265308769
0.5226434265308769
0.5226434265308769
0.5226434265308769
0.5226434265308769
0.48238689359529513
0.4421303606597133
0.4996990689309657
0.459442535995384
0.43422398065226747
0.40900542530915096
0.38378686996603445
0.29429543785131074
0.34543578932892227
0.2519101032363628
0.25296062547467135
0.23650111398765253
0.2331741277946293
0.229847141601606
0.22652015540858267
0.2231931692155594
0.2198661830225361
0.2165391968295128
0.2165391968295128
0.2165391968295128
0.21055062168207095
0.20456204653462903
0.22372548700644318
0.24288183922264958
0.23955485302962626
0.23622786683660302
0.20374463446074625
0.200417648267723
0.200417648267723
0.200417648267723
0.200417648267723
0.200417648267723
0.2020811413642346
0.20374463446074625
0.2054081275572579
0.20707162065376955
0.2087351137502812
0.21039860684679282
0.21206209994330447
0.21372559303981611
0.33437882454304657
0.3396188277970583
0.2420952385909474
0.37539101762766636
0.39327356841516653
0.4111561192026667
0.4483351899097019
0.4855142606167372
0.5226933313237724
0.5598724020308076
0.5942686514676527
0.5995086547216644
0.6047486579756761
0.5121634200228536
0.5174034232768653
0.5226434265308769
0.5226434265308769
0.5226434265308769
0.523510091431107
0.5237899784492468
0.524349121941962
0.5249573203795964
0.5252311676571543
0.5258410952964847
0.5255726292539056
0.5251839626391545
0.5247665744812049
0.5251079055663307
0.5262874011687585
0.5183081863697098
0.5108952469468833
0.5030518720214552
0.4962023034157652
0.50931718159668
0.5239552149419245
0.5360670764455493
0.5465838004376906
0.5475409217914867
0.5469894164926045
0.5482246204111707
0.5511626680404152
0.5534184093799753
0.5555346386588429
0.5563637807759392
0.5560016372394708
0.554837373375287
0.5531052612858242
0.5517770864599979
0.5503388850060882
0.5475265607385297
0.5442479588683903
0.5401194168798321
0.5358143324518599
0.5305005492992253
0.5252652137348621
0.5305005492992253
0.4850086807992805
0.4421303606597133
0.5075561916993141
0.4620643231993693
0.43422398065226747
0.41686254807749923
0.38640865717001976
0.2504702177862155
0.28422765433104796
0.25704692452913575
0.2398281001806758
0.2443582367560009
0.23579591499861458
0.229847141601606
0.23437727817693102
0.2258149564195447
0.2198661830225361
0.22439631959786116
0.21916098403349812
0.2165391968295128
0.21840774445041924
0.20718383373861432
0.22372548700644318
0.24288183922264958
0.23955485302962626
0.23622786683660302
0.20374463446074625
0.200417648267723
0.200417648267723
0.200417648267723
0.200417648267723
0.200417648267723
0.2020811413642346
0.20374463446074625
0.2054081275572579
0.20707162065376955
0.2087351137502812
0.21039860684679282
0.21206209994330447
0.21372559303981611
0.33437882454304657
0.3396188277970582
0.2420952385909474
0.37539101762766636
0.39327356841516653
0.4111561192026667
0.4483351899097019
0.4855142606167372
0.5226933313237724
0.5598724020308076
0.5942686514676527
0.5995086547216644
0.6047486579756761
0.5121634200228536
0.5174034232768653
0.5226434265308769
0.5226434265308769
0.5226434265308769
0.5226434265308769
0.5226434265308769
0.5226434265308769
0.5226434265308769
0.5226434265308769
0.5226434265308769
0.5226434265308769
0.5226434265308769
0.5226434265308769
0.5226434265308769
0.5226434265308769
0.5134742525829048
0.5043050786349326
0.4951359046869602
0.48596673073898816
0.4951359046869602
0.5043050786349326
0.5134742525829048
0.5226434265308769
0.5226434265308769
0.5226434265308769
0.5226434265308769
0.5226434265308769
0.5226434265308769
0.5226434265308769
0.5226434265308769
0.5226434265308769
0.5226434265308769
0.5226434265308769
0.5226434265308769
0.5226434265308769
0.5226434265308769
0.5226434265308769
0.5226434265308769
0.5226434265308769
0.5226434265308769
0.5226434265308769
0.5226434265308769
0.48238689359529513
0.4421303606597133
0.4996990689309657
0.459442535995384
0.43422398065226747
0.40900542530915096
0.38378686996603445
0.29429543785131074
0.34543578932892227
0.2431550863736991
0.2398281001806758
0.23650111398765253
0.2331741277946293
0.229847141601606
0.22652015540858267
0.2231931692155594
0.2198661830225361
0.2165391968295128
0.2165391968295128
0.2165391968295128
0.21055062168207095
0.20456204653462903
0.22372548700644318
0.24288183922264958
0.23955485302962626
0.23622786683660302
0.20374463446074625
0.200417648267723
0.200417648267723
0.200417648267723
0.200417648267723
0.200417648267723
0.2020811413642346
0.20374463446074625
0.2054081275572579
0.20707162065376955
0.2087351137502812
0.21039860684679282
0.21206209994330447
0.21372559303981611
0.33437882454304657
0.3396188277970583
0.2420952385909474
0.3753910176276663
0.39327356841516653
0.4111561192026667
0.4483351899097019
0.4855142606167372
0.5226933313237724
0.5598724020308076
0.5942686514676527
0.5995086547216644
0.6047486579756761
0.5121634200228536
0.5174034232768653
0.5226434265308769
0.5226434265308769
0.5226434265308769
0.5226434265308769
0.5226434265308769
0.5226434265308769
0.5226434265308769
0.5226434265308769
0.5226434265308769
0.5226434265308769
0.5226434265308769
0.5226434265308769
0.5226434265308769
0.5226434265308769
0.5134742525829048
0.5043050786349326
0.4951359046869602
0.48596673073898816
0.4951359046869602
0.5043050786349326
0.5134742525829048
0.5226434265308769
0.5226434265308769
0.5226434265308769
0.5226434265308769
0.5226434265308769
0.5226434265308769
0.5226434265308769
0.5226434265308769
0.5226434265308769
0.5226434265308769
0.5226434265308769
0.5226434265308769
0.5226434265308769
0.5226434265308769
0.5226434265308769
0.5226434265308769
0.5226434265308769
0.5226434265308769
0.5226434265308769
0.5226434265308769
0.48238689359529513
0.4421303606597133
0.4996990689309657
0.459442535995384
0.43422398065226747
0.40900542530915096
0.38378686996603445
0.29429543785131074
0.34543578932892227
0.2431550863736991
0.2398281001806758
0.23650111398765253
0.2331741277946293
0.229847141601606
0.22652015540858267
0.2231931692155594
0.2198661830225361
0.2165391968295128
0.2165391968295128
0.2165391968295128
0.21055062168207095
0.20456204653462903
0.22372548700644318
0.24288183922264958
0.23955485302962626
0.23622786683660302
0.20374463446074625
0.200417648267723
0.200417648267723
0.200417648267723
0.200417648267723
0.200417648267723
0.2020811413642346
0.20374463446074625
0.2054081275572579
0.20707162065376955
0.2087351137502812
0.21039860684679282
0.21206209994330447
0.21372559303981611
0.33437882454304657
0.3396188277970583
0.2420952385909474
0.37539101762766636
0.39327356841516653
0.4111561192026667
0.4483351899097019
0.4855142606167372
0.5226933313237724
0.5598724020308076
0.5942686514676527
0.5995086547216644
0.6047486579756761
0.5121634200228536
0.5174034232768653
0.5226434265308769
0.5226434265308769
0.5226434265308769
0.5226434265308769
0.5226434265308769
0.5226434265308769
0.5226434265308769
0.5226434265308769
0.5226434265308769
0.5226434265308769
0.5226434265308769
0.5229721518893256
0.5230309635042475
0.5234874736932854
0.5143714841690689
0.5051412327812653
0.4962555471144797
0.4863492562240473
0.4951359046869602
0.5050552404551829
0.51418840071048
0.5237496070453566
0.5241572125124916
0.5236432758513788
0.5240165774665493
0.5237615464295541
0.5237795875157357
0.5240737251283185
0.5239850143124145
0.5238430267039645
0.5234797145207034
0.5234230402847817
0.5230557920318982
0.5226434265308769
0.5226434265308769
0.5226434265308769
0.5226434265308769
0.5226434265308769
0.5226434265308769
0.5226434265308769
0.5226434265308769
0.48238689359529513
0.4421303606597133
0.4996990689309657
0.459442535995384
0.43422398065226747
0.40900542530915096
0.38378686996603445
0.295578381965633
0.34543578932892227
0.2431550863736991
0.2398281001806758
0.23650111398765253
0.2331741277946293
0.229847141601606
0.22652015540858267
0.2231931692155594
0.2198661830225361
0.2165391968295128
0.2165391968295128
0.2165391968295128
0.21055062168207095
0.20456204653462903
0.22372548700644318
0.1792698632120443
0.1792698632120443
0.1792698632120443
0.15011361702921086
0.15011361702921086
0.15011361702921086
0.15011361702921086
0.15011361702921086
0.15011361702921086
0.15011361702921086
0.15011361702921086
0.15011361702921086
0.15011361702921086
0.15011361702921086
0.15011361702921086
0.15011361702921086
0.15011361702921086
0.15011361702921086
0.15011361702921086
0.15011361702921086
0.15011361702921086
0.15011361702921086
0.15011361702921086
0.15011361702921086
0.15011361702921086
0.15011361702921086
0.15011361702921086
0.1792698632120443
0.1792698632120443
0.1792698632120443
0.08144462200521008
0.08144462200521008
0.08144462200521008
0.08144462200521008
0.08144462200521008
0.08144462200521008
0.08144462200521008
0.08144462200521008
0.08144462200521008
0.08144462200521008
0.08144462200521008
0.08144462200521008
0.08144462200521008
0.08144462200521008
0.08144462200521008
0.08144462200521008
0.08144462200521008
0.08144462200521008
0.08144462200521008
0.08144462200521008
0.08144462200521008
0.08144462200521008
0.08144462200521008
0.08144462200521008
0.08144462200521008
0.08144462200521008
0.08144462200521008
0.08144462200521008
0.08144462200521008
0.08144462200521008
0.08144462200521008
0.08144462200521008
0.08144462200521008
0.08144462200521008
0.08144462200521008
0.08144462200521008
0.08144462200521008
0.08144462200521008
0.08144462200521008
0.08144462200521008
0.08144462200521008
0.08144462200521008
0.08144462200521008
0.08144462200521008
0.08144462200521008
0.1792698632120443
0.1792698632120443
0.1792698632120443
0.1792698632120443
0.1792698632120443
0.1792698632120443
0.1792698632120443
0.1792698632120443
0.1792698632120443
0.1792698632120443
0.1792698632120443
0.1792698632120443
0.1792698632120443
0.1792698632120443
0.1792698632120443
0.1792698632120443
0.1792698632120443
0.1792698632120443
0.1792698632120443
0.1792698632120443
0.1792698632120443
0.1792698632120443
0.1792698632120443
0.1792698632120443
0.15011361702921086
0.15011361702921086
0.15011361702921086
0.15011361702921086
0.15011361702921086
0.15011361702921086
0.15011361702921086
0.15011361702921086
0.15011361702921086
0.15011361702921086
0.15011361702921086
0.15011361702921086
0.15011361702921086
0.15011361702921086
0.15011361702921086
0.15011361702921086
0.15011361702921086
0.15011361702921086
0.15011361702921086
0.15011361702921086
0.15011361702921086
0.15011361702921086
0.15011361702921086
0.15011361702921086
0.1792698632120443
0.1792698632120443
0.1792698632120443
0.08144462200521008
0.08144462200521008
0.08144462200521008
0.08144462200521008
0.08144462200521008
0.08144462200521008
0.08144462200521008
0.08144462200521008
0.08144462200521008
0.08144462200521008
0.08144462200521008
0.08144462200521008
0.08144462200521008
0.08144462200521008
0.08144462200521008
0.08144462200521008
0.08144462200521008
0.08144462200521008
0.08144462200521008
0.08144462200521008
0.08144462200521008
0.08144462200521008
0.08144462200521008
0.08144462200521008
0.08144462200521008
0.08144462200521008
0.08144462200521008
0.08144462200521008
0.08144462200521008
0.08144462200521008
0.08144462200521008
0.08144462200521008
0.08144462200521008
0.08144462200521008
0.08144462200521008
0.08144462200521008
0.08144462200521008
0.08144462200521008
0.08144462200521008
0.08144462200521008
0.08144462200521008
0.08144462200521008
0.08144462200521008
0.08144462200521008
0.08144462200521008
0.1792698632120443
0.1792698632120443
0.1792698632120443
0.1792698632120443
0.1792698632120443
0.1792698632120443
0.1792698632120443
0.1792698632120443
0.1792698632120443
0.1792698632120443
0.1792698632120443
0.1792698632120443
0.1792698632120443
0.1792698632120443
0.1792698632120443
0.1792698632120443
0.1792698632120443
0.1792698632120443
0.1792698632120443
0.1792698632120443
0.1792698632120443
0.24288183922264958
0.23955485302962626
0.23622786683660302
0.20374463446074625
0.200417648267723
0.200417648267723
0.200417648267723
0.200417648267723
0.200417648267723
0.2020811413642346
0.20374463446074625
0.2054081275572579
0.20707162065376955
0.2087351137502812
0.21039860684679282
0.21206209994330447
0.21372559303981611
0.33437882454304657
0.3396188277970583
0.2420952385909474
0.37539101762766636
0.39327356841516653
0.4111561192026667
0.4483351899097019
0.4855142606167372
0.5226933313237724
0.5598724020308076
0.5942686514676527
0.5995086547216644
0.6047486579756761
0.5121634200228536
0.5174034232768653
0.5226434265308769
0.5226434265308769
0.5226434265308769
0.5226434265308769
0.5233536537501466
0.5230048718486497
0.5234877159199699
0.5236451313917223
0.5240112886092406
0.5239155825394515
0.5237987217824065
0.5239488462697627
0.524076107650532
0.524741191067293
0.5159462303663023
0.5059184491115837
0.4970530487640199
0.48731979562852595
0.4963895798165503
0.5091755239900466
0.5223899365392953
0.5352646980796608
0.536860016704473
0.5376460645825015
0.5371288052285017
0.5381624385942891
0.5379911322592639
0.5393209112693169
0.540085049733137
0.5400868714620877
0.5413042587038213
0.5421761880981953
0.5424053560215574
0.5428287865837272
0.5410827060519364
0.5392016907324706
0.5357951053164209
0.5328757966852452
0.5292391945910656
0.5252312962733642
0.5292391945910656
0.4849747633377824
0.4421303606597133
0.5062948369911544
0.46203040573787124
0.43422398065226747
0.4156011933693396
0.3863747397085217
0.25422690143669924
0.28296629962288833
0.2713220806735034
0.26540722473799283
0.24309688204784125
0.2357619975371165
0.229847141601606
0.23311592346877136
0.2257810389580466
0.2198661830225361
0.2231349648897015
0.21912706657200004
0.2165391968295128
0.21714638974225958
0.20714991627711624
0.22372548700644318
0.24288183922264958
0.23955485302962626
0.23622786683660302
0.20374463446074625
0.200417648267723
0.200417648267723
0.200417648267723
0.200417648267723
0.200417648267723
0.2020811413642346
0.20374463446074625
0.2054081275572579
0.20707162065376955
0.2087351137502812
0.21039860684679282
0.21206209994330447
0.21372559303981611
0.33437882454304657
0.3396188277970582
0.2420952385909474
0.37539101762766636
0.39327356841516653
0.4111561192026667
0.4483351899097019
0.4855142606167372
0.5226933313237724
0.5598724020308076
0.5942686514676527
0.5995086547216644
0.6047486579756761
0.5121634200228536
0.5174034232768653
0.5226434265308769
0.5226434265308769
0.5226434265308769
0.5226434265308769
0.5226434265308769
0.5226434265308769
0.5226434265308769
0.5226434265308769
0.5226434265308769
0.5226434265308769
0.5226434265308769
0.5226434265308769
0.5226434265308769
0.5226434265308769
0.5134742525829048
0.5043050786349326
0.4951359046869602
0.48596673073898816
0.4951359046869602
0.5043050786349326
0.5134742525829048
0.5226434265308769
0.5226434265308769
0.5226434265308769
0.5226434265308769
0.5226434265308769
0.5226434265308769
0.5226434265308769
0.5226434265308769
0.5226434265308769
0.5226434265308769
0.5226434265308769
0.5226434265308769
0.5226434265308769
0.5226434265308769
0.5226434265308769
0.5226434265308769
0.5226434265308769
0.5226434265308769
0.5226434265308769
0.5226434265308769
0.48238689359529513
0.4421303606597133
0.4996990689309657
0.459442535995384
0.43422398065226747
0.40900542530915096
0.38378686996603445
0.3289968752137855
0.3585683146229179
0.2431550863736991
0.2398281001806758
0.23650111398765253
0.2331741277946293
0.229847141601606
0.22652015540858267
0.2231931692155594
0.2198661830225361
0.2165391968295128
0.2165391968295128
0.2165391968295128
0.21055062168207095
0.20456204653462903
0.22372548700644318
0.24288183922264958
0.23955485302962626
0.23622786683660302
0.20374463446074625
0.200417648267723
0.200417648267723
0.200417648267723
0.200417648267723
0.200417648267723
0.2020811413642346
0.20374463446074625
0.2054081275572579
0.20707162065376955
0.2087351137502812
0.21039860684679282
0.21206209994330447
0.21372559303981611
0.33437882454304657
0.3396188277970582
0.2420952385909474
0.37539101762766636
0.39327356841516653
0.4111561192026667
0.4483351899097019
0.4855142606167372
0.5226933313237724
0.5598724020308076
0.5942686514676527
0.5995086547216644
0.6047486579756761
0.5121634200228536
0.5174034232768653
0.5226434265308769
0.5226434265308769
0.5226434265308769
0.5226434265308769
0.5226434265308769
0.5226434265308769
0.5226434265308769
0.5226434265308769
0.5226434265308769
0.5226434265308769
0.5226434265308769
0.5226434265308769
0.5226434265308769
0.5226434265308769
0.5134742525829048
0.5043050786349326
0.4951359046869602
0.48596673073898816
0.4951359046869602
0.5047358355110987
0.5142408332207419
0.5233722412395821
0.5234608954239051
0.5226434265308769
0.5234179633730976
0.5234011761361812
0.5235548763906223
0.5236297146023005
0.5236612045515332
0.5230974760975075
0.5230405056296267
0.5226434265308769
0.5226434265308769
0.5226434265308769
0.5226434265308769
0.5226434265308769
0.5226434265308769
0.5226434265308769
0.5226434265308769
0.5226434265308769
0.5226434265308769
0.48238689359529513
0.4421303606597133
0.4996990689309657
0.459442535995384
0.43422398065226747
0.40900542530915096
0.38378686996603445
0.3130405868873171
0.34543578932892227
0.24972134902069687
0.25296062547467135
0.23650111398765253
0.2331741277946293
0.229847141601606
0.22652015540858267
0.2231931692155594
0.2198661830225361
0.2165391968295128
0.2165391968295128
0.2165391968295128
0.21055062168207095
0.20456204653462903
0.22372548700644318
0.24288183922264958
0.23955485302962626
0.23622786683660302
0.20374463446074625
0.200417648267723
0.200417648267723
0.200417648267723
0.200417648267723
0.200417648267723
0.2020811413642346
0.20374463446074625
0.2054081275572579
0.20707162065376955
0.2087351137502812
0.21039860684679282
0.21206209994330447
0.21372559303981611
0.33437882454304657
0.3396188277970582
0.2420952385909474
0.37539101762766636
0.39327356841516653
0.4111561192026667
0.4483351899097019
0.4855142606167372
0.5226933313237724
0.5598724020308076
0.5942686514676527
0.5995086547216644
0.6047486579756761
0.5121634200228536
0.5174034232768653
0.5226434265308769
0.5226434265308769
0.5226434265308769
0.5226434265308769
0.5226434265308769
0.5226434265308769
0.5226434265308769
0.5226434265308769
0.5226434265308769
0.5226434265308769
0.5226434265308769
0.5226434265308769
0.5226434265308769
0.5226434265308769
0.5134742525829048
0.5043050786349326
0.4951359046869602
0.48596673073898816
0.4951359046869602
0.5043050786349326
0.5134742525829048
0.5226434265308769
0.5226434265308769
0.5226434265308769
0.5226434265308769
0.5226434265308769
0.5231078714800946
0.5226434265308769
0.5226434265308769
0.5226434265308769
0.5226434265308769
0.5226434265308769
0.5226434265308769
0.5226434265308769
0.5226434265308769
0.5226434265308769
0.5226434265308769
0.5226434265308769
0.5226434265308769
0.5226434265308769
0.5226434265308769
0.48238689359529513
0.4421303606597133
0.4018738277241315
0.459442535995384
0.43422398065226747
0.40900542530915096
0.38378686996603445
0.321022636584966
0.3585683146229179
0.25628761166769465
0.2398281001806758
0.23650111398765253
0.2331741277946293
0.229847141601606
0.22652015540858267
0.2231931692155594
0.2198661830225361
0.2165391968295128
0.2165391968295128
0.2165391968295128
0.21055062168207095
0.20456204653462903
0.22372548700644318
0.24288183922264958
0.23955485302962626
0.23622786683660302
0.20374463446074625
0.200417648267723
0.200417648267723
0.200417648267723
0.200417648267723
0.200417648267723
0.2020811413642346
0.20374463446074625
0.2054081275572579
0.20707162065376955
0.2087351137502812
0.21039860684679282
0.21206209994330447
0.21372559303981611
0.33437882454304657
0.33961882779705826
0.2420952385909474
0.3753910176276663
0.39327356841516653
0.4111561192026667
0.4483351899097019
0.4855142606167372
0.5226933313237724
0.5598724020308076
0.5942686514676527
0.5995086547216644
0.5069234167688419
0.5121634200228536
0.5174034232768653
0.5226434265308769
0.5226434265308769
0.5226434265308769
0.5226434265308769
0.5226434265308769
0.5226434265308769
0.5226434265308769
0.5226434265308769
0.5226434265308769
0.5226434265308769
0.5226434265308769
0.5226434265308769
0.5226434265308769
0.523125671998929
0.5147014268342771
0.5055839725312525
0.4971354895421133
0.4865270840283072
0.4955187247640756
0.5050541675828742
0.5142320866765075
0.5234975880514233
0.5242402496140238
0.5234778677697451
0.5235028705880878
0.5237358673545742
0.5238417007004162
0.5241307178071916
0.5241896481689136
0.5242994128588009
0.524305699433143
0.5249494569012405
0.5248870108066676
0.5246190402031514
0.5234461084824998
0.5226434265308769
0.5226434265308769
0.5226434265308769
0.5226434265308769
0.5226434265308769
0.5226434265308769
0.48238689359529513
0.4421303606597133
0.4018738277241315
0.459442535995384
0.43422398065226747
0.40900542530915096
0.38378686996603445
0.295578381965633
0.34543578932892227
0.2431550863736991
0.2398281001806758
0.23650111398765253
0.2331741277946293
0.229847141601606
0.22652015540858267
0.2231931692155594
0.2198661830225361
0.2165391968295128
0.2165391968295128
0.2165391968295128
0.21055062168207095
0.20456204653462903
0.22372548700644318
0.1792698632120443
0.1792698632120443
0.1792698632120443
0.15011361702921086
0.15011361702921086
0.15011361702921086
0.15011361702921086
0.15011361702921086
0.15011361702921086
0.15011361702921086
0.15011361702921086
0.15011361702921086
0.15011361702921086
0.15011361702921086
0.15011361702921086
0.15011361702921086
0.15011361702921086
0.15011361702921086
0.15011361702921086
0.15011361702921086
0.15011361702921086
0.15011361702921086
0.15011361702921086
0.15011361702921086
0.15011361702921086
0.15011361702921086
0.15011361702921086
0.1792698632120443
0.1792698632120443
0.08144462200521008
0.08144462200521008
0.08144462200521008
0.08144462200521008
0.08144462200521008
0.08144462200521008
0.08144462200521008
0.08144462200521008
0.08144462200521008
0.08144462200521008
0.08144462200521008
0.08144462200521008
0.08144462200521008
0.08144462200521008
0.08144462200521008
0.08144462200521008
0.08144462200521008
0.08144462200521008
0.08144462200521008
0.08144462200521008
0.08144462200521008
0.08144462200521008
0.08144462200521008
0.08144462200521008
0.08144462200521008
0.08144462200521008
0.08144462200521008
0.08144462200521008
0.08144462200521008
0.08144462200521008
0.08144462200521008
0.08144462200521008
0.08144462200521008
0.08144462200521008
0.08144462200521008
0.08144462200521008
0.08144462200521008
0.08144462200521008
0.08144462200521008
0.08144462200521008
0.08144462200521008
0.08144462200521008
0.08144462200521008
0.08144462200521008
0.08144462200521008
0.08144462200521008
0.08144462200521008
0.1792698632120443
0.1792698632120443
0.1792698632120443
0.1792698632120443
0.1792698632120443
0.1792698632120443
0.1792698632120443
0.1792698632120443
0.1792698632120443
0.1792698632120443
0.1792698632120443
0.1792698632120443
0.1792698632120443
0.1792698632120443
0.1792698632120443
0.1792698632120443
0.1792698632120443
0.1792698632120443
0.1792698632120443
0.1792698632120443
0.1792698632120443
0.1792698632120443
0.1792698632120443
0.15011361702921086
0.15011361702921086
0.15011361702921086
0.15011361702921086
0.15011361702921086
0.15011361702921086
0.15011361702921086
0.15011361702921086
0.15011361702921086
0.15011361702921086
0.15011361702921086
0.15011361702921086
0.15011361702921086
0.15011361702921086
0.15011361702921086
0.15011361702921086
0.15011361702921086
0.15011361702921086
0.15011361702921086
0.15011361702921086
0.15011361702921086
0.15011361702921086
0.15011361702921086
0.15011361702921086
0.1792698632120443
0.1792698632120443
0.08144462200521008
0.08144462200521008
0.08144462200521008
0.08144462200521008
0.08144462200521008
0.08144462200521008
0.08144462200521008
0.08144462200521008
0.08144462200521008
0.08144462200521008
0.08144462200521008
0.08144462200521008
0.08144462200521008
0.08144462200521008
0.08144462200521008
0.08144462200521008
0.08144462200521008
0.08144462200521008
0.08144462200521008
0.08144462200521008
0.08144462200521008
0.08144462200521008
0.08144462200521008
0.08144462200521008
0.08144462200521008
0.08144462200521008
0.08144462200521008
0.08144462200521008
0.08144462200521008
0.08144462200521008
0.08144462200521008
0.08144462200521008
0.08144462200521008
0.08144462200521008
0.08144462200521008
0.08144462200521008
0.08144462200521008
0.08144462200521008
0.08144462200521008
0.08144462200521008
0.08144462200521008
0.08144462200521008
0.08144462200521008
0.08144462200521008
0.08144462200521008
0.08144462200521008
0.08144462200521008
0.1792698632120443
0.1792698632120443
0.1792698632120443
0.1792698632120443
0.1792698632120443
0.1792698632120443
0.1792698632120443
0.1792698632120443
0.1792698632120443
0.1792698632120443
0.1792698632120443
0.1792698632120443
0.1792698632120443
0.1792698632120443
0.1792698632120443
0.1792698632120443
0.1792698632120443
0.1792698632120443
0.1792698632120443
0.1792698632120443
0.22957389445055645
0.22957389445055645
0.22957389445055645
0.200417648267723
0.200417648267723
0.2020811413642346
0.20374463446074625
0.2054081275572579
0.20707162065376955
0.21892530501109655
0.22058879810760817
0.2238173029200383
0.24739492974256846
0.3226236215663127
0.3177046940710397
0.27576457529369974
0.37539101762766636
0.39327356841516653
0.4111561192026667
0.4483351899097019
0.4855142606167372
0.5226933313237724
0.5598724020308076
0.5942686514676527
0.5995086547216644
0.6047486579756761
0.6099886612296879
0.6152286644836995
0.6204686677377111
0.5226434265308769
0.5226434265308769
0.5226434265308769
0.5226434265308769
0.5226434265308769
0.5226434265308769
0.5226434265308769
0.5226434265308769
0.5226434265308769
0.5226434265308769
0.5226434265308769
0.5226434265308769
0.5226434265308769
0.5134742525829048
0.5043050786349326
0.4951359046869602
0.48596673073898816
0.4951359046869602
0.5043050786349326
0.5134742525829048
0.5226434265308769
0.5226434265308769
0.5226434265308769
0.5226434265308769
0.5226434265308769
0.5226434265308769
0.5226434265308769
0.5226434265308769
0.5226434265308769
0.5226434265308769
0.5226434265308769
0.5226434265308769
0.5226434265308769
0.5226434265308769
0.5226434265308769
0.5226434265308769
0.5226434265308769
0.5226434265308769
0.5226434265308769
0.5226434265308769
0.48238689359529513
0.4421303606597133
0.4018738277241315
0.3616172947885497
0.33639873944543325
0.3111801841023166
0.2859616287592002
0.3285245339536225
0.3585683146229179
0.2431550863736991
0.2398281001806758
0.23650111398765253
0.2331741277946293
0.229847141601606
0.22652015540858267
0.2231931692155594
0.2198661830225361
0.2165391968295128
0.2165391968295128
0.2165391968295128
0.21055062168207095
0.20456204653462903
0.22372548700644318
0.24288183922264958
0.23955485302962626
0.23622786683660302
0.20374463446074625
0.200417648267723
0.200417648267723
0.200417648267723
0.200417648267723
0.24720269066908396
0.2488661837655956
0.20374463446074625
0.2521931699586189
0.2538566630551305
0.2087351137502812
0.2571836492481538
0.25884714234466544
0.21372559303981611
0.33437882454304657
0.33961882779705826
0.2420952385909474
0.3753910176276663
0.39327356841516653
0.4111561192026667
0.4483351899097019
0.4855142606167372
0.5226933313237724
0.5598724020308076
0.5942686514676527
0.5995086547216644
0.6047486579756761
0.6099886612296879
0.6152286644836995
0.6204686677377111
0.5226434265308769
0.5226434265308769
0.5226434265308769
0.5226434265308769
0.5226434265308769
0.5226434265308769
0.5226434265308769
0.5226434265308769
0.5226434265308769
0.5226434265308769
0.5226434265308769
0.5226434265308769
0.5226434265308769
0.5134742525829048
0.5043050786349326
0.4951359046869602
0.48596673073898816
0.4951359046869602
0.5043050786349326
0.5138408748329002
0.5230571116132253
0.5234008215973693
0.5229831084362324
0.5226434265308769
0.5229831804695186
0.5226434265308769
0.5226434265308769
0.5229897326918213
0.5226434265308769
0.5234185306704213
0.5230268457804695
0.5235312570990666
0.5236220091737406
0.5237561201340328
0.5236683036794608
0.5235702579308364
0.5230410785642051
0.5226434265308769
0.5226434265308769
0.5226434265308769
0.48238689359529513
0.4421303606597133
0.4020613173007277
0.3616172947885497
0.33658622902202945
0.3111801841023166
0.2859616287592002
0.30387799529645176
0.34543578932892227
0.2431550863736991
0.24001558975727202
0.23650111398765253
0.2331741277946293
0.2300346311782022
0.22652015540858267
0.2231931692155594
0.2200536725991323
0.2165391968295128
0.2165391968295128
0.21672668640610904
0.21055062168207095
0.20456204653462903
0.22391297658303938
0.24288183922264958
0.23955485302962626
0.23641535641319922
0.20374463446074625
0.200417648267723
0.200417648267723
0.200417648267723
0.200417648267723
0.200417648267723
0.2020811413642346
0.20374463446074625
0.2054081275572579
0.20707162065376955
0.2087351137502812
0.21039860684679282
0.21206209994330447
0.21372559303981611
0.33437882454304657
0.33961882779705826
0.2420952385909474
0.3753910176276663
0.39327356841516653
0.4111561192026667
0.4483351899097019
0.4855142606167372
0.5226933313237724
0.5598724020308076
0.5942686514676527
0.5995086547216644
0.6047486579756761
0.6099886612296879
0.6152286644836995
0.6204686677377111
0.5226434265308769
0.5226434265308769
0.5226434265308769
0.5226434265308769
0.5226434265308769
0.5226434265308769
0.5226434265308769
0.5226434265308769
0.5226434265308769
0.5226434265308769
0.5226434265308769
0.5226434265308769
0.5226434265308769
0.5134742525829048
0.5043050786349326
0.4951359046869602
0.48596673073898816
0.4951359046869602
0.5043050786349326
0.5134742525829048
0.5226434265308769
0.5226434265308769
0.5226434265308769
0.5226434265308769
0.5226434265308769
0.5226434265308769
0.5226434265308769
0.5226434265308769
0.5226434265308769
0.5226434265308769
0.52297171584512
0.5229810976967526
0.5226434265308769
0.5226434265308769
0.5226434265308769
0.5226434265308769
0.5226434265308769
0.5226434265308769
0.5226434265308769
0.5226434265308769
0.48238689359529513
0.4421303606597133
0.4018738277241315
0.3616172947885497
0.33639873944543325
0.3111801841023166
0.2859616287592002
0.3149997873834394
0.34543578932892227
0.25628761166769465
0.25296062547467135
0.23650111398765253
0.2331741277946293
0.229847141601606
0.22652015540858267
0.2231931692155594
0.2198661830225361
0.2165391968295128
0.2165391968295128
0.2165391968295128
0.21055062168207095
0.20456204653462903
0.22372548700644318
0.24288183922264958
0.23955485302962626
0.23622786683660302
0.20374463446074625
0.200417648267723
0.200417648267723
0.200417648267723
0.200417648267723
0.200417648267723
0.2020811413642346
0.20374463446074625
0.2054081275572579
0.20707162065376955
0.2087351137502812
0.21039860684679282
0.21206209994330447
0.21372559303981611
0.33437882454304657
0.33961882779705826
0.2420952385909474
0.3753910176276663
0.39327356841516653
0.4111561192026667
0.4483351899097019
0.4855142606167372
0.5226933313237724
0.5598724020308076
0.5942686514676527
0.5995086547216644
0.6047486579756761
0.6099886612296879
0.6152286644836995
0.6204686677377111
0.5226434265308769
0.5226434265308769
0.5226434265308769
0.5226434265308769
0.5226434265308769
0.5226434265308769
0.5226434265308769
0.5226434265308769
0.5226434265308769
0.5226434265308769
0.5226434265308769
0.5226434265308769
0.5226434265308769
0.5138380343315655
0.5050536460170912
0.4955651701198253
0.48698721419538543
0.49659555829191054
0.5051305671689486
0.515596159436667
0.5238374645792465
0.5229481665083965
0.5244933284758655
0.5254544009105583
0.5260840802208012
0.5262892708371133
0.5259936004486153
0.525971247015654
0.5263227897982475
0.5277230297564984
0.529116288613736
0.5282528641840262
0.5264471037725009
0.5266064722956654
0.5268407706024563
0.5271268365522903
0.5280331563964841
0.5272630271005778
0.5261152414230333
0.5258275383417024
0.4839279073966906
0.4421303606597133
0.4018738277241315
0.3616172947885497
0.33639873944543325
0.3111801841023166
0.2859616287592002
0.2504702177862155
0.2763705315626996
0.25442513732515043
0.2398281001806758
0.23650111398765253
0.2331741277946293
0.229847141601606
0.22652015540858267
0.2231931692155594
0.2198661830225361
0.2165391968295128
0.2165391968295128
0.2165391968295128
0.21055062168207095
0.20456204653462903
0.22372548700644318
0.24288183922264958
0.23955485302962626
0.23622786683660302
0.20374463446074625
0.20092895394774757
0.2022754692317823
0.2010879778895405
0.20092895394774757
0.2022754692317823
0.2027514709860521
0.20425594014077084
0.20726594852131722
0.20774195027558706
0.20924641943030584
0.21225642781085216
0.21273242956512198
0.2142368987198407
0.33623664550710597
0.3402891574188758
0.24260654427097203
0.3772488385917257
0.393943898036984
0.4116674248826913
0.45019301087376123
0.4861845902385546
0.523204637003797
0.561730222994867
0.5949389810894702
0.600019960401689
0.6066064789397354
0.6106589908515053
0.6157399701637242
0.6223264887017704
0.5233137561526944
0.5231547322109015
0.5245012474949362
0.5233137561526944
0.5231547322109015
0.5245012474949362
0.5245824199781329
0.5240405783415265
0.5255712196777212
0.5247530124734924
0.5250781860953817
0.5249536166158434
0.5260878286056149
0.518260059385826
0.5081730621210254
0.4994647231689521
0.4928852017317949
0.5037073506261798
0.5178052144927625
0.5294787654291578
0.540454584169031
0.5422738032031348
0.5433182794039172
0.5446803938666922
0.5463228815182632
0.5495557703440318
0.5521816169223446
0.5542338302449269
0.5560713601103217
0.5581679864347213
0.5597611966562487
0.5621486761438631
0.5642165404314649
0.5660028969077284
0.5672562469643443
0.5674381999433394
0.5672532941816015
0.5659708018282426
0.564217078943923
0.5599112359272621
0.5101438565759514
0.46175412189551635
0.4128065196534788
0.38124105602435276
0.34733143137478056
0.31500943811734283
0.3055853899950033
0.25408777830304646
0.2469843403887253
0.2627788476095022
0.25076079211002317
0.24033036800267873
0.2527978890304324
0.24077983353095336
0.23034940942360888
0.24281693045136243
0.23079887495188345
0.22036845084453902
0.23616295806531587
0.22747188875886012
0.21437987569709716
0.2241858077704321
0.2346581789357905
0.2467110932376758
0.2591786142654294
0.24716055876595033
0.20757388847577246
0.15011361702921086
0.15011361702921086
0.15011361702921086
0.15011361702921086
0.15011361702921086
0.15011361702921086
0.15011361702921086
0.15011361702921086
0.15011361702921086
0.15011361702921086
0.15011361702921086
0.15011361702921086
0.15011361702921086
0.15011361702921086
0.15011361702921086
0.15011361702921086
0.15011361702921086
0.15011361702921086
0.15011361702921086
0.15011361702921086
0.15011361702921086
0.15011361702921086
0.15011361702921086
0.1792698632120443
0.1792698632120443
0.1792698632120443
0.1792698632120443
0.1792698632120443
0.1792698632120443
0.08144462200521008
0.08144462200521008
0.08144462200521008
0.08144462200521008
0.08144462200521008
0.08144462200521008
0.08144462200521008
0.08144462200521008
0.08144462200521008
0.08144462200521008
0.08144462200521008
0.08144462200521008
0.08144462200521008
0.08144462200521008
0.08144462200521008
0.08144462200521008
0.08144462200521008
0.08144462200521008
0.08144462200521008
0.08144462200521008
0.08144462200521008
0.08144462200521008
0.08144462200521008
0.08144462200521008
0.08144462200521008
0.08144462200521008
0.08144462200521008
0.08144462200521008
0.08144462200521008
0.08144462200521008
0.08144462200521008
0.08144462200521008
0.08144462200521008
0.08144462200521008
0.08144462200521008
0.08144462200521008
0.08144462200521008
0.08144462200521008
0.08144462200521008
0.08144462200521008
0.08144462200521008
0.08144462200521008
0.08144462200521008
0.08144462200521008
0.08144462200521008
0.08144462200521008
0.08144462200521008
0.1792698632120443
0.1792698632120443
0.1792698632120443
0.1792698632120443
0.1792698632120443
0.1792698632120443
0.1792698632120443
0.1792698632120443
0.1792698632120443
0.1792698632120443
0.1792698632120443
0.1792698632120443
0.1792698632120443
0.1792698632120443
0.1792698632120443
0.1792698632120443
0.1792698632120443
0.1792698632120443
0.1792698632120443
0.15011361702921086
0.15011361702921086
0.15011361702921086
0.15011361702921086
0.15011361702921086
0.15011361702921086
0.15011361702921086
0.15011361702921086
0.15011361702921086
0.15011361702921086
0.15011361702921086
0.15011361702921086
0.15011361702921086
0.15011361702921086
0.15011361702921086
0.15011361702921086
0.15011361702921086
0.15011361702921086
0.15011361702921086
0.15011361702921086
0.15011361702921086
0.15011361702921086
0.15011361702921086
0.15011361702921086
0.1792698632120443
0.1792698632120443
0.1792698632120443
0.1792698632120443
0.1792698632120443
0.1792698632120443
0.08144462200521008
0.08144462200521008
0.08144462200521008
0.08144462200521008
0.08144462200521008
0.08144462200521008
0.08144462200521008
0.08144462200521008
0.08144462200521008
0.08144462200521008
0.08144462200521008
0.08144462200521008
0.08144462200521008
0.08144462200521008
0.08144462200521008
0.08144462200521008
0.08144462200521008
0.08144462200521008
0.08144462200521008
0.08144462200521008
0.08144462200521008
0.08144462200521008
0.08144462200521008
0.08144462200521008
0.08144462200521008
0.08144462200521008
0.08144462200521008
0.08144462200521008
0.08144462200521008
0.08144462200521008
0.08144462200521008
0.08144462200521008
0.08144462200521008
0.08144462200521008
0.08144462200521008
0.08144462200521008
0.08144462200521008
0.08144462200521008
0.08144462200521008
0.08144462200521008
0.08144462200521008
0.08144462200521008
0.08144462200521008
0.08144462200521008
0.08144462200521008
0.08144462200521008
0.08144462200521008
0.1792698632120443
0.1792698632120443
0.1792698632120443
0.1792698632120443
0.1792698632120443
0.1792698632120443
0.1792698632120443
0.1792698632120443
0.1792698632120443
0.1792698632120443
0.1792698632120443
0.1792698632120443
0.1792698632120443
0.1792698632120443
0.1792698632120443
0.1792698632120443
0.1792698632120443
0.1792698632120443
0.1792698632120443
0.15011361702921086
0.200417648267723
0.200417648267723
0.200417648267723
0.200417648267723
0.200417648267723
0.2020811413642346
0.20374463446074625
0.2054081275572579
0.20707162065376955
0.2087351137502812
0.21039860684679282
0.21206209994330447
0.21372559303981611
0.33437882454304657
0.3396188277970583
0.2420952385909474
0.3753910176276663
0.39327356841516653
0.4111561192026667
0.4483351899097019
0.4855142606167372
0.5226933313237724
0.5598724020308076
0.5942686514676527
0.5995086547216644
0.6047486579756761
0.6099886612296879
0.6152286644836995
0.6204686677377111
0.5226434265308769
0.5226434265308769
0.5226434265308769
0.5226434265308769
0.5226434265308769
0.5226434265308769
0.5226434265308769
0.5226434265308769
0.5233930613492559
0.5241568624610115
0.5244303680361302
0.5253343319506356
0.5252988062436886
0.5168952510280364
0.5054658087536229
0.4951359046869602
0.4863407591964582
0.4951359046869602
0.505158170099073
0.516600400355968
0.5294418161196981
0.5331860965208267
0.5371853327675444
0.5383742978224679
0.5378961338971542
0.5391939102790326
0.538919866053302
0.5392371340486789
0.5403536979924473
0.5401665648032619
0.5389362676524929
0.5372683292739244
0.5353930333060007
0.5344863648856828
0.5337055611928978
0.532997121851178
0.5321000415723335
0.5309286447614013
0.5295125711387686
0.5278385196851604
0.48329770065628286
0.4421303606597133
0.4018738277241315
0.3616172947885497
0.33639873944543325
0.3111801841023166
0.2859616287592002
0.2431550863736991
0.2431550863736991
0.2431550863736991
0.2398281001806758
0.23650111398765253
0.2331741277946293
0.229847141601606
0.22652015540858267
0.2231931692155594
0.2198661830225361
0.2165391968295128
0.2165391968295128
0.2165391968295128
0.21055062168207095
0.20456204653462903
0.22372548700644318
0.24288183922264958
0.23955485302962626
0.23622786683660302
0.20374463446074625
0.200417648267723
0.200417648267723
0.200417648267723
0.200417648267723
0.200417648267723
0.2020811413642346
0.20374463446074625
0.2054081275572579
0.20707162065376955
0.2087351137502812
0.21039860684679282
0.21206209994330447
0.21372559303981611
0.321246299249051
0.32648630250306265
0.2420952385909474
0.3753910176276663
0.39327356841516653
0.4111561192026667
0.4483351899097019
0.4855142606167372
0.5226933313237724
0.5598724020308076
0.5942686514676527
0.5995086547216644
0.6047486579756761
0.6099886612296879
0.6152286644836995
0.5226434265308769
0.5226434265308769
0.5226434265308769
0.5226434265308769
0.5226434265308769
0.5226434265308769
0.5226434265308769
0.5226434265308769
0.5226434265308769
0.5226434265308769
0.5226434265308769
0.5226434265308769
0.5226434265308769
0.5226434265308769
0.5134742525829048
0.5043050786349326
0.4951359046869602
0.48596673073898816
0.4951359046869602
0.5043050786349326
0.5134742525829048
0.5226434265308769
0.5226434265308769
0.5226434265308769
0.5226434265308769
0.5226434265308769
0.5226434265308769
0.5226434265308769
0.5226434265308769
0.5226434265308769
0.5226434265308769
0.5226434265308769
0.5226434265308769
0.5226434265308769
0.5226434265308769
0.5226434265308769
0.5226434265308769
0.5226434265308769
0.5226434265308769
0.5226434265308769
0.5226434265308769
0.48238689359529513
0.4421303606597133
0.4018738277241315
0.3616172947885497
0.33639873944543325
0.3111801841023166
0.2859616287592002
0.3228963088276244
0.3585683146229179
0.25628761166769465
0.2398281001806758
0.23650111398765253
0.2331741277946293
0.229847141601606
0.22652015540858267
0.2231931692155594
0.2198661830225361
0.2165391968295128
0.2165391968295128
0.2165391968295128
0.21055062168207095
0.20456204653462903
0.22372548700644318
0.24288183922264958
0.23955485302962626
0.23622786683660302
0.20374463446074625
0.200417648267723
0.200417648267723
0.200417648267723
0.200417648267723
0.200417648267723
0.2020811413642346
0.20374463446074625
0.2054081275572579
0.20707162065376955
0.2087351137502812
0.21039860684679282
0.21206209994330447
0.21372559303981611
0.33437882454304657
0.33961882779705826
0.2420952385909474
0.37539101762766636
0.39327356841516653
0.4111561192026667
0.4483351899097019
0.4855142606167372
0.5226933313237724
0.5598724020308076
0.5942686514676527
0.5995086547216644
0.6047486579756761
0.6099886612296879
0.6152286644836995
0.5226434265308769
0.5226434265308769
0.5226434265308769
0.5226434265308769
0.5226434265308769
0.5226434265308769
0.5226434265308769
0.5226434265308769
0.5226434265308769
0.5226434265308769
0.5226434265308769
0.5226434265308769
0.5226434265308769
0.5226434265308769
0.5134742525829048
0.5043050786349326
0.4951359046869602
0.48596673073898816
0.4951359046869602
0.5043050786349326
0.5134742525829048
0.5226434265308769
0.5226434265308769
0.5226434265308769
0.5226434265308769
0.5226434265308769
0.5226434265308769
0.5226434265308769
0.5226434265308769
0.5226434265308769
0.5226434265308769
0.5226434265308769
0.5226434265308769
0.5226434265308769
0.5226434265308769
0.5226434265308769
0.5226434265308769
0.5226434265308769
0.5226434265308769
0.5226434265308769
0.5226434265308769
0.48238689359529513
0.4421303606597133
0.4018738277241315
0.3616172947885497
0.33639873944543325
0.3111801841023166
0.2859616287592002
0.3247723838696237
0.3585683146229179
0.2431550863736991
0.2398281001806758
0.23650111398765253
0.2331741277946293
0.229847141601606
0.22652015540858267
0.2231931692155594
0.2198661830225361
0.2165391968295128
0.2165391968295128
0.2165391968295128
0.21055062168207095
0.20456204653462903
0.22372548700644318
0.24288183922264958
0.23955485302962626
0.23622786683660302
0.20374463446074625
0.200417648267723
0.200417648267723
0.200417648267723
0.200417648267723
0.200417648267723
0.2020811413642346
0.20374463446074625
0.2054081275572579
0.20707162065376955
0.2087351137502812
0.21039860684679282
0.21206209994330447
0.21372559303981611
0.33437882454304657
0.33961882779705826
0.2420952385909474
0.3753910176276663
0.39327356841516653
0.4111561192026667
0.4483351899097019
0.4855142606167372
0.5226933313237724
0.5598724020308076
0.5942686514676527
0.5995086547216644
0.6047486579756761
0.6099886612296879
0.6152286644836995
0.5226434265308769
0.5226434265308769
0.5226434265308769
0.5226434265308769
0.5226434265308769
0.5226434265308769
0.5226434265308769
0.5226434265308769
0.5226434265308769
0.5226434265308769
0.5226434265308769
0.5226434265308769
0.5235652798430627
0.5234399186135543
0.514998078089276
0.5049931054369715
0.4954972568681078
0.4863475091673357
0.4955048192432129
0.505112487723176
0.5147969220868445
0.5240117350436432
0.5247993272287711
0.524019379506871
0.5243612876919935
0.5235575730625085
0.5235443993352111
0.5235133505084504
0.5234628445606867
0.5234157894255947
0.5230972945110024
0.5230648900709266
0.5230331817708551
0.5238624481060516
0.5241162640417567
0.5242848185319791
0.5244085261356445
0.5234780627538098
0.5226434265308769
0.5226434265308769
0.5226434265308769
0.48238689359529513
0.4421303606597133
0.4018738277241315
0.3616172947885497
0.33639873944543325
0.31191482529347875
0.2859616287592002
0.27819397638833754
0.33015520640549023
0.2655179018266991
0.25584332429527007
0.23723575517881465
0.2331741277946293
0.229847141601606
0.2272547965997448
0.2231931692155594
0.2198661830225361
0.21727383802067496
0.2165391968295128
0.2165391968295128
0.21128526287323304
0.20456204653462903
0.22372548700644318
0.24361648041381168
0.23955485302962626
0.23622786683660302
0.2044792756519084
0.200417648267723
0.20078182191618735
0.200417648267723
0.200417648267723
0.20078182191618735
0.2020811413642346
0.20374463446074625
0.2057723012057223
0.20707162065376955
0.2087351137502812
0.2107627804952572
0.21206209994330447
0.21372559303981611
0.33474299819151093
0.3396188277970583
0.2420952385909474
0.3757551912761308
0.39327356841516653
0.4111561192026667
0.4486993635581663
0.4855142606167372
0.5226933313237724
0.5602365756792719
0.5942686514676527
0.5995086547216644
0.6051128316241405
0.6099886612296879
0.6152286644836995
0.5230076001793412
0.5226434265308769
0.5226434265308769
0.5230076001793412
0.5226434265308769
0.5226434265308769
0.5230076001793412
0.5230908679001748
0.5235177809792897
0.5234542026634377
0.5234463208427436
0.5236933933880634
0.5237146334542082
0.5238958096823702
0.5147996954304521
0.5054932815755446
0.49625934047530107
0.48637704058524134
0.4957999720449044
0.5047506065176736
0.5151357953912268
0.5237263170941698
0.5238311558922026
0.522957846142579
0.5233586578309071
0.5229900560972917
0.5235142017856461
0.5234945075494264
0.52391330777266
0.524029553833154
0.5242167834620344
0.5242372747496864
0.5245216220532614
0.5252794581564901
0.5256605470857624
0.5272482201990532
0.527791537481165
0.5281417632270229
0.52770147612444
0.5272677216836391
0.5267619165086368
0.48450612656737757
0.4421303606597133
0.4018738277241315
0.3616172947885497
0.33639873944543325
0.3111801841023166
0.2859616287592002
0.25422690143669924
0.2880944740279028
0.2618066198849592
0.2536832822727896
0.23650111398765253
0.2331741277946293
0.229847141601606
0.22652015540858267
0.2231931692155594
0.2198661830225361
0.2165391968295128
0.2165391968295128
0.2165391968295128
0.21055062168207095
0.20456204653462903
0.22372548700644318
0.24288183922264958
0.23955485302962626
0.23622786683660302
0.20374463446074625
0.15011361702921086
0.15011361702921086
0.15011361702921086
0.15011361702921086
0.15011361702921086
0.15011361702921086
0.15011361702921086
0.15011361702921086
0.15011361702921086
0.15011361702921086
0.15011361702921086
0.15011361702921086
0.15011361702921086
0.15011361702921086
0.15011361702921086
0.15011361702921086
0.15011361702921086
0.15011361702921086
0.15011361702921086
0.15011361702921086
0.15011361702921086
0.15011361702921086
0.15011361702921086
0.1792698632120443
0.1792698632120443
0.1792698632120443
0.1792698632120443
0.1792698632120443
0.08144462200521008
0.08144462200521008
0.08144462200521008
0.08144462200521008
0.08144462200521008
0.08144462200521008
0.08144462200521008
0.08144462200521008
0.08144462200521008
0.08144462200521008
0.08144462200521008
0.08144462200521008
0.08144462200521008
0.08144462200521008
0.08144462200521008
0.08144462200521008
0.08144462200521008
0.08144462200521008
0.08144462200521008
0.08144462200521008
0.08144462200521008
0.08144462200521008
0.08144462200521008
0.08144462200521008
0.08144462200521008
0.08144462200521008
0.08144462200521008
0.08144462200521008
0.08144462200521008
0.08144462200521008
0.08144462200521008
0.08144462200521008
0.08144462200521008
0.08144462200521008
0.08144462200521008
0.08144462200521008
0.08144462200521008
0.08144462200521008
0.08144462200521008
0.08144462200521008
0.08144462200521008
0.08144462200521008
0.08144462200521008
0.08144462200521008
0.08144462200521008
0.08144462200521008
0.08144462200521008
0.08144462200521008
0.1792698632120443
0.1792698632120443
0.18946005447285966
0.20121525744959348
0.19102506618877813
0.20774184978736712
0.22605490561340527
0.19102506618877813
0.21429970263667145
0.22605490561340527
0.19102506618877813
0.21429970263667145
0.22605490561340527
0.19102506618877813
0.21429970263667145
0.22605490561340527
0.19102506618877813
0.21429970263667145
0.22605490561340527
0.16186882000594466
0.15011361702921086
0.15011361702921086
0.15011361702921086
0.15011361702921086
0.15011361702921086
0.15011361702921086
0.15011361702921086
0.15011361702921086
0.15011361702921086
0.15011361702921086
0.15011361702921086
0.15011361702921086
0.15011361702921086
0.15011361702921086
0.15011361702921086
0.15011361702921086
0.15011361702921086
0.15011361702921086
0.15011361702921086
0.15011361702921086
0.15011361702921086
0.15011361702921086
0.15011361702921086
0.1792698632120443
0.1792698632120443
0.1792698632120443
0.1792698632120443
0.1792698632120443
0.08144462200521008
0.08144462200521008
0.08144462200521008
0.08144462200521008
0.08144462200521008
0.08144462200521008
0.08144462200521008
0.08144462200521008
0.08144462200521008
0.08144462200521008
0.08144462200521008
0.08144462200521008
0.08144462200521008
0.08144462200521008
0.08144462200521008
0.08144462200521008
0.08144462200521008
0.08144462200521008
0.08144462200521008
0.08144462200521008
0.08144462200521008
0.08144462200521008
0.08144462200521008
0.08144462200521008
0.08144462200521008
0.08144462200521008
0.08144462200521008
0.08144462200521008
0.08144462200521008
0.08144462200521008
0.08144462200521008
0.08144462200521008
0.08144462200521008
0.08144462200521008
0.08144462200521008
0.08144462200521008
0.08144462200521008
0.08144462200521008
0.08144462200521008
0.08144462200521008
0.08144462200521008
0.08144462200521008
0.08144462200521008
0.08144462200521008
0.08144462200521008
0.08144462200521008
0.08144462200521008
0.08144462200521008
0.1792698632120443
0.1792698632120443
0.18946005447285966
0.20121525744959348
0.19102506618877813
0.20774184978736712
0.22605490561340527
0.19102506618877813
0.21429970263667145
0.22605490561340527
0.19102506618877813
0.21429970263667145
0.22605490561340527
0.19102506618877813
0.21429970263667145
0.22605490561340527
0.19102506618877813
0.21429970263667145
0.22605490561340527
0.16186882000594466
0.200417648267723
0.200417648267723
0.200417648267723
0.200417648267723
0.200417648267723
0.2020811413642346
0.20374463446074625
0.2054081275572579
0.20707162065376955
0.2087351137502812
0.21039860684679282
0.21206209994330447
0.21372559303981611
0.33437882454304657
0.33961882779705826
0.2420952385909474
0.3753910176276663
0.39327356841516653
0.4111561192026667
0.4483351899097019
0.4855142606167372
0.5226933313237724
0.5598724020308076
0.5942686514676527
0.5995086547216644
0.6047486579756761
0.6099886612296879
0.6152286644836995
0.5226434265308769
0.5226434265308769
0.5226434265308769
0.5226434265308769
0.5226434265308769
0.5226434265308769
0.5226434265308769
0.5226434265308769
0.5226434265308769
0.5226434265308769
0.5226434265308769
0.5226434265308769
0.5226434265308769
0.5226434265308769
0.5137918113464262
0.5046777017366156
0.4951359046869602
0.4863302182917365
0.4951359046869602
0.5048160289448117
0.5146642670950252
0.5244820692170673
0.5254711487355231
0.5256561768119383
0.5258343987132649
0.5247840686708096
0.52460911498288
0.524270247756708
0.5241686552965028
0.5242423877887911
0.5242540773840516
0.5241889327590086
0.5247371601045938
0.5252394502025367
0.5255476440750833
0.5266389545955992
0.5273458205699907
0.5274798862188965
0.5264066873413362
0.5250954536381275
0.5232326662285893
0.48238689359529513
0.4421303606597133
0.4018738277241315
0.3616172947885497
0.33639873944543325
0.3111801841023166
0.2859616287592002
0.17126333451699516
0.30194965612001656
0.2610558598708753
0.2672990092749873
0.23650111398765253
0.2331741277946293
0.229847141601606
0.22652015540858267
0.2231931692155594
0.2198661830225361
0.2165391968295128
0.2165391968295128
0.2165391968295128
0.21055062168207095
0.20456204653462903
0.22372548700644318
0.24288183922264958
0.23955485302962626
0.23622786683660302
0.20374463446074625
0.200417648267723
0.200417648267723
0.200417648267723
0.200417648267723
0.200417648267723
0.2020811413642346
0.20374463446074625
0.2054081275572579
0.20707162065376955
0.2087351137502812
0.21039860684679282
0.21206209994330447
0.21372559303981611
0.33437882454304657
0.3396188277970583
0.2420952385909474
0.37539101762766636
0.39327356841516653
0.4111561192026667
0.4483351899097019
0.4855142606167372
0.5226933313237724
0.5598724020308076
0.5942686514676527
0.5995086547216644
0.6047486579756761
0.6099886612296879
0.6152286644836995
0.5226434265308769
0.5226434265308769
0.5226434265308769
0.5226434265308769
0.5226434265308769
0.5226434265308769
0.5226434265308769
0.5226434265308769
0.5226434265308769
0.5226434265308769
0.5226434265308769
0.5226434265308769
0.5226434265308769
0.5226434265308769
0.5134742525829048
0.5043050786349326
0.4951359046869602
0.48596673073898816
0.4951359046869602
0.5043050786349326
0.5134742525829048
0.5226434265308769
0.5234520377164765
0.5226434265308769
0.5226434265308769
0.5226434265308769
0.5226434265308769
0.5226434265308769
0.5229722617038466
0.523873221657886
0.5246376502241487
0.5245579298582482
0.5249374307853254
0.5239372867152726
0.523481131987047
0.5226434265308769
0.5226434265308769
0.5226434265308769
0.5226434265308769
0.5226434265308769
0.5226434265308769
0.48238689359529513
0.4421303606597133
0.4018738277241315
0.3616172947885497
0.33639873944543325
0.3111801841023166
0.2859616287592002
0.1848737837382537
0.34543578932892227
0.25917031048829337
0.2398281001806758
0.23650111398765253
0.2331741277946293
0.229847141601606
0.22652015540858267
0.2231931692155594
0.2198661830225361
0.2165391968295128
0.2165391968295128
0.2165391968295128
0.21055062168207095
0.20456204653462903
0.22372548700644318
0.24288183922264958
0.23955485302962626
0.23622786683660302
0.20374463446074625
0.20104751835916965
0.20223782756608802
0.20093917477403783
0.20104751835916965
0.20223782756608802
0.2026026678705494
0.20437450455219294
0.20722830685562293
0.2075931471600844
0.20936498384172794
0.21221878614515782
0.21258362644961928
0.21435546313126277
0.3361990038414116
0.3401403543033731
0.2427251086823941
0.37721119692603133
0.39379509492148135
0.4117859892941134
0.4501553692080669
0.48603578712305195
0.5233232014152192
0.5616925813291725
0.5947901779739675
0.6001385248131111
0.6065688372740411
0.6105101877360026
0.6158585345751462
0.5244636058292419
0.5231649530371918
0.5232732966223237
0.5244636058292419
0.5231649530371918
0.5232732966223237
0.5244636058292419
0.5240612166620049
0.5245948585429988
0.5252705835141745
0.5251532352473549
0.5269106742701777
0.5276568251272004
0.5275945623631081
0.5188138536577481
0.5084677963524707
0.4981644206907425
0.48984636133014225
0.5000370855874473
0.5112671204613854
0.5290540938822024
0.5420979359833341
0.5472163349347455
0.5498207954085778
0.5551002769473947
0.5590351000685504
0.5635423707419271
0.5684565918186707
0.5726313543922075
0.5762645057287571
0.5798229382172894
0.5830813555243338
0.580425404921859
0.5770629689663153
0.5697270618186924
0.5608469788029363
0.5532489212522933
0.5459013379230097
0.5418173984528859
0.5384866347101115
0.534534994032478
0.48474800027013626
0.4421303606597133
0.4018738277241315
0.3616172947885497
0.33639873944543325
0.3111801841023166
0.2859616287592002
0.14532984516686487
0.2431550863736991
0.2431550863736991
0.2398281001806758
0.23650111398765253
0.2331741277946293
0.229847141601606
0.22652015540858267
0.2231931692155594
0.2198661830225361
0.2165391968295128
0.2165391968295128
0.2165391968295128
0.21055062168207095
0.20456204653462903
0.22372548700644318
0.24288183922264958
0.23955485302962626
0.23622786683660302
0.20374463446074625
0.20214874414030012
0.20445831065419665
0.20347213107269652
0.20214874414030012
0.20445831065419665
0.20513562416920808
0.20547573033332342
0.20944878994373156
0.21012610345874308
0.21046620962285834
0.2144392692332665
0.21511658274827797
0.21545668891239325
0.3252869616355247
0.32954078530803615
0.24382633446352456
0.37943168001414007
0.39632805122014003
0.4128872150752438
0.4523758522961756
0.48856874342171064
0.5244244271963495
0.5639130644172812
0.5973231342726262
0.6012397505942415
0.6087893203621498
0.6130431440346613
0.6169597603562766
0.5266840889173505
0.5256979093358505
0.524374522403454
0.5266840889173505
0.5256979093358505
0.524374522403454
0.5266840889173505
0.5251502996241839
0.5230377130171493
0.5282035623492161
0.530693065328611
0.5332513375697354
0.5386583434151093
0.5454626244791065
0.5398169760863629
0.5327139847086018
0.5270693157873493
0.5227096890710436
0.5426418345182854
0.5633875981752641
0.5799105994477096
0.596581842490416
0.6007653369404259
0.6048328508920142
0.6068087148144882
0.6089157815924358
0.6103055604293713
0.6112996146513682
0.6118190531678145
0.6119703967033684
0.6122653518463386
0.6124214183231932
0.6139519578589264
0.6154568904071568
0.6161846553154319
0.6174969883944
0.6163021494090566
0.6144741310399475
0.6133392892718617
0.6120305197065086
0.6087489656906214
0.5562806931205623
0.5015670288663132
0.4465559621184255
0.42105396299514963
0.3810808738397273
0.33936389001305606
0.3453982969658001
0.19001197956115898
0.27133879228443847
0.302591754580299
0.28451023457496993
0.2646848198983919
0.2926107960012292
0.2745292759959001
0.25470386131932204
0.2826298374221593
0.2645483174168302
0.24472290274025219
0.2759758650361127
0.2612213312238069
0.23873432759281027
0.26399871474122893
0.2684076214007372
0.27106554513338893
0.2989915212362262
0.2809100012308971
0.23192834037148558
0.2033016543799089
0.20342008691447575
0.2027782827276058
0.2033016543799089
0.20342008691447575
0.20444177582411746
0.20662864057293218
0.20841056620401066
0.20943225511365238
0.21161911986246712
0.2134010454935456
0.21442273440318732
0.216609599152002
0.22196803494058054
0.22656623400772233
0.24497924470313331
0.37839345627441917
0.3956342028750493
0.41404012531485257
0.4513376285564547
0.48787489507661996
0.5255773374359582
0.5628748406775604
0.5966292859275356
0.6023926608338503
0.6077510966224289
0.6123492956895706
0.5202874293890511
0.5256458651776297
0.5250040609907597
0.5255274326430628
0.5256458651776297
0.5250040609907597
0.5255274326430628
0.5256458651776297
0.52765398538995
0.5303670709508561
0.5362400341710385
0.5436676789108575
0.5504213925433674
0.5561381342553894
0.5605833032406663
0.5543629738428186
0.5451813202880951
0.5331439039334102
0.5200906755270106
0.5336751858964727
0.5460744990417529
0.5610136919564115
0.5761269300231274
0.5784634735052675
0.580568356157111
0.5816882620660926
0.5826242350815486
0.5843774612745611
0.5858593176432224
0.5867646036596282
0.5875999776497952
0.5883499870064243
0.5896610939716639
0.5897424314812292
0.5894006617079537
0.5891354620008445
0.5877437617964401
0.5847406268694707
0.5815747312801887
0.5771986066019694
0.5725595300184831
0.5647533900083356
0.5099563177706458
0.4562678805257046
0.40867120072665786
0.375754814654541
0.34319611244795967
0.3125953206868279
0.3000991486251915
0.1521272181693913
0.24457022295821026
0.2572926062396904
0.24662547318320227
0.2379162505721637
0.24731164766062055
0.2366445146041324
0.2279352919930938
0.2373306890815507
0.22666355602506255
0.21795433341402395
0.23067671669550413
0.22333656983203928
0.2119657582665821
0.2186995664006203
0.23052286000896957
0.24429697580716073
0.2536923728956175
0.24302523983912944
0.2051597710452574
0.15011361702921086
0.15011361702921086
0.15011361702921086
0.15011361702921086
0.15011361702921086
0.15011361702921086
0.15011361702921086
0.15011361702921086
0.15011361702921086
0.15011361702921086
0.15011361702921086
0.15011361702921086
0.15011361702921086
0.15011361702921086
0.15011361702921086
0.15011361702921086
0.15011361702921086
0.15011361702921086
0.15011361702921086
0.15011361702921086
0.15011361702921086
0.15011361702921086
0.15011361702921086
0.1792698632120443
0.1792698632120443
0.1792698632120443
0.1792698632120443
0.08144462200521008
0.08144462200521008
0.08144462200521008
0.08144462200521008
0.08144462200521008
0.08144462200521008
0.08144462200521008
0.08144462200521008
0.08144462200521008
0.08144462200521008
0.08144462200521008
0.08144462200521008
0.08144462200521008
0.08144462200521008
0.08144462200521008
0.08144462200521008
0.08144462200521008
0.08144462200521008
0.08144462200521008
0.08144462200521008
0.08144462200521008
0.08144462200521008
0.08144462200521008
0.08144462200521008
0.08144462200521008
0.08144462200521008
0.08144462200521008
0.08144462200521008
0.08144462200521008
0.08144462200521008
0.08144462200521008
0.08144462200521008
0.08144462200521008
0.08144462200521008
0.08144462200521008
0.08144462200521008
0.08144462200521008
0.08144462200521008
0.08144462200521008
0.08144462200521008
0.08144462200521008
0.08144462200521008
0.08144462200521008
0.08144462200521008
0.08144462200521008
0.08144462200521008
0.08144462200521008
0.08144462200521008
0.08144462200521008
0.08144462200521008
0.1792698632120443
0.1792698632120443
0.1792698632120443
0.1792698632120443
0.1792698632120443
0.1792698632120443
0.1792698632120443
0.1792698632120443
0.1792698632120443
0.1792698632120443
0.1792698632120443
0.1792698632120443
0.1792698632120443
0.1792698632120443
0.1792698632120443
0.1792698632120443
0.1792698632120443
0.1792698632120443
0.15011361702921086
0.15011361702921086
0.15011361702921086
0.15011361702921086
0.15011361702921086
0.15011361702921086
0.15011361702921086
0.15011361702921086
0.15011361702921086
0.15011361702921086
0.15011361702921086
0.15011361702921086
0.15011361702921086
0.15011361702921086
0.15011361702921086
0.15011361702921086
0.15011361702921086
0.15011361702921086
0.15011361702921086
0.15011361702921086
0.15011361702921086
0.15011361702921086
0.15011361702921086
0.15011361702921086
0.1792698632120443
0.1792698632120443
0.1792698632120443
0.1792698632120443
0.08144462200521008
0.08144462200521008
0.08144462200521008
0.08144462200521008
0.08144462200521008
0.08144462200521008
0.08144462200521008
0.08144462200521008
0.08144462200521008
0.08144462200521008
0.08144462200521008
0.08144462200521008
0.08144462200521008
0.08144462200521008
0.08144462200521008
0.08144462200521008
0.08144462200521008
0.08144462200521008
0.08144462200521008
0.08144462200521008
0.08144462200521008
0.08144462200521008
0.08144462200521008
0.08144462200521008
0.08144462200521008
0.08144462200521008
0.08144462200521008
0.08144462200521008
0.08144462200521008
0.08144462200521008
0.08144462200521008
0.08144462200521008
0.08144462200521008
0.08144462200521008
0.08144462200521008
0.08144462200521008
0.08144462200521008
0.08144462200521008
0.08144462200521008
0.08144462200521008
0.08144462200521008
0.08144462200521008
0.08144462200521008
0.08144462200521008
0.08144462200521008
0.08144462200521008
0.08144462200521008
0.08144462200521008
0.08144462200521008
0.08144462200521008
0.1792698632120443
0.1792698632120443
0.1792698632120443
0.1792698632120443
0.1792698632120443
0.1792698632120443
0.1792698632120443
0.1792698632120443
0.1792698632120443
0.1792698632120443
0.1792698632120443
0.1792698632120443
0.1792698632120443
0.1792698632120443
0.1792698632120443
0.1792698632120443
0.1792698632120443
0.1792698632120443
0.15011361702921086
0.20304012923612536
0.2063647063841711
0.20348805595655947
0.20304012923612536
0.2063647063841711
0.2051515490530711
0.20636711542914865
0.211355185673706
0.21014202834260604
0.21135759471868357
0.2163456649632409
0.21513250763214095
0.21634807400821848
0.3403258826594947
0.3426892354858948
0.2447177195593498
0.38133807574411444
0.396343976104003
0.41377860017106904
0.4542822480261501
0.48858466830557357
0.5253158122921747
0.5658194601472556
0.5973390591564892
0.6021311356900668
0.6106957160921241
0.6130590689185242
0.5200259042452676
0.5285904846473249
0.5257138342197134
0.5252659074992793
0.5285904846473249
0.5257138342197134
0.5252659074992793
0.5285904846473249
0.5338666565298227
0.5399852211983059
0.5494590744632858
0.5592316490159313
0.566839415459689
0.574403764526838
0.584054295556658
0.5790309957569746
0.5725473412570995
0.567115928530857
0.5606329510664876
0.577550144762108
0.5946155170690814
0.6055407065829852
0.616848894857968
0.6171075347188488
0.6177470251553855
0.619962360861374
0.6226472326285154
0.6243631440537664
0.625489474789922
0.6264597800576235
0.6264751881016732
0.6276827903289508
0.6290156290677766
0.6310919689333343
0.6328653877373616
0.6335511593277252
0.6337658598078706
0.6311856462394503
0.6290153656387835
0.6260007735412556
0.6225797228957204
0.6138991214452831
0.5590093501477649
0.49988715142415263
0.44023804222985047
0.41937408555298905
0.3747629539511523
0.3332050119463374
0.34371841952363946
0.1836940596725839
0.26517991421771986
0.3009118771381384
0.2781923146863949
0.25852594183167327
0.2909309185590686
0.268211356107325
0.24854498325260338
0.2809499599799987
0.25823039752825516
0.23856402467353352
0.27429598759395213
0.25490341133523187
0.2325754495260916
0.2623188372990683
0.26208970151216215
0.26490666706667026
0.29731164379406555
0.274592081342322
0.22576946230476697
0.200417648267723
0.200417648267723
0.200417648267723
0.200417648267723
0.200417648267723
0.2020811413642346
0.20374463446074625
0.2054081275572579
0.20707162065376955
0.2087351137502812
0.21039860684679282
0.21206209994330447
0.21372559303981611
0.321246299249051
0.3264863025030627
0.2420952385909474
0.37539101762766636
0.39327356841516653
0.4111561192026667
0.4483351899097019
0.4855142606167372
0.5226933313237724
0.5598724020308076
0.5942686514676527
0.5995086547216644
0.6047486579756761
0.6099886612296879
0.5174034232768653
0.5226434265308769
0.5226434265308769
0.5226434265308769
0.5226434265308769
0.5226434265308769
0.5226434265308769
0.5226434265308769
0.5226434265308769
0.5226434265308769
0.5230197300905121
0.522989046782638
0.524481966679368
0.5251981373566317
0.5251790720562788
0.5169191205477901
0.5071652840206815
0.4959505436295043
0.4886429809255605
0.49749043722510417
0.507835109213476
0.5213996115802015
0.5373584862403704
0.540428118595503
0.5436345572931041
0.550494517976809
0.5582698560979477
0.5661474406160651
0.5735653466516816
0.5820295214889023
0.5897909188172756
0.5971676667286383
0.6045872965353614
0.6079166719920845
0.6110243962534876
0.6117660819128249
0.612625723715497
0.6104364344128906
0.6075703031185108
0.6032154982587866
0.5973919782106424
0.5916298604372516
0.5377835838578433
0.4845269198418062
0.4309626627443083
0.4040138539706426
0.36548757446561003
0.3281903136181049
0.3283581879412931
0.17441868018704165
0.2601652158894873
0.285551645555792
0.26891693520085264
0.2535112435034408
0.27557068697672216
0.2589359766217828
0.24353028492437087
0.26558972839765227
0.24895501804271292
0.23354932634530104
0.25893575601160573
0.2456280318496896
0.22756075119785912
0.24695860571672187
0.25281432202661996
0.2598919687384378
0.2819514122117191
0.2653167018567798
0.22075476397653448
0.20637741600110915
0.20635981881314736
0.20464920148411908
0.20637741600110915
0.20635981881314736
0.20631269458063073
0.20970440219413242
0.2113502981026823
0.2113031738701657
0.2146948814836674
0.21634077739221713
0.2162936531597006
0.21968536077320225
0.22490776683925215
0.2284371527642356
0.24805500632433355
0.3813331881730907
0.39750512163156265
0.41711588693605284
0.4542773604551263
0.4897458138331333
0.5286530990571585
0.5658145725762319
0.5985002046840489
0.6054684224550506
0.6106908285211005
0.614220214446084
0.5233631910102514
0.5285855970763013
0.526874979747273
0.528603194264263
0.5285855970763013
0.526874979747273
0.528603194264263
0.5285855970763013
0.5309435603873416
0.5330966493651786
0.5378322060806591
0.5462959555545561
0.5543728010348862
0.5628119815635945
0.5720030914519258
0.567768923280977
0.5611096361142087
0.5463517136021234
0.5297160898997053
0.5388253152009262
0.5471301584986528
0.5556374234767386
0.5648032823624559
0.5620637047807269
0.5595919414866732
0.5598668457193398
0.5601873409695618
0.5594524188117272
0.558566808647419
0.5547559123857937
0.5507656132434883
0.5471542412092785
0.5441919384074201
0.5465149238694246
0.5494558194398687
0.5534536689951117
0.5581096795600188
0.5588271509855932
0.5593228357723344
0.5585478633653941
0.5567953506443422
0.5507211319661929
0.5001334242502271
0.45212724657706177
0.40512616172362026
0.3716141807058982
0.339651073444922
0.3111801841023166
0.29595851467654866
0.1485821791663537
0.2431550863736991
0.2531519722910476
0.24308043418016465
0.23650111398765253
0.24317101371197772
0.2330994756010948
0.22652015540858267
0.2331900551329078
0.22311851702202493
0.2165391968295128
0.22653608274686124
0.21979153082900163
0.21055062168207095
0.21455893245197744
0.22697782100593195
0.24288183922264958
0.2495517389469747
0.23948020083609178
0.20374463446074625
0.20194218836602673
0.20186781290092046
0.20146598475526223
0.20194218836602673
0.20186781290092046
0.20312947785177388
0.20526917455905
0.2068582921904554
0.20811995714130882
0.21025965384858497
0.2118487714799903
0.2131104364308437
0.21525013313811986
0.33582898917624404
0.34066716428459753
0.2436197786892512
0.37684118226086377
0.3943219049027058
0.4126806593009705
0.4497853545428994
0.4865625971042764
0.5242178714220761
0.561322566664005
0.595316987955192
0.6010331948199682
0.6061988226088736
0.6110369977172271
0.518927963375169
0.5240935911640744
0.5236917630184161
0.5241679666291807
0.5240935911640744
0.5236917630184161
0.5241679666291807
0.5240935911640744
0.5240928835440859
0.5250313083114665
0.5257230493834003
0.5253250312516862
0.5260554606280079
0.5263696327566585
0.5268633762382964
0.5182558008035499
0.5080300940567437
0.4982450422962738
0.4897677893674773
0.49854591160698225
0.5119767031209297
0.5238424283092761
0.5362508142606797
0.5395106429295865
0.5422647863185087
0.5442095126381145
0.5461054782084
0.5484783697706404
0.5513661150648359
0.5550504687632093
0.5580243905821018
0.5608011136351594
0.5636991734225826
0.5645926511473716
0.5653914424499309
0.5650010883697376
0.5643727522093591
0.5624193156811479
0.5599398660519554
0.5563787136596654
0.5524788694808209
0.5483481132503629
0.5006194539116783
0.4539235659056824
0.40842960117390203
0.3734105000345187
0.3429545128952038
0.3133059052894013
0.2977548340051692
0.15188561861663544
0.24528080756078366
0.25494829161966814
0.2463838736304464
0.2386268351747371
0.2449673330405983
0.23640291505137656
0.2286458765956672
0.23498637446152837
0.22642195647230667
0.21866491801659735
0.2283324020754818
0.2230949702792834
0.21267634286915546
0.216355251780598
0.23028126045621375
0.24500756040973412
0.2513480582755953
0.2427836402863736
0.2058703556478308
0.2028139914898445
0.2027268705619688
0.20108918601838716
0.2028139914898445
0.2027268705619688
0.2027526791148988
0.20614097768286777
0.20771734985150372
0.20774315840443372
0.2111314569724027
0.21270782914103867
0.21273363769396864
0.21612193626193762
0.3366880468372924
0.34029036554772246
0.2444915818130689
0.3777002399219122
0.3939451061658307
0.41355246242478816
0.45064441220394774
0.48618579836740133
0.5250896745458938
0.5621816243250534
0.5949401892183169
0.6019049979437859
0.6070578802699219
0.6106601989803521
0.5197997664989867
0.5249526488251227
0.5233149642815411
0.5250397697529984
0.5249526488251227
0.5233149642815411
0.5250397697529984
0.5249526488251227
0.525483206212363
0.5250517544152591
0.5229274644963872
0.527592329481684
0.527918492043885
0.5288634651724374
0.5298385038812377
0.5205286900334541
0.5111377213302671
0.5039420003603932
0.4970741762611638
0.5094585574162628
0.5235268279207276
0.5359742250223349
0.5498507008721545
0.5543443740832931
0.5574761521068999
0.5600528631471448
0.5609469555020941
0.5615900851241283
0.5611856709881118
0.5577171783440552
0.5539420898966513
0.5511439458535854
0.5484141240819652
0.5490587764142414
0.550509824295444
0.5526465956205155
0.5556976375981107
0.5578176186583144
0.5596796694083356
0.5583738613643836
0.5562783717984058
0.5524585739898553
0.5023583910489466
0.45335246065963225
0.4069966217354756
0.37283939478846867
0.34152153345677744
0.3132142848078619
0.2971837287591192
0.15045263917820906
0.24518918707924436
0.25437718637361806
0.24495089419202004
0.2385352146931978
0.2443962277945482
0.23496993561295018
0.22855425611412797
0.2344152692154783
0.22498897703388032
0.2185732975350581
0.22776129682943175
0.22166199084085705
0.21258472238761622
0.21578414653454792
0.22884828101778731
0.24491593992819488
0.25077695302954517
0.2413506608479472
0.20577873516629155
0.15011361702921086
0.15011361702921086
0.15011361702921086
0.15011361702921086
0.15011361702921086
0.15011361702921086
0.15011361702921086
0.15011361702921086
0.15011361702921086
0.15011361702921086
0.15011361702921086
0.15011361702921086
0.15011361702921086
0.15011361702921086
0.15011361702921086
0.15011361702921086
0.15011361702921086
0.15011361702921086
0.15011361702921086
0.15011361702921086
0.15011361702921086
0.15011361702921086
0.15011361702921086
0.1792698632120443
0.1792698632120443
0.1792698632120443
0.1792698632120443
0.08144462200521008
0.08144462200521008
0.08144462200521008
0.08144462200521008
0.08144462200521008
0.08144462200521008
0.08144462200521008
0.08144462200521008
0.08144462200521008
0.08144462200521008
0.08144462200521008
0.08144462200521008
0.08144462200521008
0.08144462200521008
0.08144462200521008
0.08144462200521008
0.08144462200521008
0.08144462200521008
0.08144462200521008
0.08144462200521008
0.08144462200521008
0.08144462200521008
0.08144462200521008
0.08144462200521008
0.08144462200521008
0.08144462200521008
0.08144462200521008
0.08144462200521008
0.08144462200521008
0.08144462200521008
0.08144462200521008
0.08144462200521008
0.08144462200521008
0.08144462200521008
0.08144462200521008
0.08144462200521008
0.08144462200521008
0.08144462200521008
0.08144462200521008
0.08144462200521008
0.08144462200521008
0.08144462200521008
0.08144462200521008
0.08144462200521008
0.08144462200521008
0.08144462200521008
0.08144462200521008
0.08144462200521008
0.08144462200521008
0.08144462200521008
0.1792698632120443
0.1792698632120443
0.1792698632120443
0.1792698632120443
0.1792698632120443
0.1792698632120443
0.1792698632120443
0.1792698632120443
0.1792698632120443
0.1792698632120443
0.1792698632120443
0.1792698632120443
0.1792698632120443
0.1792698632120443
0.1792698632120443
0.1792698632120443
0.1792698632120443
0.1792698632120443
0.17205901126676004
0.15011361702921086
0.15011361702921086
0.15011361702921086
0.15011361702921086
0.15011361702921086
0.15011361702921086
0.15011361702921086
0.15011361702921086
0.15011361702921086
0.15011361702921086
0.15011361702921086
0.15011361702921086
0.15011361702921086
0.15011361702921086
0.15011361702921086
0.15011361702921086
0.15011361702921086
0.15011361702921086
0.15011361702921086
0.15011361702921086
0.15011361702921086
0.15011361702921086
0.15011361702921086
0.1792698632120443
0.1792698632120443
0.1792698632120443
0.1792698632120443
0.08144462200521008
0.08144462200521008
0.08144462200521008
0.08144462200521008
0.08144462200521008
0.08144462200521008
0.08144462200521008
0.08144462200521008
0.08144462200521008
0.08144462200521008
0.08144462200521008
0.08144462200521008
0.08144462200521008
0.08144462200521008
0.08144462200521008
0.08144462200521008
0.08144462200521008
0.08144462200521008
0.08144462200521008
0.08144462200521008
0.08144462200521008
0.08144462200521008
0.08144462200521008
0.08144462200521008
0.08144462200521008
0.08144462200521008
0.08144462200521008
0.08144462200521008
0.08144462200521008
0.08144462200521008
0.08144462200521008
0.08144462200521008
0.08144462200521008
0.08144462200521008
0.08144462200521008
0.08144462200521008
0.08144462200521008
0.08144462200521008
0.08144462200521008
0.08144462200521008
0.08144462200521008
0.08144462200521008
0.08144462200521008
0.08144462200521008
0.08144462200521008
0.08144462200521008
0.08144462200521008
0.08144462200521008
0.08144462200521008
0.08144462200521008
0.1792698632120443
0.1792698632120443
0.1792698632120443
0.1792698632120443
0.1792698632120443
0.1792698632120443
0.1792698632120443
0.1792698632120443
0.1792698632120443
0.1792698632120443
0.1792698632120443
0.1792698632120443
0.1792698632120443
0.1792698632120443
0.1792698632120443
0.1792698632120443
0.1792698632120443
0.1792698632120443
0.17205901126676004
0.200417648267723
0.200417648267723
0.200417648267723
0.200417648267723
0.200417648267723
0.2020811413642346
0.20374463446074625
0.2054081275572579
0.20707162065376955
0.2087351137502812
0.21039860684679282
0.21206209994330447
0.21372559303981611
0.33437882454304657
0.3396188277970583
0.2420952385909474
0.37539101762766636
0.39327356841516653
0.4111561192026667
0.4483351899097019
0.4855142606167372
0.5226933313237724
0.5598724020308076
0.5942686514676527
0.5995086547216644
0.6047486579756761
0.6099886612296879
0.5174034232768653
0.5226434265308769
0.5226434265308769
0.5226434265308769
0.5226434265308769
0.5226434265308769
0.5226434265308769
0.5226434265308769
0.5226434265308769
0.5226434265308769
0.5226434265308769
0.5230133867624538
0.5241635233407677
0.525245635584464
0.5255477592352392
0.5166255624353974
0.5056050971078776
0.49549732580268835
0.48635164792177027
0.4954787448327287
0.5050654992522211
0.5156160203162594
0.5244134356559045
0.5251831674545868
0.5240524759680739
0.5237568058244177
0.5241700038772708
0.5238705028956281
0.5238756025361817
0.523873498647705
0.5262561825293809
0.5284497853013462
0.5296718522250744
0.5306977881189477
0.5301576458657519
0.5293426471599271
0.5280989393782987
0.5275440092238831
0.527232292963746
0.5277948784531002
0.5284442461999055
0.5285566597646844
0.48745742903383404
0.4436144142271668
0.4018738277241315
0.3631013483560031
0.33639873944543325
0.3111801841023166
0.28744568232665363
0.14532984516686487
0.2431550863736991
0.2548293312019679
0.2500182914414912
0.23650111398765253
0.23465818136208272
0.229847141601606
0.22652015540858267
0.2246772227830128
0.2198661830225361
0.2165391968295128
0.2180232503969662
0.2165391968295128
0.21055062168207095
0.20604610010208244
0.22372548700644318
0.24288183922264958
0.24103890659707972
0.23622786683660302
0.20374463446074625
0.200417648267723
0.200417648267723
0.200417648267723
0.200417648267723
0.200417648267723
0.2020811413642346
0.20374463446074625
0.2054081275572579
0.20707162065376955
0.2087351137502812
0.21039860684679282
0.21206209994330447
0.21372559303981611
0.33437882454304657
0.33961882779705826
0.2420952385909474
0.3753910176276663
0.39327356841516653
0.4111561192026667
0.4483351899097019
0.4855142606167372
0.5226933313237724
0.5598724020308076
0.5942686514676527
0.5995086547216644
0.6047486579756761
0.5121634200228536
0.5174034232768653
0.5226434265308769
0.5226434265308769
0.5226434265308769
0.5226434265308769
0.5226434265308769
0.5226434265308769
0.5226434265308769
0.5229751313237828
0.5235745131085313
0.5236051230510522
0.5250163701115997
0.5245513898358354
0.524630966548235
0.5232832337724959
0.517119582293895
0.5057335556179631
0.4963079724957109
0.48982685250331454
0.5009712013974076
0.5159575393926649
0.5286943806615297
0.5392356355191057
0.5411326343242018
0.5418133877600728
0.5433037987846641
0.5485131153339697
0.5509269666344386
0.5542467564247568
0.5588196015256162
0.5624355191010111
0.5654736838564961
0.5680690008467293
0.5703575845882107
0.5725956727561686
0.5739734301479521
0.5749255243888335
0.5733755951309694
0.570916921479502
0.5674400568979976
0.5638758162021665
0.5604389112264646
0.5114279487081609
0.4626812752447396
0.4154094729680097
0.38216820937357604
0.3499343846893115
0.31894752770955387
0.30651254334422645
0.1588654904107431
0.25092242998093633
0.2637060009587254
0.2533637454245541
0.24426845759488977
0.25372504237965554
0.24338278684548423
0.2342874990158199
0.24374408380058565
0.2334018282664144
0.22430654043675005
0.2370901114145391
0.2300748420733911
0.21831796528930814
0.22511296111965526
0.2372611322503214
0.2506491828298868
0.26010576761465254
0.24976351208048125
0.2115119780679835
0.200417648267723
0.200417648267723
0.200417648267723
0.200417648267723
0.200417648267723
0.2020811413642346
0.20374463446074625
0.2054081275572579
0.20707162065376955
0.2087351137502812
0.21039860684679282
0.21206209994330447
0.21372559303981611
0.33437882454304657
0.33961882779705826
0.2420952385909474
0.3753910176276663
0.39327356841516653
0.4111561192026667
0.4483351899097019
0.4855142606167372
0.5226933313237724
0.5598724020308076
0.5942686514676527
0.5995086547216644
0.6047486579756761
0.5121634200228536
0.5174034232768653
0.5226434265308769
0.5226434265308769
0.5226434265308769
0.5226434265308769
0.5226434265308769
0.5226434265308769
0.5226434265308769
0.5247050666048544
0.5247772232981736
0.5226434265308769
0.5226434265308769
0.5229234843941539
0.5229614390167535
0.5246809644909501
0.5174729564600492
0.5072051808649001
0.49888149455957853
0.488981235827174
0.49866260284616715
0.5072204651511667
0.5230254891031982
0.5338440963138451
0.5366196515449291
0.536482772188936
0.5388363903438178
0.5418960709962527
0.546935794318031
0.551047566891626
0.555240025323718
0.558318405886873
0.5622443927240988
0.5660552989209604
0.5674700744569878
0.568086185788198
0.5672438953340485
0.5656806890986869
0.5648353530632979
0.5639134818285613
0.5624748060766492
0.5607541803031451
0.5568941905286767
0.507868277905647
0.4595933207739216
0.4137078716529804
0.37908025490275804
0.34823278337428215
0.31790115794961854
0.30342458887340845
0.15716388909571377
0.24987606022100095
0.2606180464879074
0.2516621441095247
0.2432220878349544
0.25063708790883754
0.2416811855304549
0.2332411292558845
0.24065612932976763
0.231700226951385
0.22326017067681464
0.23400215694372106
0.2283732407583617
0.21727159552937278
0.22202500664883726
0.23555953093529208
0.2496028130699514
0.25701781314383454
0.24806191076545192
0.21046560830804809
0.20133905966168078
0.2035275645762572
0.2012621955323372
0.20133905966168078
0.2035275645762572
0.20292568862884885
0.20466604585470408
0.20851804386579215
0.20791616791838377
0.209656525144239
0.21350852315532706
0.21290664720791871
0.21464700443377394
0.3374887408515808
0.3404633750616725
0.24301664998490521
0.3785009339362006
0.3941181156797808
0.41207753059662455
0.45144510621823614
0.4863588078813514
0.5236147427177302
0.5629823183393418
0.595113198732267
0.6004300661156222
0.6078585742842103
0.5130079672874678
0.518324834670823
0.5257533428394111
0.5234879737954912
0.5235648379248347
0.5257533428394111
0.5234879737954912
0.5235648379248347
0.5257533428394111
0.5252317386689825
0.5252372520635462
0.5250037611783593
0.5229787466230761
0.5273393652303315
0.5290743756896733
0.5306306739551054
0.5222959241456847
0.5133430593280476
0.5066873474060355
0.5006379929435446
0.5131727777440674
0.5310837825870577
0.5471010090932101
0.562978260752877
0.569205451312656
0.5750359423299394
0.5796700313993385
0.5838944213685259
0.5875491821665978
0.5907559860651104
0.5946418010009539
0.5985784418816045
0.6018808930097175
0.604806159572315
0.6059076136894442
0.6067969811404336
0.60717117734663
0.6071829196395349
0.606134826576623
0.604661786629398
0.6021901751035267
0.5992982028198919
0.5939805015173353
0.5416828216824355
0.48747535540806625
0.4330300996307084
0.40696228953690267
0.36755501135201013
0.330583085527676
0.3313066235075532
0.17648611707344178
0.16473274659222417
0.28850008112205205
0.27098437208725273
0.2559040154130119
0.2785191225429822
0.2610034135081829
0.24592305683394197
0.26853816396391234
0.251022454929113
0.2359420982548721
0.26188419157786574
0.24769546873608972
0.22995352310743025
0.24990704128298194
0.25488175891302006
0.2622847406480089
0.28489984777797916
0.2673841387431799
0.22314753588610556
0.21044050690882637
0.21398381897611837
0.2029840113784534
0.21044050690882637
0.21398381897611837
0.20464750447496505
0.21376749310184967
0.21897429826565332
0.20963798376449996
0.2187579723913846
0.22396477755518823
0.2146284630540349
0.22374845168091947
0.2913263367485407
0.28556653240488744
0.2521180972320508
0.3889571883360618
0.39583993152589697
0.42117897784377006
0.46190136061809733
0.4880806237274676
0.5327161899648758
0.573438572739203
0.5968350145783832
0.6095315133627678
0.6183148286840715
0.514729783133584
0.5274262819179687
0.5362095972392723
0.5252097896416074
0.5326662851719802
0.5362095972392723
0.5252097896416074
0.5326662851719802
0.5362095972392723
0.5421872476151813
0.545920113308882
0.5495213584354462
0.5567009089101106
0.5633453440412846
0.5702867091274163
0.5770509964235678
0.5713835783207708
0.5641443550792798
0.5597686925438151
0.5546214864862962
0.5736026955363833
0.5927771477147069
0.6086548785448211
0.6256682915854945
0.630504984611244
0.63535130963067
0.6396193076324135
0.6434778410387643
0.6465202423947484
0.6488920794331523
0.6524714597200412
0.655875127149933
0.6590376265391786
0.6620083852639367
0.6606637939149932
0.658624124986544
0.6557459387017146
0.6522810556969522
0.6493621627816443
0.6463827937169317
0.6426512249167282
0.638150963884555
0.6327129033625948
0.5798036095948936
0.5251325019273817
0.4699236191685628
0.4446194360562181
0.40444853088986454
0.36395886603561506
0.3689637700268686
0.2133796366112962
0.19810852710016327
0.32615722764136745
0.30787789162510715
0.28927979592095093
0.3161762690622976
0.2978969330460373
0.2792988373418811
0.30619531048322773
0.28791597446696743
0.26931787876281127
0.2995413380971812
0.28458898827394413
0.2633293036153693
0.28756418780229737
0.2917752784508744
0.29566052115594793
0.3225569942972946
0.30427765828103437
0.2565233163940447
0.15011361702921086
0.15011361702921086
0.15011361702921086
0.15011361702921086
0.15011361702921086
0.15011361702921086
0.15011361702921086
0.15011361702921086
0.15011361702921086
0.15011361702921086
0.15011361702921086
0.15011361702921086
0.15011361702921086
0.15011361702921086
0.15011361702921086
0.15011361702921086
0.15011361702921086
0.15011361702921086
0.15011361702921086
0.15011361702921086
0.15011361702921086
0.15011361702921086
0.15011361702921086
0.1792698632120443
0.1792698632120443
0.1792698632120443
0.08144462200521008
0.08144462200521008
0.08144462200521008
0.08144462200521008
0.08144462200521008
0.08144462200521008
0.08144462200521008
0.08144462200521008
0.08144462200521008
0.08144462200521008
0.08144462200521008
0.08144462200521008
0.08144462200521008
0.08144462200521008
0.08144462200521008
0.08144462200521008
0.08144462200521008
0.08144462200521008
0.08144462200521008
0.08144462200521008
0.08144462200521008
0.08144462200521008
0.08144462200521008
0.08144462200521008
0.08144462200521008
0.08144462200521008
0.08144462200521008
0.08144462200521008
0.08144462200521008
0.08144462200521008
0.08144462200521008
0.08144462200521008
0.08144462200521008
0.08144462200521008
0.08144462200521008
0.08144462200521008
0.08144462200521008
0.08144462200521008
0.08144462200521008
0.08144462200521008
0.08144462200521008
0.08144462200521008
0.08144462200521008
0.08144462200521008
0.08144462200521008
0.08144462200521008
0.08144462200521008
0.08144462200521008
0.08144462200521008
0.08144462200521008
0.08144462200521008
0.08144462200521008
0.1792698632120443
0.1792698632120443
0.1792698632120443
0.1792698632120443
0.1792698632120443
0.1792698632120443
0.1792698632120443
0.1792698632120443
0.1792698632120443
0.1792698632120443
0.1792698632120443
0.1792698632120443
0.1792698632120443
0.1792698632120443
0.1792698632120443
0.1792698632120443
0.1792698632120443
0.15011361702921086
0.15011361702921086
0.15011361702921086
0.15011361702921086
0.15011361702921086
0.15011361702921086
0.15011361702921086
0.15011361702921086
0.15011361702921086
0.15011361702921086
0.15011361702921086
0.15011361702921086
0.15011361702921086
0.15011361702921086
0.15011361702921086
0.15011361702921086
0.15011361702921086
0.15011361702921086
0.15011361702921086
0.15011361702921086
0.15011361702921086
0.15011361702921086
0.15011361702921086
0.15011361702921086
0.1792698632120443
0.1792698632120443
0.1792698632120443
0.08144462200521008
0.08144462200521008
0.08144462200521008
0.08144462200521008
0.08144462200521008
0.08144462200521008
0.08144462200521008
0.08144462200521008
0.08144462200521008
0.08144462200521008
0.08144462200521008
0.08144462200521008
0.08144462200521008
0.08144462200521008
0.08144462200521008
0.08144462200521008
0.08144462200521008
0.08144462200521008
0.08144462200521008
0.08144462200521008
0.08144462200521008
0.08144462200521008
0.08144462200521008
0.08144462200521008
0.08144462200521008
0.08144462200521008
0.08144462200521008
0.08144462200521008
0.08144462200521008
0.08144462200521008
0.08144462200521008
0.08144462200521008
0.08144462200521008
0.08144462200521008
0.08144462200521008
0.08144462200521008
0.08144462200521008
0.08144462200521008
0.08144462200521008
0.08144462200521008
0.08144462200521008
0.08144462200521008
0.08144462200521008
0.08144462200521008
0.08144462200521008
0.08144462200521008
0.08144462200521008
0.08144462200521008
0.08144462200521008
0.08144462200521008
0.08144462200521008
0.08144462200521008
0.1792698632120443
0.1792698632120443
0.1792698632120443
0.1792698632120443
0.1792698632120443
0.1792698632120443
0.1792698632120443
0.1792698632120443
0.1792698632120443
0.1792698632120443
0.1792698632120443
0.1792698632120443
0.1792698632120443
0.1792698632120443
0.1792698632120443
0.1792698632120443
0.1792698632120443
0.15011361702921086
0.200417648267723
0.2008244784373756
0.20080578388793702
0.200417648267723
0.2008244784373756
0.2024692769844486
0.20374463446074625
0.20581495772691052
0.20745975627398358
0.2087351137502812
0.21080543701644544
0.2124502355635185
0.21372559303981611
0.3347856547126993
0.3400069634172723
0.2420952385909474
0.375797847797319
0.39366170403538053
0.4111561192026667
0.44874202007935454
0.48590239623695114
0.5226933313237724
0.5602792322004602
0.5946567870878667
0.5995086547216644
0.6051554881453287
0.5125515556430675
0.5174034232768653
0.5230502567005295
0.5230315621510909
0.5226434265308769
0.5230502567005295
0.5230315621510909
0.5226434265308769
0.5230502567005295
0.5233064876388758
0.5230038155181935
0.5237399553738569
0.5241515512243096
0.5229571916231331
0.5233686024927914
0.5226434265308769
0.5134742525829048
0.5043050786349326
0.4951359046869602
0.48596673073898816
0.49584203678912764
0.5046521817818596
0.515582619278781
0.5244287497138346
0.5259863630625438
0.524610939367849
0.5249154341933416
0.523800077299608
0.523677756913591
0.5226434265308769
0.5229164820508724
0.5226434265308769
0.5226434265308769
0.5226434265308769
0.5226434265308769
0.5226434265308769
0.5226434265308769
0.5226434265308769
0.5226434265308769
0.5226434265308769
0.5226434265308769
0.5226434265308769
0.5226434265308769
0.48238689359529513
0.4426412884325872
0.4018738277241315
0.36212822256142363
0.33639873944543325
0.3111801841023166
0.28647255653207415
0.19559913482922636
0.24761054812208813
0.243666014146573
0.2398281001806758
0.23650111398765253
0.23368505556750319
0.229847141601606
0.22652015540858267
0.2237040969884333
0.2198661830225361
0.2165391968295128
0.21705012460238673
0.2165391968295128
0.21055062168207095
0.20507297430750293
0.22372548700644318
0.24288183922264958
0.24006578080250018
0.23622786683660302
0.20374463446074625
0.200417648267723
0.200417648267723
0.200417648267723
0.200417648267723
0.200417648267723
0.2020811413642346
0.20374463446074625
0.2054081275572579
0.20707162065376955
0.2087351137502812
0.21039860684679282
0.21206209994330447
0.21372559303981611
0.33437882454304657
0.3396188277970583
0.2420952385909474
0.37539101762766636
0.39327356841516653
0.4111561192026667
0.4483351899097019
0.4855142606167372
0.5226933313237724
0.5598724020308076
0.5942686514676527
0.5995086547216644
0.6047486579756761
0.5121634200228536
0.5174034232768653
0.5226434265308769
0.5226434265308769
0.5226434265308769
0.5226434265308769
0.5226434265308769
0.5226434265308769
0.5226434265308769
0.5226434265308769
0.5229652253287896
0.5226434265308769
0.5226434265308769
0.5226434265308769
0.5230067581963699
0.5234720377377522
0.5148854332374473
0.5050947032668653
0.49585275465528644
0.48728734304291343
0.49695090918163004
0.5054167723568516
0.5162448908193017
0.5245466281428187
0.5229567220631316
0.5255217747718243
0.5258691736522837
0.5253683547974841
0.5261063722160073
0.5268269747580667
0.5276657866601473
0.5288494606641536
0.5306000660813741
0.531822881129386
0.5332790071306743
0.5345544001686638
0.5368900184632428
0.5384862383792812
0.5387393172433842
0.5388967310689264
0.5383072735716585
0.5373872129245069
0.5370850266295784
0.49505472405857187
0.45186777717222987
0.4083273887148693
0.3713547113010663
0.3428523004361711
0.31414688244508593
0.29569904527171675
0.15178340615760272
0.14829654350963414
0.2528925028862156
0.2462816611714137
0.23946781233042183
0.2429115443071458
0.23630070259234384
0.22948685375135197
0.2329305857280759
0.22631974401327398
0.21950589517228208
0.2262766133420293
0.22299275782025071
0.2135173200248402
0.21429946304714553
0.230179047997181
0.2458485375654188
0.24929226954214276
0.24268142782734087
0.20671133280351556
0.20130722452626748
0.20351202207103977
0.20206894872817616
0.20130722452626748
0.20351202207103977
0.20373244182468778
0.20463421071929078
0.2085025013605747
0.20872292111422272
0.2096246900088257
0.2134929806501096
0.21371340040375764
0.21461516929836064
0.3374731983463634
0.3412701282575114
0.24298481484949191
0.37848539143098314
0.39492486887561973
0.4120456954612112
0.4514295637130187
0.48716556107719033
0.5235829075823168
0.5629667758341244
0.5959199519281059
0.600398230980209
0.6078430317789929
0.5138147204833067
0.5182929995354097
0.5257378003341937
0.5242947269913301
0.5235330027894214
0.5257378003341937
0.5242947269913301
0.5235330027894214
0.5257378003341937
0.5251435342202658
0.5253331437416833
0.5268967568355659
0.5305322557745381
0.5337773227827632
0.5353463842747385
0.5403370154342162
0.5336510229101165
0.5256949367993575
0.5188787253399298
0.5144021164600949
0.5334395092402373
0.5543282998787553
0.5747233001233437
0.5952846415552047
0.6055409617075505
0.6169470762661626
0.6233766000649301
0.6293564270973503
0.634868166902407
0.6396565793503285
0.6451756078160275
0.6504945282126564
0.655342549821749
0.659799446312974
0.6605751450462746
0.6604982773759432
0.6593619194623632
0.6575207570741747
0.6547032733251861
0.6517401922757513
0.6480544052817935
0.6442153466200803
0.6382471092651568
0.5851754331661724
0.5304310648840145
0.47533497514279843
0.4499179990128509
0.40985988686410013
0.36985975136692667
0.37426233298350137
0.21879099258553183
0.20400941243147483
0.33145579059800023
0.3132892475993428
0.2951806812522625
0.32147483201893046
0.3033082890202729
0.28519972267319266
0.31149387343986057
0.293327330441203
0.27521876409412277
0.304839901053814
0.2900003442481798
0.2692301889466809
0.29286275075893015
0.2971866344251101
0.3015614064872595
0.3278555572539274
0.30968901425526996
0.2624242017253562
0.2158016587848104
0.22204479983005795
0.20668386101725464
0.2158016587848104
0.22204479983005795
0.20834735411376626
0.2191286449778337
0.22703527911959287
0.2133378334033012
0.2241191242673686
0.2320257584091278
0.21832831269283612
0.2291096035569035
0.24059274785616272
0.23047181229737113
0.2574792491080348
0.3970181691900014
0.3995397811646982
0.4265401297197541
0.46996234147203686
0.49178047336626873
0.5380773418408598
0.5814995535931426
0.6005348642171844
0.6148926652387519
0.626375809538011
0.5184296327723852
0.5327874337939525
0.5442705780932119
0.5289096392804086
0.5380274370479643
0.5442705780932119
0.5289096392804086
0.5380274370479643
0.5442705780932119
0.5506751253792495
0.555763942789928
0.5609430162301214
0.5655185221834977
0.5701161402046645
0.5736212192739615
0.5761203284033598
0.5661813456732594
0.5556301344254261
0.5431182484231243
0.5304859599478506
0.5414648443268126
0.5529620125551656
0.5633362037839863
0.5738278583091374
0.5723594135617567
0.5705426240025668
0.5693452692927011
0.568079308514572
0.5665791398312942
0.5648287749819434
0.5636829859422703
0.5630389946772681
0.5626955500659404
0.5627380130962013
0.562909860360023
0.5627699574840886
0.5618910107606335
0.5609145582756281
0.5591217705985464
0.5568195055858116
0.5535133792219796
0.5496899879437348
0.5457181843229264
0.5003067082394059
0.4548277349689561
0.40890419737629474
0.37431466909779254
0.3434291090975965
0.31346477505159487
0.298659003068443
0.15236021481902812
0.14761443611614306
0.25585246068294193
0.2468584698328391
0.23878570493693074
0.24587150210387212
0.23687751125376924
0.22880474635786086
0.2358905435248022
0.22689655267469935
0.218823787778791
0.22923657113875565
0.22356956648167606
0.21283521263134908
0.21725942084387184
0.23075585665860643
0.24516643017192774
0.2522522273388691
0.24325823648876627
0.20602922541002444
0.20179851941158547
0.20359794689356475
0.20103017761901437
0.20179851941158547
0.20359794689356475
0.20269367071552602
0.20512550560460874
0.20858842618309967
0.20768415000506094
0.21011598489414376
0.2135789054726346
0.21267462929459588
0.2151064641836786
0.3375591231688884
0.3402313571483497
0.24347610973480993
0.37857131625350815
0.39388609776645794
0.41253699034652924
0.4515154885355437
0.48612678996802855
0.5240742024676349
0.5630527006566494
0.5948811808189441
0.6008895258655269
0.6079289566015179
0.512775949374145
0.5187842944207278
0.5258237251567187
0.5232559558821683
0.5240242976747393
0.5258237251567187
0.5232559558821683
0.5240242976747393
0.5258237251567187
0.5251872767656007
0.5261620799902171
0.5268221745897401
0.5289585423613828
0.5309660521933569
0.5320245064761031
0.5327668037162451
0.5234945428856959
0.5131839154839987
0.5031344576140687
0.4954841745090939
0.5072851961458822
0.5205106562304889
0.5347151172875124
0.5510027123563452
0.5575743962335138
0.5637946525599289
0.5689073136595723
0.5735878624373936
0.5773442538355212
0.580827097612053
0.5852755802391284
0.5893740984963999
0.5929076365126977
0.595696981168646
0.5974375033942568
0.5989458060612066
0.5997332835310374
0.5997417022588003
0.5993143905870381
0.5985214036002829
0.5969317693315529
0.5950016608848722
0.5919041475774466
0.542319502365598
0.49078421443611625
0.438778652551542
0.41027114856495267
0.3733035642728438
0.3354473486602025
0.33461548253560314
0.18223466999427546
0.1695970097247507
0.29180894015010206
0.27673292500808644
0.26076827854553836
0.2818279815710322
0.26675196642901655
0.2507873199664685
0.27184702299196234
0.25677100784994666
0.24080636138739867
0.26519305060591575
0.25344402165692337
0.23481778623995675
0.25321590031103197
0.2606303118338537
0.26714900378053535
0.2882087068060292
0.27313269166401355
0.2280117990186321
0.15011361702921086
0.15011361702921086
0.15011361702921086
0.15011361702921086
0.15011361702921086
0.15011361702921086
0.15011361702921086
0.15011361702921086
0.15011361702921086
0.15011361702921086
0.15011361702921086
0.15011361702921086
0.15011361702921086
0.15011361702921086
0.15011361702921086
0.15011361702921086
0.15011361702921086
0.15011361702921086
0.15011361702921086
0.15011361702921086
0.15011361702921086
0.15011361702921086
0.15011361702921086
0.1792698632120443
0.1792698632120443
0.08144462200521008
0.08144462200521008
0.08144462200521008
0.08144462200521008
0.08144462200521008
0.08144462200521008
0.08144462200521008
0.08144462200521008
0.08144462200521008
0.08144462200521008
0.08144462200521008
0.08144462200521008
0.08144462200521008
0.08144462200521008
0.08144462200521008
0.08144462200521008
0.08144462200521008
0.08144462200521008
0.08144462200521008
0.08144462200521008
0.08144462200521008
0.08144462200521008
0.08144462200521008
0.08144462200521008
0.08144462200521008
0.08144462200521008
0.08144462200521008
0.08144462200521008
0.08144462200521008
0.08144462200521008
0.08144462200521008
0.08144462200521008
0.08144462200521008
0.08144462200521008
0.08144462200521008
0.08144462200521008
0.08144462200521008
0.08144462200521008
0.08144462200521008
0.08144462200521008
0.08144462200521008
0.08144462200521008
0.08144462200521008
0.08144462200521008
0.08144462200521008
0.08144462200521008
0.08144462200521008
0.08144462200521008
0.08144462200521008
0.08144462200521008
0.08144462200521008
0.08144462200521008
0.08144462200521008
0.1792698632120443
0.1792698632120443
0.1792698632120443
0.1792698632120443
0.1792698632120443
0.1792698632120443
0.1792698632120443
0.1792698632120443
0.1792698632120443
0.1792698632120443
0.1792698632120443
0.1792698632120443
0.1792698632120443
0.1792698632120443
0.1792698632120443
0.1792698632120443
0.1792698632120443
0.15011361702921086
0.15011361702921086
0.15011361702921086
0.15011361702921086
0.15011361702921086
0.15011361702921086
0.15011361702921086
0.15011361702921086
0.15011361702921086
0.15011361702921086
0.15011361702921086
0.15011361702921086
0.15011361702921086
0.15011361702921086
0.15011361702921086
0.15011361702921086
0.15011361702921086
0.15011361702921086
0.15011361702921086
0.15011361702921086
0.15011361702921086
0.15011361702921086
0.15011361702921086
0.15011361702921086
0.1792698632120443
0.1792698632120443
0.08144462200521008
0.08144462200521008
0.08144462200521008
0.08144462200521008
0.08144462200521008
0.08144462200521008
0.08144462200521008
0.08144462200521008
0.08144462200521008
0.08144462200521008
0.08144462200521008
0.08144462200521008
0.08144462200521008
0.08144462200521008
0.08144462200521008
0.08144462200521008
0.08144462200521008
0.08144462200521008
0.08144462200521008
0.08144462200521008
0.08144462200521008
0.08144462200521008
0.08144462200521008
0.08144462200521008
0.08144462200521008
0.08144462200521008
0.08144462200521008
0.08144462200521008
0.08144462200521008
0.08144462200521008
0.08144462200521008
0.08144462200521008
0.08144462200521008
0.08144462200521008
0.08144462200521008
0.08144462200521008
0.08144462200521008
0.08144462200521008
0.08144462200521008
0.08144462200521008
0.08144462200521008
0.08144462200521008
0.08144462200521008
0.08144462200521008
0.08144462200521008
0.08144462200521008
0.08144462200521008
0.08144462200521008
0.08144462200521008
0.08144462200521008
0.08144462200521008
0.08144462200521008
0.08144462200521008
0.1792698632120443
0.1792698632120443
0.1792698632120443
0.1792698632120443
0.1792698632120443
0.1792698632120443
0.1792698632120443
0.1792698632120443
0.1792698632120443
0.1792698632120443
0.1792698632120443
0.1792698632120443
0.1792698632120443
0.1792698632120443
0.1792698632120443
0.1792698632120443
0.1792698632120443
0.15011361702921086
0.200417648267723
0.200417648267723
0.200417648267723
0.200417648267723
0.200417648267723
0.2020811413642346
0.20374463446074625
0.2054081275572579
0.20707162065376955
0.2087351137502812
0.21039860684679282
0.21206209994330447
0.21372559303981611
0.33437882454304657
0.3396188277970583
0.2420952385909474
0.37539101762766636
0.3932735684151665
0.4111561192026667
0.4483351899097019
0.4855142606167372
0.5226933313237724
0.5598724020308076
0.5942686514676527
0.5995086547216644
0.5069234167688419
0.5121634200228536
0.5174034232768653
0.5226434265308769
0.5226434265308769
0.5226434265308769
0.5226434265308769
0.5226434265308769
0.5226434265308769
0.5226434265308769
0.5226434265308769
0.5226434265308769
0.5226434265308769
0.5226434265308769
0.5226434265308769
0.5229581233747215
0.5236352158659966
0.5138853470575792
0.5043050786349326
0.4951359046869602
0.48596673073898816
0.4951359046869602
0.5043050786349326
0.5134742525829048
0.5226434265308769
0.5226434265308769
0.5226434265308769
0.5226434265308769
0.5226434265308769
0.5226434265308769
0.5226434265308769
0.5226434265308769
0.5226434265308769
0.5226434265308769
0.5226434265308769
0.5226434265308769
0.5226434265308769
0.5226434265308769
0.5276732548653352
0.5234037681091782
0.5226434265308769
0.5226434265308769
0.5226434265308769
0.5226434265308769
0.48238689359529513
0.4421303606597133
0.4018738277241315
0.3616172947885497
0.33639873944543325
0.3111801841023166
0.2859616287592002
0.16092485930065187
0.20338493851967715
0.2906431348702642
0.28405370978308675
0.23650111398765253
0.2331741277946293
0.229847141601606
0.22652015540858267
0.2231931692155594
0.2198661830225361
0.2165391968295128
0.2165391968295128
0.2165391968295128
0.21055062168207095
0.20456204653462903
0.22372548700644318
0.24288183922264958
0.23955485302962626
0.23622786683660302
0.20374463446074625
0.200417648267723
0.200417648267723
0.200417648267723
0.200417648267723
0.200417648267723
0.2020811413642346
0.20374463446074625
0.2054081275572579
0.20707162065376955
0.2087351137502812
0.21039860684679282
0.21206209994330447
0.21372559303981611
0.33437882454304657
0.3396188277970583
0.2420952385909474
0.3753910176276663
0.39327356841516653
0.4111561192026667
0.4483351899097019
0.4855142606167372
0.5226933313237724
0.5598724020308076
0.5942686514676527
0.5995086547216644
0.5069234167688419
0.5121634200228536
0.5174034232768653
0.5226434265308769
0.5226434265308769
0.5226434265308769
0.5226434265308769
0.5226434265308769
0.5226434265308769
0.5226434265308769
0.5226434265308769
0.5226434265308769
0.5226434265308769
0.5226434265308769
0.5226434265308769
0.5226434265308769
0.5226434265308769
0.5134742525829048
0.5043050786349326
0.4951359046869602
0.48596673073898816
0.4951359046869602
0.5043050786349326
0.5134742525829048
0.5226434265308769
0.5226434265308769
0.5226434265308769
0.5226434265308769
0.5226434265308769
0.5226434265308769
0.5226434265308769
0.5226434265308769
0.5226434265308769
0.5226434265308769
0.5226434265308769
0.5226434265308769
0.5226434265308769
0.5226434265308769
0.5226434265308769
0.5226434265308769
0.5226434265308769
0.5226434265308769
0.5226434265308769
0.5226434265308769
0.48238689359529513
0.4421303606597133
0.4018738277241315
0.3616172947885497
0.33639873944543325
0.3111801841023166
0.2859616287592002
0.14532984516686487
0.19211488756822587
0.28994012877506004
0.2398281001806758
0.23650111398765253
0.2331741277946293
0.229847141601606
0.22652015540858267
0.2231931692155594
0.2198661830225361
0.2165391968295128
0.2165391968295128
0.2165391968295128
0.21055062168207095
0.20456204653462903
0.22372548700644318
0.24288183922264958
0.23955485302962626
0.23622786683660302
0.20374463446074625
0.200417648267723
0.200417648267723
0.200417648267723
0.200417648267723
0.200417648267723
0.2020811413642346
0.20374463446074625
0.2054081275572579
0.20707162065376955
0.2087351137502812
0.21039860684679282
0.21206209994330447
0.21372559303981611
0.33437882454304657
0.3396188277970583
0.2420952385909474
0.37539101762766636
0.39327356841516653
0.4111561192026667
0.4483351899097019
0.4855142606167372
0.5226933313237724
0.5598724020308076
0.5942686514676527
0.5995086547216644
0.5069234167688419
0.5121634200228536
0.5174034232768653
0.5226434265308769
0.5226434265308769
0.5226434265308769
0.5226434265308769
0.5226434265308769
0.5226434265308769
0.5226434265308769
0.5226434265308769
0.5226434265308769
0.5226434265308769
0.5226434265308769
0.523065614292024
0.5240581670729971
0.5263416742554945
0.5168559731815915
0.508766624187911
0.4989994173009305
0.491078040424313
0.5002534483587846
0.5103175729737973
0.5192841848567767
0.5276615060733424
0.5271085401000947
0.5262966055331976
0.5274031013748559
0.5297175180962052
0.5361788267964338
0.541794758032084
0.5481461519305065
0.5541716818438411
0.5585580360468857
0.562322442250984
0.5654350800642257
0.5687688747181441
0.5670989521134058
0.5649780237516299
0.5599514260572436
0.553891844011825
0.552884400682876
0.5541393748027338
0.5534464353534458
0.5047123872631235
0.45781970590428855
0.4147052576778563
0.377306640033125
0.3492301693991581
0.32106858456939374
0.30165097400377544
0.15816127512058972
0.15521824563394193
0.25884443161827436
0.2526595301344007
0.24638951445472962
0.24886347303920456
0.24267857155533085
0.23640855587565973
0.23888251446013464
0.23269761297626096
0.22642759729658987
0.23222854207408805
0.22937062678323766
0.22043902214914796
0.22025139177920428
0.23655691696016803
0.2527702396897266
0.25524419827420153
0.24905929679032787
0.21363303492782335
0.20340977184759826
0.20452069085560673
0.20405070968673822
0.20340977184759826
0.20452069085560673
0.20571420278324987
0.20673675804062153
0.20951117014514167
0.2107046820727848
0.21172723733015647
0.2145016494346766
0.21569516136231973
0.21671771661969136
0.3384818671309304
0.3432518892160735
0.24508736217082266
0.37949406021555016
0.39690662983418173
0.4141482427825419
0.4524382324975857
0.48914732203575245
0.5256854549036476
0.5639754446186913
0.597901712886668
0.6025007783015397
0.5110264593567256
0.5157964814418688
0.5203955468567405
0.5267464691187607
0.5262764879498921
0.5256355501107521
0.5267464691187607
0.5262764879498921
0.5256355501107521
0.5267464691187607
0.5256767060963352
0.5269050549520686
0.5244692703910702
0.5265065282866369
0.5298610539363395
0.5343780366822262
0.5438106554443564
0.5373436680977975
0.5306489878765324
0.5240941550849867
0.5176472163372383
0.5352904063704127
0.5522653891005256
0.5688772246957144
0.5865631057446062
0.5924934139566448
0.5978419531299944
0.6012310947885875
0.6043212884711613
0.6056152312920837
0.6056815845008423
0.6041893984743493
0.6019693165776956
0.5979958360891958
0.5924146137564156
0.5883800426427335
0.5840208252284582
0.5797369244878179
0.5759403282113573
0.5709937301514943
0.5663067463966359
0.5622391166720826
0.5585700915368006
0.555076770395802
0.5038954430655257
0.4520989678263588
0.4041093497797491
0.3715859019551952
0.33863426150105086
0.3111801841023166
0.2959302359258457
0.14756536722248254
0.14532984516686487
0.2531236935403446
0.24206362223629352
0.23650111398765253
0.24314273496127473
0.23208266365722366
0.22652015540858267
0.23316177638220487
0.22210170507815377
0.2165391968295128
0.2265078039961583
0.2187747188851305
0.21055062168207095
0.21453065370127447
0.22596100906206082
0.24288183922264958
0.2495234601962717
0.23846338889222066
0.20374463446074625
0.200417648267723
0.200417648267723
0.200417648267723
0.200417648267723
0.200417648267723
0.2020811413642346
0.20374463446074625
0.2054081275572579
0.20707162065376955
0.2087351137502812
0.21039860684679282
0.21206209994330447
0.21372559303981611
0.321246299249051
0.3264863025030627
0.2420952385909474
0.37539101762766636
0.3932735684151665
0.4111561192026667
0.4483351899097019
0.4855142606167372
0.5226933313237724
0.5598724020308076
0.5942686514676527
0.5995086547216644
0.5069234167688419
0.5121634200228536
0.5174034232768653
0.5226434265308769
0.5226434265308769
0.5226434265308769
0.5226434265308769
0.5226434265308769
0.5226434265308769
0.5226434265308769
0.5257221452282328
0.5244783595743697
0.5271363561394053
0.5261080166380443
0.5284006234923004
0.5321058631932369
0.5390158772932918
0.5331575183127664
0.5245983488267121
0.5168703175687395
0.5098019460665246
0.5250222768909172
0.5446655201515977
0.5606944996378214
0.575340179440596
0.5752076776376831
0.573149882631807
0.5706933041894914
0.5672999759802547
0.5654987444642098
0.5643072548557875
0.561876623780782
0.559706642259294
0.5579049717690735
0.5561822196188974
0.556336271289025
0.5564903904139504
0.5610322075434901
0.5655357207123978
0.5712741139589531
0.5770793288807081
0.5799326061495577
0.5823351657068152
0.5818723253720174
0.5326233603743253
0.4802460569368752
0.42765210866882597
0.39973299106571164
0.3621770203901277
0.32725757364640273
0.3240773250363621
0.17110812611155932
0.1614072347109509
0.281270782650861
0.26560638112537027
0.25257850353173855
0.2712898240717912
0.25562542254630044
0.2425975449526687
0.2613088654927213
0.24564446396723058
0.23261658637359883
0.2546548931066747
0.24231747777420728
0.22662801122615694
0.2426777428117909
0.24950376795113766
0.2589592287667356
0.27767054930678814
0.2620061477812975
0.21982202400483228
0.15011361702921086
0.15011361702921086
0.15011361702921086
0.15011361702921086
0.15011361702921086
0.15011361702921086
0.15011361702921086
0.15011361702921086
0.15011361702921086
0.15011361702921086
0.15011361702921086
0.15011361702921086
0.15011361702921086
0.15011361702921086
0.15011361702921086
0.15011361702921086
0.15011361702921086
0.15011361702921086
0.15011361702921086
0.15011361702921086
0.15011361702921086
0.15011361702921086
0.15011361702921086
0.1792698632120443
0.1792698632120443
0.08144462200521008
0.08144462200521008
0.08144462200521008
0.08144462200521008
0.08144462200521008
0.08144462200521008
0.08144462200521008
0.08144462200521008
0.08144462200521008
0.08144462200521008
0.08144462200521008
0.08144462200521008
0.08144462200521008
0.08144462200521008
0.08144462200521008
0.08144462200521008
0.08144462200521008
0.08144462200521008
0.08144462200521008
0.08144462200521008
0.08144462200521008
0.08144462200521008
0.08144462200521008
0.08144462200521008
0.08144462200521008
0.08144462200521008
0.08144462200521008
0.08144462200521008
0.08144462200521008
0.08144462200521008
0.08144462200521008
0.08144462200521008
0.08144462200521008
0.08144462200521008
0.08144462200521008
0.08144462200521008
0.08144462200521008
0.08144462200521008
0.08144462200521008
0.08144462200521008
0.08144462200521008
0.08144462200521008
0.08144462200521008
0.08144462200521008
0.08144462200521008
0.08144462200521008
0.08144462200521008
0.08144462200521008
0.08144462200521008
0.08144462200521008
0.08144462200521008
0.08144462200521008
0.08144462200521008
0.1792698632120443
0.1792698632120443
0.1792698632120443
0.1792698632120443
0.1792698632120443
0.1792698632120443
0.1792698632120443
0.1792698632120443
0.1792698632120443
0.1792698632120443
0.1792698632120443
0.1792698632120443
0.1792698632120443
0.1792698632120443
0.1792698632120443
0.1792698632120443
0.1792698632120443
0.15011361702921086
0.15011361702921086
0.15011361702921086
0.15011361702921086
0.15011361702921086
0.15011361702921086
0.15011361702921086
0.15011361702921086
0.15011361702921086
0.15011361702921086
0.15011361702921086
0.15011361702921086
0.15011361702921086
0.15011361702921086
0.15011361702921086
0.15011361702921086
0.15011361702921086
0.15011361702921086
0.15011361702921086
0.15011361702921086
0.15011361702921086
0.15011361702921086
0.15011361702921086
0.15011361702921086
0.1792698632120443
0.1792698632120443
0.08144462200521008
0.08144462200521008
0.08144462200521008
0.08144462200521008
0.08144462200521008
0.08144462200521008
0.08144462200521008
0.08144462200521008
0.08144462200521008
0.08144462200521008
0.08144462200521008
0.08144462200521008
0.08144462200521008
0.08144462200521008
0.08144462200521008
0.08144462200521008
0.08144462200521008
0.08144462200521008
0.08144462200521008
0.08144462200521008
0.08144462200521008
0.08144462200521008
0.08144462200521008
0.08144462200521008
0.08144462200521008
0.08144462200521008
0.08144462200521008
0.08144462200521008
0.08144462200521008
0.08144462200521008
0.08144462200521008
0.08144462200521008
0.08144462200521008
0.08144462200521008
0.08144462200521008
0.08144462200521008
0.08144462200521008
0.08144462200521008
0.08144462200521008
0.08144462200521008
0.08144462200521008
0.08144462200521008
0.08144462200521008
0.08144462200521008
0.08144462200521008
0.08144462200521008
0.08144462200521008
0.08144462200521008
0.08144462200521008
0.08144462200521008
0.08144462200521008
0.08144462200521008
0.08144462200521008
0.1792698632120443
0.1792698632120443
0.1792698632120443
0.1792698632120443
0.1792698632120443
0.1792698632120443
0.1792698632120443
0.1792698632120443
0.1792698632120443
0.1792698632120443
0.1792698632120443
0.1792698632120443
0.1792698632120443
0.1792698632120443
0.1792698632120443
0.1792698632120443
0.1792698632120443
0.15011361702921086
0.20303755148989772
0.21043258542678334
0.20254168528330416
0.20303755148989772
0.21043258542678334
0.2042051783798158
0.20636453768292098
0.21542306471631828
0.20919565766935072
0.2113550169724559
0.22041354400585317
0.21418613695888566
0.21634549626199084
0.34439376170210695
0.3417428648126395
0.24471514181312212
0.3854059547867267
0.39539760543074776
0.41377602242484146
0.45835012706876227
0.48763829763231836
0.5253132345459471
0.5698873391898679
0.5963926884832339
0.6021285579438391
0.5169383539279022
0.5142874570384347
0.5200233264990399
0.5326583636899371
0.5247674635464581
0.5252633297530516
0.5326583636899371
0.5247674635464581
0.5252633297530516
0.5326583636899371
0.5355826513792595
0.5399253593421222
0.5435226294551723
0.5436182824379401
0.5498942064315149
0.5532739575336825
0.5581055014522364
0.5500133130338682
0.5411624558296115
0.533989500832453
0.5250528360134286
0.5391049419035674
0.5541126630394508
0.5698856121370951
0.5864299949199073
0.5918133466252059
0.5972678057098821
0.6006210575965004
0.6037775299950279
0.6065339747167255
0.6088926332622703
0.6121816878447043
0.6152660141597204
0.617917771577336
0.6202046676836177
0.6221868781966114
0.6237307452161598
0.6247721717205905
0.6252026534783236
0.6229708231354297
0.6201880608733403
0.6164801821606152
0.6123957134975105
0.6075987599325675
0.5560733398175869
0.5027640486107369
0.44886909119790674
0.4222509827395733
0.3833940029192085
0.34407630324969335
0.34659531671022376
0.19232510864064017
0.1782259643142415
0.20596353311788845
0.2868233636544511
0.26939723313502917
0.29380781574565284
0.2768424050753813
0.2594162745559593
0.28382685716658296
0.26686144649631144
0.24943531597688942
0.27717288478053637
0.2635344603032881
0.24344674082944756
0.26519573448565253
0.2707207504802185
0.2757779583700262
0.3001885409806498
0.2832231303103783
0.23664075360812287
0.22138902297663318
0.22690877006210838
0.2141620728701553
0.22138902297663318
0.22690877006210838
0.21582556596666694
0.22471600916965645
0.23189924935164333
0.22081604525620185
0.22970648845919137
0.23688972864117824
0.2258065245457368
0.2346969677487263
0.27867216327721367
0.28288941180447547
0.2747905557650608
0.4018821394220518
0.4070179930175989
0.43212749391157684
0.47482631170408734
0.4992586852191694
0.5436647060326826
0.5863635238251931
0.608013076070085
0.6204800294305746
0.5334145385632273
0.525907844625286
0.5383747979857755
0.5491345483252623
0.5363878511333092
0.543614801239787
0.5491345483252623
0.5363878511333092
0.543614801239787
0.5491345483252623
0.559052906680352
0.5710387286783877
0.5858956063680025
0.597349875797872
0.6081334446450026
0.6151932836711995
0.62107702736368
0.614217204563448
0.606354820433922
0.5987285585806567
0.5910302904677766
0.606764487997681
0.6226967201953064
0.6382637064845055
0.655092566835237
0.6608680080322834
0.6669367837157978
0.6705011777042076
0.6739430912053996
0.6770016411438315
0.6796716821541581
0.6844784008637439
0.6885679884740805
0.6917701529312215
0.69434384381604
0.6935539144075272
0.6928704353612963
0.6921522954826681
0.6914182019899534
0.6901495496811074
0.6883669915355053
0.6853581028268625
0.6820464686973171
0.6758330333934934
0.6220532829946551
0.5660931551593165
0.5093872398648748
0.48558008928815294
0.4439121515861766
0.3999212706794488
0.40992442325880335
0.25284325730760826
0.23407093174399698
0.26929263966646805
0.34734151232141924
0.32524220056478464
0.3571369222942325
0.33736055374234936
0.31526124198571476
0.34715596371516255
0.32737959516327947
0.3052802834066449
0.34050199132911596
0.3240526089702562
0.29929170825920304
0.3285248410342322
0.3312388991471865
0.3316229257997817
0.36351764752922944
0.34374127897734635
0.29248572103787834
0.23349458201749246
0.244055667905282
0.22491215240775364
0.23349458201749246
0.244055667905282
0.22657564550426523
0.23682156821051575
0.24904614719481694
0.2315661247938002
0.24181204750005073
0.2540366264843518
0.23655660408333512
0.2468025267895856
0.2626036159313868
0.24870010368787013
0.27517217234071695
0.4190290372652254
0.41776807255519716
0.4442330529524362
0.49197320954726104
0.5100087647567677
0.5557702650735419
0.6035104216683665
0.6187631556076834
0.6325855884714339
0.5505614364064009
0.5366579241628842
0.5504803570266347
0.5662814461684359
0.5471379306709075
0.5557203602806464
0.5662814461684359
0.5471379306709075
0.5557203602806464
0.5662814461684359
0.5792787503552739
0.5925480117332814
0.6048403649114482
0.6166220912395346
0.6277902850378966
0.6354813580361329
0.6424822471283642
0.6361068079683017
0.6284641940835001
0.6249317971920197
0.6219262287791517
0.6433057056872449
0.6653083194971736
0.6826490056129452
0.7005816476218907
0.705750491684665
0.7100586826677242
0.713258023228851
0.7159360446575261
0.7179741239532207
0.7194892789499971
0.7231672802374393
0.7267724289658912
0.7303471410802747
0.7333952417125493
0.7315182829573275
0.7287443981282682
0.7248536580670506
0.7203019743423806
0.7159845035430618
0.7118497635126705
0.707617844759412
0.703659546965262
0.6973983136452928
0.6433447157054601
0.5866396898317685
0.5288714154459424
0.5061266239606049
0.46339632716724405
0.41814641510194284
0.43047095793125545
0.2723274328886757
0.2522960761664911
0.28983917433892015
0.3668256879024867
0.3434673449872787
0.3776834569666846
0.3568447293234169
0.3334863864082089
0.36770249838761465
0.34686377074434693
0.32350542782913905
0.3610485260015681
0.34353678455132364
0.3175168526816971
0.3490713757066843
0.350723074728254
0.3498480702222757
0.38406418220168154
0.3632254545584138
0.31071086546037247
0.25371826647981927
0.2696238325133057
0.24073367446187202
0.25371826647981927
0.2696238325133057
0.2423971675583836
0.25704525267284256
0.2746143118028406
0.24738764684791859
0.2620357319623775
0.2796047910923755
0.25237812613745353
0.26702621125191234
0.28817178053941056
0.2645216257419885
0.2953958568030437
0.4445972018732491
0.4335895946093155
0.46445673741476295
0.5175413741552847
0.5258302868108862
0.5759939495358687
0.6290785862763902
0.6345846776618018
0.6528092729337607
0.5761296010144246
0.5524794462170026
0.5707040414889615
0.5918496107764596
0.5629594527250259
0.5759440447429732
0.5918496107764596
0.5629594527250259
0.5759440447429732
0.5918496107764596
0.6049822852563946
0.6157802222146511
0.6257140909162557
0.6352931181171676
0.6445064595794467
0.6513573699609421
0.6574134341053471
0.6501162266511951
0.6416891958090656
0.6351386303633648
0.6287893964165071
0.6484687083389261
0.6683930190216663
0.6877908879923681
0.7081629563453141
0.716205212481717
0.723761958215096
0.7270364415877184
0.7297843217520471
0.7319616399424833
0.733981713463718
0.7387128706588751
0.742938402455178
0.7468490087451367
0.7501734917773389
0.7478687711891763
0.7448617234363692
0.7407630812856966
0.7360477089697051
0.7325636136262517
0.7284835680779899
0.724845877410089
0.7215402790704645
0.7142835115296785
0.6574975530105246
0.5966425931259853
0.5351879595807093
0.5161295272548219
0.46971287130201106
0.4244752329803763
0.44047386122547233
0.27864397702344273
0.2586248940449245
0.29984207763313697
0.37314223203725366
0.3497961628657122
0.3876863602609014
0.36316127345818394
0.33981520428664236
0.3777054016818315
0.353180314879114
0.32983424570757247
0.3710514292957849
0.34985332868609065
0.3238456705601306
0.3590742790009011
0.35703961886302105
0.3561768881007092
0.39406708549589836
0.3695419986931809
0.31703968333880594
0.2596186076673432
0.2754919836111902
0.24503102776036106
0.2596186076673432
0.2754919836111902
0.2466945208568727
0.2629455938603664
0.28048246290072515
0.25168500014640766
0.26793607314990137
0.2854729421902601
0.25667547943594254
0.2729265524394363
0.2940399316372951
0.2688189790404776
0.30129619799056756
0.4504653529711336
0.43788694790780464
0.4703570786022869
0.5234095252531692
0.5301276401093753
0.5818942907233925
0.6349467373742748
0.6388820309602908
0.5608843729144504
0.5819977521123091
0.5567767995154916
0.5766043826764855
0.5977177618743441
0.567256806023515
0.581844385930497
0.5977177618743441
0.567256806023515
0.581844385930497
0.5977177618743441
0.6118656042545694
0.6243094687969987
0.6359534886940765
0.6467748671734423
0.6571118483850804
0.6641238861524708
0.6702632458738499
0.6627643120421784
0.6545552598697395
0.6475463056692101
0.6402780417499706
0.6578159731684566
0.6758417812853552
0.6924674960789123
0.7103099780945812
0.7161463672992117
0.721906904978033
0.7254763779381928
0.7292020112732206
0.7328791241694339
0.7364221385900023
0.7425576684620082
0.7485274193190148
0.7542856726930518
0.7593031248819863
0.7602794151675185
0.7606634051561084
0.7601903910591796
0.7591736954463423
0.756680988590725
0.7537004549076906
0.7495176706559076
0.7450273296756575
0.7370985179322362
0.6798441413991214
0.6185904757617205
0.5556380592825714
0.538077409890557
0.49016297100387307
0.44147185713529224
0.4624217438612075
0.2990940767253047
0.27562151819984043
0.3217899602688721
0.39359233173911573
0.3667927870206281
0.40963424289663664
0.38361137316004584
0.35681182844155823
0.3996532843175667
0.373630414580976
0.34683086986248834
0.3929993119315201
0.3703034283879527
0.34084229471504646
0.38102216163663627
0.37748971856488295
0.3731735122556251
0.41601496813163347
0.3899920983950429
0.3340363074937218
0.15011361702921086
0.15011361702921086
0.15011361702921086
0.15011361702921086
0.15011361702921086
0.15011361702921086
0.15011361702921086
0.15011361702921086
0.15011361702921086
0.15011361702921086
0.15011361702921086
0.15011361702921086
0.15011361702921086
0.15011361702921086
0.15011361702921086
0.15011361702921086
0.15011361702921086
0.15011361702921086
0.15011361702921086
0.15011361702921086
0.15011361702921086
0.15011361702921086
0.15011361702921086
0.1792698632120443
0.08144462200521008
0.08144462200521008
0.08144462200521008
0.08144462200521008
0.08144462200521008
0.08144462200521008
0.08144462200521008
0.08144462200521008
0.08144462200521008
0.08144462200521008
0.08144462200521008
0.08144462200521008
0.08144462200521008
0.08144462200521008
0.08144462200521008
0.08144462200521008
0.08144462200521008
0.08144462200521008
0.08144462200521008
0.08144462200521008
0.08144462200521008
0.08144462200521008
0.08144462200521008
0.08144462200521008
0.08144462200521008
0.08144462200521008
0.08144462200521008
0.08144462200521008
0.08144462200521008
0.08144462200521008
0.08144462200521008
0.08144462200521008
0.08144462200521008
0.08144462200521008
0.08144462200521008
0.08144462200521008
0.08144462200521008
0.08144462200521008
0.08144462200521008
0.08144462200521008
0.08144462200521008
0.08144462200521008
0.08144462200521008
0.08144462200521008
0.08144462200521008
0.08144462200521008
0.08144462200521008
0.08144462200521008
0.08144462200521008
0.08144462200521008
0.08144462200521008
0.08144462200521008
0.08144462200521008
0.08144462200521008
0.08144462200521008
0.1792698632120443
0.1792698632120443
0.1792698632120443
0.1792698632120443
0.1792698632120443
0.1792698632120443
0.1792698632120443
0.1792698632120443
0.1792698632120443
0.1792698632120443
0.1792698632120443
0.1792698632120443
0.1792698632120443
0.1792698632120443
0.1792698632120443
0.1792698632120443
0.15011361702921086
0.15011361702921086
0.15011361702921086
0.15011361702921086
0.15011361702921086
0.15011361702921086
0.15011361702921086
0.15011361702921086
0.15011361702921086
0.15011361702921086
0.15011361702921086
0.15011361702921086
0.15011361702921086
0.15011361702921086
0.15011361702921086
0.15011361702921086
0.15011361702921086
0.15011361702921086
0.15011361702921086
0.15011361702921086
0.15011361702921086
0.15011361702921086
0.15011361702921086
0.15011361702921086
0.1792698632120443
0.08144462200521008
0.08144462200521008
0.08144462200521008
0.08144462200521008
0.08144462200521008
0.08144462200521008
0.08144462200521008
0.08144462200521008
0.08144462200521008
0.08144462200521008
0.08144462200521008
0.08144462200521008
0.08144462200521008
0.08144462200521008
0.08144462200521008
0.08144462200521008
0.08144462200521008
0.08144462200521008
0.08144462200521008
0.08144462200521008
0.08144462200521008
0.08144462200521008
0.08144462200521008
0.08144462200521008
0.08144462200521008
0.08144462200521008
0.08144462200521008
0.08144462200521008
0.08144462200521008
0.08144462200521008
0.08144462200521008
0.08144462200521008
0.08144462200521008
0.08144462200521008
0.08144462200521008
0.08144462200521008
0.08144462200521008
0.08144462200521008
0.08144462200521008
0.08144462200521008
0.08144462200521008
0.08144462200521008
0.08144462200521008
0.08144462200521008
0.08144462200521008
0.08144462200521008
0.08144462200521008
0.08144462200521008
0.08144462200521008
0.08144462200521008
0.08144462200521008
0.08144462200521008
0.08144462200521008
0.08144462200521008
0.08144462200521008
0.1792698632120443
0.1792698632120443
0.1792698632120443
0.1792698632120443
0.1792698632120443
0.1792698632120443
0.1792698632120443
0.1792698632120443
0.1792698632120443
0.1792698632120443
0.1792698632120443
0.1792698632120443
0.1792698632120443
0.1792698632120443
0.1792698632120443
0.1792698632120443
0.15011361702921086
0.22100889321854084
0.2256846736230954
0.2157207632279561
0.22100889321854084
0.2256846736230954
0.21738425632446776
0.2243358794115641
0.23067515291263033
0.22237473561400273
0.22932635870109905
0.23566563220216527
0.22736521490353762
0.23431683799063394
0.2442326216492002
0.23950871450807262
0.26268648354176527
0.4006580429830388
0.4085766833753997
0.4317473641534845
0.47360221526507434
0.5008173755769704
0.5432845762745903
0.5851394273861801
0.6095717664278859
0.522274658465648
0.5321904421242143
0.5274665349830867
0.537994668227683
0.5479104518862493
0.5379465414911101
0.5432346714816948
0.5479104518862493
0.5379465414911101
0.5432346714816948
0.5479104518862493
0.5520860116003767
0.5570068874605765
0.566061659156661
0.575730852489538
0.5838714063467109
0.5893112578872868
0.5940565172201117
0.5853072753522776
0.5754449933980958
0.5697044128379063
0.5634099946121168
0.5817840887803027
0.6002391703534645
0.6155588327229311
0.6325683453444595
0.6380555297039724
0.6434624749814816
0.6490787160680591
0.6541744011904833
0.6584875917379468
0.6621332609300942
0.6662004652683537
0.6698959043264818
0.6737029749526104
0.6770769606741658
0.6763888976625636
0.674939817209854
0.6723385854230411
0.669113545514484
0.6666340194883986
0.6639881853786471
0.6607846672141874
0.6574911876107992
0.6524934400076569
0.5995115703995113
0.5438819557901872
0.4877888538073815
0.4633688899190236
0.42231376552868327
0.37938427790900947
0.38771322388967405
0.2312448712501149
0.21353393897355766
0.2470814402973387
0.3257431262639258
0.30470520779434535
0.33492572292510314
0.315762167684856
0.2947242492152755
0.32494476434603325
0.30578120910578616
0.2847432906362056
0.31829079195998666
0.3024542229127628
0.27875471548876374
0.30631364166510283
0.30964051308969315
0.31108593302934234
0.3413064481601001
0.322142892919853
0.2719487282674391
0.23298177562322972
0.2425773295134064
0.2274828680313211
0.23298177562322972
0.2425773295134064
0.22914636112783268
0.236308761816253
0.24756780880294135
0.23413684041736768
0.24129924110578793
0.2525582880924762
0.23912731970690254
0.24628972039532285
0.2611252775395112
0.2512708193114375
0.2746593659464541
0.41755069887334983
0.42033878817876463
0.4437202465581735
0.49049487115538537
0.5125794803803353
0.5552574586792791
0.6020320832764909
0.6213338712312508
0.5342475408703369
0.5490830980145253
0.5392286397864516
0.549967550632372
0.5648031077765603
0.5497086462944749
0.5552075538863837
0.5648031077765603
0.5497086462944749
0.5552075538863837
0.5648031077765603
0.5761892824768067
0.5867564997876764
0.5926800419818723
0.5988160612845291
0.6037172094456114
0.6069841882036484
0.6098449082098135
0.5999031589224195
0.5894130727003651
0.5833582740824343
0.5775427839017602
0.5964675770484913
0.6161591753491356
0.6313573268169955
0.6466180860010545
0.6485405547799586
0.6489302169606558
0.6511698374901802
0.6534957613869237
0.656265530907655
0.6593553650187135
0.6612926543788212
0.6630289017946883
0.6642363336276569
0.6649498078171374
0.6661246772990563
0.6670335323163481
0.6675470331747021
0.6678007632533582
0.6660694084461376
0.6639585303783849
0.6610561786299431
0.6578340609631972
0.6536166365694992
0.6013907867246245
0.5469497407086007
0.4915694104085975
0.4664366748374371
0.4260943221298991
0.38397357557962647
0.3907810088080875
0.23502542785133085
0.21812323664417468
0.2501492252157523
0.3295236828651418
0.30929450546496234
0.33799350784351667
0.31954272428607194
0.2993135468858925
0.3280125492644468
0.30956176570700206
0.2893325883068226
0.32135857687840025
0.30623477951397876
0.28334401315938074
0.3093814265835164
0.3134210696909091
0.31567523069995934
0.3443742330785136
0.32592344952106894
0.2765380259380561
0.24581880080915108
0.2572599876192472
0.23532100599839706
0.24581880080915108
0.2572599876192472
0.23698449909490868
0.24914578700217438
0.2622504669087821
0.24197497838444368
0.2541362662917093
0.26724094619831706
0.24696545767397857
0.2591267455812442
0.27580793564535205
0.2591089572785136
0.2874963911323755
0.4322333569791906
0.42817692614584063
0.45655727174409483
0.5051775292612262
0.5204176183474112
0.5680944838652005
0.6167147413823318
0.6291720091983268
0.5470845660562582
0.5637657561203661
0.5470667777535276
0.5628045758182934
0.5794857658824011
0.557546784261551
0.568044579072305
0.5794857658824011
0.557546784261551
0.568044579072305
0.5794857658824011
0.5963278306809192
0.6064848288245224
0.616530212548031
0.6250921548992736
0.6320197236119504
0.6377253782679076
0.6426932139711987
0.6343073291030008
0.6249824870401869
0.6156895410784256
0.6059151254199566
0.6201528399947911
0.635013513646992
0.6506761283299778
0.6678332885507475
0.673685557690899
0.6796084931422757
0.6844320661722694
0.6888000220603494
0.692458176020165
0.6955593021608356
0.6990617837405395
0.7020556403237526
0.7044433529703299
0.7061683628809122
0.7070704364542791
0.7075632520472762
0.707635046534376
0.70709212360944
0.7044127634034387
0.701872637985245
0.6987573818548498
0.6954553398809173
0.6907450111490645
0.6376130949285164
0.5820053006381722
0.5250148647277264
0.5014922347670087
0.4595397764490281
0.41363550558721834
0.4258365687376591
0.2684708821704597
0.2477851666517665
0.28520478514532377
0.36296913718427076
0.33895643547255416
0.3730490677730882
0.3529881786052009
0.3289754768934843
0.3630681091940183
0.343007220026131
0.31899451831441444
0.3564141368079717
0.3396802338331077
0.31300594316697256
0.3444369865130879
0.3468665240100381
0.3453371607075512
0.37942979300808516
0.35936890384019793
0.30619995594564786
0.26530017518870386
0.27972086165001886
0.2475063483340253
0.26530017518870386
0.27972086165001886
0.24916984143053691
0.26862716138172715
0.2847113409395538
0.2541603207200719
0.2736176406712621
0.2897018202290887
0.2591508000096068
0.278608119960797
0.29826880967612374
0.2712942996141418
0.3069777655119283
0.45469423100996226
0.44036226848146887
0.4760386461236476
0.5276384032919977
0.5326029606830395
0.5875758582447532
0.6391756154131035
0.641357351533955
0.566565940435811
0.5862266301511377
0.5592521200891559
0.5822859501978461
0.6019466399131728
0.5697321265971792
0.5875259534518578
0.6019466399131728
0.5697321265971792
0.5875259534518578
0.6019466399131728
0.6172005716224674
0.6301151665863887
0.6431273981680597
0.6563297511282384
0.6694434791080028
0.6759956383800347
0.6820039610435584
0.6744572259669459
0.6660317407599804
0.6598772760973228
0.6532435999462015
0.6719451407069197
0.6913762574229231
0.7101878173378968
0.7306325873432817
0.7390925339037444
0.7475360109994814
0.7533485492802462
0.7585835424057069
0.7626730334379858
0.7659394269981105
0.7688595011339664
0.7708077928019424
0.7670049664094727
0.7595375495777399
0.744459227807532
0.727948042401283
0.7126188625184139
0.697618806769568
0.6770651787212885
0.6575114931177525
0.6434167141353184
0.6320110257195813
0.6283159402371441
0.5767886838435651
0.523578001317211
0.46978228079993717
0.44306493544604747
0.40430719252123887
0.36510956157285107
0.3674092694166979
0.21323829824267052
0.19925922263739929
0.22677748582436255
0.30773655325648147
0.29043049145818695
0.31462176845212697
0.29775559467741164
0.2804495328791171
0.3046408098730571
0.28777463609834175
0.2704685743000473
0.2979868374870105
0.2844476499053185
0.26447999915260534
0.28600968719212666
0.29163394008224885
0.29681121669318394
0.32100249368712397
0.3041363199124087
0.2576740119312807
0.3040123712119902
0.32233749777272813
0.2852513316275888
0.3040123712119902
0.32233749777272813
0.28691482472410046
0.3073393574050135
0.3273279770622631
0.29190530401363535
0.3123298366945484
0.332318456351798
0.2968957833031703
0.31732031598408333
0.340885445798833
0.30903928290770527
0.3456899615352146
0.4973108671326716
0.4781072517750324
0.5147508421469339
0.5702550394147071
0.570347943976603
0.6262880542680396
0.6817922515358128
0.6791023348275186
0.6052781364590973
0.628843266273847
0.5969971033827194
0.6209981462211325
0.6445632760358821
0.6074771098907427
0.6262381494751441
0.6445632760358821
0.6074771098907427
0.6262381494751441
0.6445632760358821
0.6634640949444912
0.6764215310169603
0.6881622954017528
0.6991097563900537
0.7090544930476581
0.7146594363244604
0.7200767869962221
0.7115607615327798
0.7022235160372851
0.694552712541382
0.6863615243974238
0.7037079297533478
0.7213993881060003
0.7381624913011643
0.7562293901298884
0.762066102617012
0.7679175887953559
0.7736193052559376
0.7792833031907062
0.7845176637877553
0.789879190714382
0.7917945595740549
0.7934333183515068
0.7911354668666152
0.7867315811883756
0.7804782771201454
0.7718981559315821
0.7630245037628806
0.7552361516837803
0.7472748549054904
0.7395338300876876
0.7321338490046786
0.7247426987951245
0.7128284156687764
0.6506528490535788
0.5889601749919735
0.5271417422539206
0.5084471091208099
0.4616666539752224
0.4184377937099085
0.43279144309146045
0.270597759696654
0.25258745477445665
0.2921596594991251
0.365096014710465
0.34375872359524434
0.38000394212688954
0.35511505613139516
0.33377776501617445
0.37002298354781965
0.34513409755232527
0.3237968064371046
0.3633690111617731
0.341807111359302
0.31780823128966273
0.3513918608668892
0.3489934015362323
0.3501394488302414
0.3863846673618865
0.36149578136639215
0.31100224406833804
0.15011361702921086
0.15011361702921086
0.15011361702921086
0.15011361702921086
0.15011361702921086
0.15011361702921086
0.15011361702921086
0.15011361702921086
0.15011361702921086
0.15011361702921086
0.15011361702921086
0.15011361702921086
0.15011361702921086
0.15011361702921086
0.15011361702921086
0.15011361702921086
0.15011361702921086
0.15011361702921086
0.15011361702921086
0.15011361702921086
0.15011361702921086
0.15011361702921086
0.15011361702921086
0.1792698632120443
0.08144462200521008
0.08144462200521008
0.08144462200521008
0.08144462200521008
0.08144462200521008
0.08144462200521008
0.08144462200521008
0.08144462200521008
0.08144462200521008
0.08144462200521008
0.08144462200521008
0.08144462200521008
0.08144462200521008
0.08144462200521008
0.08144462200521008
0.08144462200521008
0.08144462200521008
0.08144462200521008
0.08144462200521008
0.08144462200521008
0.08144462200521008
0.08144462200521008
0.08144462200521008
0.08144462200521008
0.08144462200521008
0.08144462200521008
0.08144462200521008
0.08144462200521008
0.08144462200521008
0.08144462200521008
0.08144462200521008
0.08144462200521008
0.08144462200521008
0.08144462200521008
0.08144462200521008
0.08144462200521008
0.08144462200521008
0.08144462200521008
0.08144462200521008
0.08144462200521008
0.08144462200521008
0.08144462200521008
0.08144462200521008
0.08144462200521008
0.08144462200521008
0.08144462200521008
0.08144462200521008
0.08144462200521008
0.08144462200521008
0.08144462200521008
0.08144462200521008
0.08144462200521008
0.08144462200521008
0.08144462200521008
0.08144462200521008
0.1792698632120443
0.1792698632120443
0.1792698632120443
0.1792698632120443
0.1792698632120443
0.1792698632120443
0.1792698632120443
0.1792698632120443
0.1792698632120443
0.1792698632120443
0.1792698632120443
0.1792698632120443
0.1792698632120443
0.1792698632120443
0.1792698632120443
0.1792698632120443
0.15011361702921086
0.15011361702921086
0.15011361702921086
0.15011361702921086
0.15011361702921086
0.15011361702921086
0.15011361702921086
0.15011361702921086
0.15011361702921086
0.15011361702921086
0.15011361702921086
0.15011361702921086
0.15011361702921086
0.15011361702921086
0.15011361702921086
0.15011361702921086
0.15011361702921086
0.15011361702921086
0.15011361702921086
0.15011361702921086
0.15011361702921086
0.15011361702921086
0.15011361702921086
0.15011361702921086
0.1792698632120443
0.08144462200521008
0.08144462200521008
0.08144462200521008
0.08144462200521008
0.08144462200521008
0.08144462200521008
0.08144462200521008
0.08144462200521008
0.08144462200521008
0.08144462200521008
0.08144462200521008
0.08144462200521008
0.08144462200521008
0.08144462200521008
0.08144462200521008
0.08144462200521008
0.08144462200521008
0.08144462200521008
0.08144462200521008
0.08144462200521008
0.08144462200521008
0.08144462200521008
0.08144462200521008
0.08144462200521008
0.08144462200521008
0.08144462200521008
0.08144462200521008
0.08144462200521008
0.08144462200521008
0.08144462200521008
0.08144462200521008
0.08144462200521008
0.08144462200521008
0.08144462200521008
0.08144462200521008
0.08144462200521008
0.08144462200521008
0.08144462200521008
0.08144462200521008
0.08144462200521008
0.08144462200521008
0.08144462200521008
0.08144462200521008
0.08144462200521008
0.08144462200521008
0.08144462200521008
0.08144462200521008
0.08144462200521008
0.08144462200521008
0.08144462200521008
0.08144462200521008
0.08144462200521008
0.08144462200521008
0.08144462200521008
0.08144462200521008
0.1792698632120443
0.1792698632120443
0.1792698632120443
0.1792698632120443
0.1792698632120443
0.1792698632120443
0.1792698632120443
0.1792698632120443
0.1792698632120443
0.1792698632120443
0.1792698632120443
0.1792698632120443
0.1792698632120443
0.1792698632120443
0.1792698632120443
0.1792698632120443
0.15011361702921086
0.3601580346833505
0.3758027696317802
0.34515576567790174
0.3601580346833505
0.3758027696317802
0.3468192587744134
0.3634850208763738
0.3807932489213151
0.35180973806394833
0.3684755001659088
0.38578372821085005
0.3568002173534833
0.37346597945544363
0.39435071765788504
0.36894371695801825
0.401835625006575
0.5507761389917237
0.5380116858253453
0.5708965056182943
0.6237203112737592
0.6302523780269159
0.6824337177394
0.7352575233948647
0.7390067688778315
0.6614237999304577
0.682308538132899
0.6569015374330324
0.6771438096924928
0.6980285478949341
0.6673815439410556
0.6823838129465045
0.6980285478949341
0.6673815439410556
0.6823838129465045
0.6980285478949341
0.7135366589634557
0.7277687809446246
0.7420236205036445
0.7555517307242569
0.769220982598635
0.7775885853175164
0.7853315266790735
0.7781003536262714
0.7692644088160611
0.7629695545756313
0.7553686059587545
0.7746125116547968
0.7940367900237875
0.8088239512332698
0.8249906426619034
0.8282288405329417
0.8312966856326159
0.834111684764499
0.8369422121916009
0.8393139402799294
0.8412369207132349
0.847171539681156
0.8525959714733087
0.8574075032942887
0.8618843560134575
0.8580022688889528
0.8534807400460148
0.8478687807788454
0.8413428425690722
0.8360039150716099
0.830552453379355
0.8232142056615023
0.8142623494985157
0.8046150089596205
0.7438450937756723
0.6835528567558256
0.6228843144388679
0.603039790884662
0.5574092261601697
0.5090015383810053
0.5273841248553124
0.36634033188160137
0.3431511994455535
0.3867523412629771
0.46083858689541235
0.4343224682663412
0.4745966238907416
0.45085762831634246
0.42434150968727125
0.46461566531167164
0.44087666973727263
0.4143605511082014
0.45796169292562505
0.43754968354424933
0.4083719759607595
0.4459845426307412
0.4447359737211797
0.44070319350133813
0.4809773491257384
0.4572383535513394
0.40156598873943483
0.3243265791024311
0.33879169388067537
0.31103961283117343
0.3243265791024311
0.33879169388067537
0.3127031059276851
0.3276535652954544
0.3437821731702103
0.31769358521721996
0.33264404458498936
0.3487726524597452
0.3226840645067549
0.33763452387452425
0.35733964190678025
0.3348275641112899
0.36600416942565556
0.5137650632406188
0.503895532978617
0.5350650500373749
0.5867092355226544
0.5961362251801876
0.6466022621584805
0.69824644764376
0.7048906160311031
0.6255923443495384
0.6452974623817943
0.6227853845863041
0.6413123541115734
0.6610174721438293
0.6332653910943274
0.6465523573655851
0.6610174721438293
0.6332653910943274
0.6465523573655851
0.6610174721438293
0.6760775227623375
0.6911268361641492
0.7063320467268147
0.7191151046069221
0.7303415709060692
0.7386651706790012
0.7463974661630969
0.7395818262722528
0.7314911867226833
0.7255917996235673
0.7189432773475133
0.739032909854453
0.760109559854528
0.7774109423581806
0.7965082126736915
0.8007265096984075
0.8044071319292259
0.803919492393718
0.8033590545071229
0.8009917152497462
0.7970588710210652
0.7902436761144694
0.782682314593901
0.7732540548726871
0.7633806543374939
0.7546835885585406
0.7451712307398964
0.7357297281260975
0.7261964960978735
0.7083733796425257
0.6906071050566024
0.6755067404203632
0.6618909680798237
0.6546495476664789
0.597884867142468
0.5409821749450986
0.48357454192525406
0.460469109073935
0.41809945364655576
0.3790614299993985
0.3848134430445855
0.2270305593679874
0.2132110910639467
0.24418165945225012
0.32152881438179837
0.3043823598847344
0.3320259420800145
0.31154785580272853
0.2944014013056645
0.3220449835009446
0.30156689722365865
0.2844204427265946
0.3153910111148981
0.29823991103063535
0.2784318675791527
0.30341386082001426
0.3054262012075657
0.3107630851197314
0.3384066673150115
0.31792858103772553
0.2716258803578281
0.2771727913744472
0.28525728654908544
0.26907827443806864
0.2771727913744472
0.28525728654908544
0.2707417675345803
0.28049977756747047
0.29024776583862033
0.27573224682411523
0.2854902568570054
0.2952382451281553
0.2807227261136501
0.29048073614654035
0.30380523457519026
0.29286622571818516
0.3188503816976716
0.46023065590902884
0.4619341945855122
0.48791126230939097
0.5331748281910643
0.5541748867870828
0.5994484744304965
0.6447120403121701
0.6629292776379985
0.5784385566215544
0.5917630550502043
0.5808240461931993
0.5941585663835894
0.6074830648122395
0.5913040527012225
0.5993985696376012
0.6074830648122395
0.5913040527012225
0.5993985696376012
0.6074830648122395
0.6158313538785958
0.625337158367745
0.6352444698103629
0.639569623118699
0.6417717131956475
0.6418873685781216
0.6409902898091527
0.6350001766995119
0.6317061745851584
0.628917764633999
0.6274460305564667
0.6480544757993224
0.6666103006103457
0.6868655979348499
0.7073559308968642
0.7148043523773419
0.7226701310944721
0.7281110591619766
0.7343219427103976
0.7382203030721263
0.7407280944699113
0.7422974932530968
0.743291761014113
0.7366940474405769
0.7268708025045346
0.7008406941133397
0.6726238196863913
0.6528411162720807
0.6349667182001889
0.6260366329256754
0.6184612614896895
0.6126687913711355
0.6078686736959804
0.6075103378435133
0.5566390086725028
0.505210811750211
0.4535411401802891
0.4246977458790474
0.3880660519015909
0.3483863955813463
0.3490420798496979
0.19699715762302256
0.1825360566458945
0.20841029625736254
0.2914954126368335
0.2737073254666822
0.2962545788851269
0.2815144540577637
0.26372636688761236
0.286273620306057
0.2715334954786938
0.2537454083085425
0.2796196479200105
0.26820650928567047
0.24775683316110056
0.26764249762512665
0.2753927994626008
0.2800880507016792
0.30263530412012396
0.28789517929276065
0.24095084593977592
0.2849746371504461
0.29547771606791096
0.2747790337157719
0.2849746371504461
0.29547771606791096
0.27644252681228354
0.28830162334346937
0.3004681953574459
0.28143300610181843
0.2932921026330043
0.30545867464698073
0.28642348539135337
0.29828258192253915
0.3140256640940158
0.2985669849958884
0.3266522274736705
0.47045108542785435
0.46763495386321546
0.49571310808538976
0.54339525770989
0.5598756460647861
0.6072503202064955
0.6549324698309955
0.6686300369157017
0.5862404023975533
0.6019834845690298
0.5865248054709025
0.6019604121595883
0.6177034943310649
0.5970048119789259
0.6072004154136
0.6177034943310649
0.5970048119789259
0.6072004154136
0.6177034943310649
0.6277465697109363
0.6380098380045344
0.649015611479714
0.6563266000807991
0.6630617464748251
0.6709641880373611
0.6783476053264662
0.6709859708281067
0.6628271781017853
0.6062486469345973
0.5729464058278331
0.575498755870778
0.5832311226318058
0.5919845261949104
0.6018798422499368
0.5989135366264893
0.596189190314448
0.6002519715842692
0.6052928426009878
0.6105568521487575
0.6537358005505978
0.6697652023830003
0.6861800940183895
0.6955982109556207
0.699151028892446
0.6935604527932338
0.6853277280828998
0.6815949037617107
0.6786742943376928
0.6778705748024578
0.6787365822683221
0.6776559622493776
0.6759226549761894
0.673840698479435
0.6207843478032291
0.5661075323860637
0.5106762911568635
0.48559446651490007
0.4452012028781652
0.4008877223009855
0.40993880048555054
0.25413230859959685
0.23503738336553373
0.2693070168932152
0.34863056361340783
0.3262086521863214
0.3571512995209796
0.338649605034338
0.31622769360725156
0.34717034094190974
0.3286686464552681
0.30624673502818167
0.34051636855586315
0.3253416602622448
0.3002581598807398
0.3285392182609793
0.3325279504391752
0.3325893774213184
0.36353202475597657
0.34503033026933505
0.29345217265941514
0.289048804277585
0.2959229847142814
0.28191868561187333
0.289048804277585
0.2959229847142814
0.283582178708385
0.29237579047060824
0.30091346400381636
0.2885726579979199
0.2973662697601432
0.3059039432933513
0.2935631372874548
0.30235674904967813
0.3144709327403863
0.30570663689198985
0.3307263946008094
0.47089635407422487
0.4747746057593169
0.49978727521252875
0.5438405263562603
0.5670152979608875
0.6113244873336343
0.6553777384773661
0.6757696888118031
0.5903145695246922
0.6024287532154003
0.593664457367004
0.6060345792867273
0.6181487629774355
0.6041444638750273
0.6112745825407389
0.6181487629774355
0.6041444638750273
0.6112745825407389
0.6181487629774355
0.6242304305057903
0.6285332839662134
0.6328273187587236
0.6372389557771874
0.6416171415588512
0.646839764089687
0.652253332383387
0.6437155309805284
0.6356087449912841
0.6301366730571878
0.625287685342756
0.6461006853575565
0.6661727763122338
0.6817289811112324
0.6979843644426418
0.6982869337517991
0.6972451408274384
0.6939065062742342
0.6895298031690695
0.6823119924020357
0.6736045869946486
0.6394975408362487
0.6195312119024301
0.605705125046267
0.594943367807337
0.5938770860023108
0.5939505402325267
0.5941730609709618
0.5944452796395391
0.5955793314567532
0.596617307707565
0.6067982115758658
0.608937453158115
0.6076833868478746
0.5538381935208595
0.4993154631224263
0.4437803939035999
0.4188023972512627
0.37830530562490167
0.33666463292970317
0.3431467312219132
0.18723641134633331
0.17081429399425135
0.20251494762957784
0.18390942515331002
0.26198556281503904
0.2903592302573422
0.27175370778107444
0.25200460423596915
0.28037827167827234
0.26177274920200455
0.2420236456568993
0.2737242992922258
0.25844576300898126
0.23603507050945738
0.26174714899734197
0.2656320531859116
0.26836628805003604
0.29673995549233917
0.27813443301607144
0.22922908328813274
0.15011361702921086
0.15011361702921086
0.15011361702921086
0.15011361702921086
0.15011361702921086
0.15011361702921086
0.15011361702921086
0.15011361702921086
0.15011361702921086
0.15011361702921086
0.15011361702921086
0.15011361702921086
0.15011361702921086
0.15011361702921086
0.15011361702921086
0.15011361702921086
0.15011361702921086
0.15011361702921086
0.15011361702921086
0.15011361702921086
0.15011361702921086
0.15011361702921086
0.15011361702921086
0.1792698632120443
0.08144462200521008
0.08144462200521008
0.08144462200521008
0.08144462200521008
0.08144462200521008
0.08144462200521008
0.08144462200521008
0.08144462200521008
0.08144462200521008
0.08144462200521008
0.08144462200521008
0.08144462200521008
0.08144462200521008
0.08144462200521008
0.08144462200521008
0.08144462200521008
0.08144462200521008
0.08144462200521008
0.08144462200521008
0.08144462200521008
0.08144462200521008
0.08144462200521008
0.08144462200521008
0.08144462200521008
0.08144462200521008
0.08144462200521008
0.08144462200521008
0.08144462200521008
0.08144462200521008
0.08144462200521008
0.08144462200521008
0.08144462200521008
0.08144462200521008
0.08144462200521008
0.08144462200521008
0.08144462200521008
0.08144462200521008
0.08144462200521008
0.08144462200521008
0.08144462200521008
0.08144462200521008
0.08144462200521008
0.08144462200521008
0.08144462200521008
0.08144462200521008
0.08144462200521008
0.08144462200521008
0.08144462200521008
0.08144462200521008
0.08144462200521008
0.08144462200521008
0.08144462200521008
0.08144462200521008
0.08144462200521008
0.08144462200521008
0.08144462200521008
0.1792698632120443
0.1792698632120443
0.1792698632120443
0.1792698632120443
0.1792698632120443
0.1792698632120443
0.1792698632120443
0.1792698632120443
0.1792698632120443
0.1792698632120443
0.1792698632120443
0.1792698632120443
0.1792698632120443
0.1792698632120443
0.1792698632120443
0.15011361702921086
0.15011361702921086
0.15011361702921086
0.15011361702921086
0.15011361702921086
0.15011361702921086
0.15011361702921086
0.15011361702921086
0.15011361702921086
0.15011361702921086
0.15011361702921086
0.15011361702921086
0.15011361702921086
0.15011361702921086
0.15011361702921086
0.15011361702921086
0.15011361702921086
0.15011361702921086
0.15011361702921086
0.15011361702921086
0.15011361702921086
0.15011361702921086
0.15011361702921086
0.15011361702921086
0.1792698632120443
0.08144462200521008
0.08144462200521008
0.08144462200521008
0.08144462200521008
0.08144462200521008
0.08144462200521008
0.08144462200521008
0.08144462200521008
0.08144462200521008
0.08144462200521008
0.08144462200521008
0.08144462200521008
0.08144462200521008
0.08144462200521008
0.08144462200521008
0.08144462200521008
0.08144462200521008
0.08144462200521008
0.08144462200521008
0.08144462200521008
0.08144462200521008
0.08144462200521008
0.08144462200521008
0.08144462200521008
0.08144462200521008
0.08144462200521008
0.08144462200521008
0.08144462200521008
0.08144462200521008
0.08144462200521008
0.08144462200521008
0.08144462200521008
0.08144462200521008
0.08144462200521008
0.08144462200521008
0.08144462200521008
0.08144462200521008
0.08144462200521008
0.08144462200521008
0.08144462200521008
0.08144462200521008
0.08144462200521008
0.08144462200521008
0.08144462200521008
0.08144462200521008
0.08144462200521008
0.08144462200521008
0.08144462200521008
0.08144462200521008
0.08144462200521008
0.08144462200521008
0.08144462200521008
0.08144462200521008
0.08144462200521008
0.08144462200521008
0.08144462200521008
0.1792698632120443
0.1792698632120443
0.1792698632120443
0.1792698632120443
0.1792698632120443
0.1792698632120443
0.1792698632120443
0.1792698632120443
0.1792698632120443
0.1792698632120443
0.1792698632120443
0.1792698632120443
0.1792698632120443
0.1792698632120443
0.1792698632120443
0.15011361702921086
0.3101443275260587
0.3219867571804017
0.2925216586101914
0.3101443275260587
0.3219867571804017
0.29418515170670306
0.313471313719082
0.3269772364699366
0.299175630996238
0.31846179300861693
0.33196771575947154
0.3041661102857729
0.32345227229815177
0.3405347052065065
0.31630960989030793
0.35182191784928313
0.4969601265403451
0.485377578757635
0.5208827984610024
0.5699042988223806
0.5776182709592056
0.6324200105821081
0.6814415109434864
0.5885474206032869
0.6114100927731659
0.6284925256815206
0.604267430365322
0.6271301025352009
0.6442125354435557
0.6147474368733454
0.6323701057892126
0.6442125354435557
0.6147474368733454
0.6323701057892126
0.6442125354435557
0.6520910153434594
0.6554975087396863
0.6566909621400739
0.6591623845354369
0.6617653157330299
0.6636047033016209
0.6654639946724064
0.6574916341810116
0.6505124871700072
0.6490206087427804
0.6475085016928478
0.6723280669565853
0.6977793556216282
0.7212042945719919
0.7461228841882087
0.7562969110347916
0.7654343621832846
0.7695006785081887
0.7728001358265318
0.7743643454562464
0.7747621637431026
0.7755541176297891
0.7753212953560636
0.7677571280665062
0.7566496313674126
0.7301254093263664
0.7026418956856075
0.6821241318156721
0.6649364816810085
0.6573165754599042
0.651069501168691
0.6484138346540677
0.647278652998007
0.6478155213299702
0.5988438843282456
0.5448207980748638
0.48885943006819077
0.46430773220370025
0.42338434178949247
0.3802584490702569
0.3886520661743507
0.23231544751092414
0.21440811013480507
0.24802028258201536
0.22898846131790088
0.30557937895559273
0.33586456520977975
0.31683274394566524
0.29559842037652284
0.32588360663070987
0.30685178536659535
0.285617461797453
0.3192296342446633
0.30352479917357206
0.2796288866500111
0.3072524839497795
0.3107110893505024
0.3119601041905898
0.34224529044477675
0.32321346918066224
0.2728228994286864
0.33567611649908186
0.34867389488117717
0.32205692755011606
0.33567611649908186
0.34867389488117717
0.3237204206466276
0.33900310269210515
0.3536643741707121
0.3287108999361626
0.34399358198164015
0.358654853460247
0.3337013792256975
0.348984061271175
0.36722184290728205
0.34584487883023246
0.37735370682230635
0.5236472642411206
0.5149128476975595
0.5464145874340256
0.596591436523156
0.6071535398991301
0.6579517995551314
0.7081286486442618
0.6180826895432115
0.6369418817461892
0.655179663382296
0.6338026993052466
0.6526618915082242
0.6708996731443312
0.6442827058132699
0.6579018947622358
0.6708996731443312
0.6442827058132699
0.6579018947622358
0.6708996731443312
0.6831911836681154
0.6930583687193266
0.7035428675840705
0.7139018891447294
0.7240054150480388
0.7307685231182247
0.7361442561533648
0.7263973065715094
0.7150732082102637
0.7058668410564347
0.6960482545207257
0.7130663414448787
0.7305844488072142
0.7457442819087298
0.7631935208424023
0.768090128538484
0.7736318457983838
0.7777513830137621
0.7813404963330454
0.784280565392819
0.7861807920822512
0.7871565740064387
0.7877358521100343
0.7868053589296417
0.7843308131045512
0.7806787292133186
0.7759764325570657
0.7736285109681814
0.772233924949963
0.769095775583956
0.7671459248935492
0.764231477378438
0.7609687713530844
0.7552434725990546
0.6992960702928299
0.6392441605791185
0.5777052200707223
0.558731094707955
0.512230131792024
0.4654982150088707
0.4830754286786055
0.3211612375134557
0.2996478760734189
0.3424436450862701
0.3178342513204324
0.3908191448942066
0.43028792771403457
0.40567853394819686
0.38083818631513666
0.4203069691349647
0.395697575369127
0.37085722773606683
0.41365299674891814
0.39237058917610373
0.36486865258862494
0.4016758464540343
0.39955687935303397
0.39719987012920355
0.4366686529490315
0.4120592591831938
0.35806266536730025
0.34829141013252657
0.3601504079570136
0.33580079781224126
0.34829141013252657
0.3601504079570136
0.33746429090875285
0.35161839632554986
0.36514088724654853
0.3424547701982878
0.35660887561508486
0.3701313665360835
0.34744524948782274
0.3615993549046197
0.37869835598311846
0.3595887490923577
0.38996900045575106
0.535123777316957
0.5286567179596848
0.5590298810674703
0.6080679495989926
0.6208974101612554
0.6705670931885761
0.7196051617200983
0.6318265598053368
0.6495571753796339
0.6666561764581325
0.6475465695673719
0.6652771851416689
0.6823761862201676
0.6580265760753952
0.6705171883956805
0.6823761862201676
0.6580265760753952
0.6705171883956805
0.6823761862201676
0.6950154874058244
0.7075031114704642
0.7197754128397753
0.7312432008799274
0.7422085365326202
0.750036884406865
0.7571315560152555
0.7490974353086395
0.7397402539484494
0.7304287549283122
0.7205014498175911
0.7379446271045415
0.7546531999375581
0.7712251965852893
0.7881583702273527
0.7916773687474954
0.7954314145439005
0.7973295984787736
0.7990847759895672
0.8013405164894403
0.8035903040531955
0.807366621260925
0.8104753089524044
0.8127034661317157
0.8140794700017758
0.8131101032842939
0.8119572266012721
0.8106152385816624
0.8093678622407675
0.8079882409095775
0.805640801162603
0.8004710642382052
0.7936375522426812
0.7858674474128147
0.7264617490456082
0.6639065590159863
0.6018638487525533
0.5833934931448227
0.5363887604738549
0.48348814800882894
0.5077378271154732
0.3453198661952866
0.31763780907337713
0.3671060435231379
0.34199288000226336
0.4088090778941648
0.4549503261509023
0.42983716263002775
0.39882811931509493
0.44496936757183236
0.4198562040509579
0.3888471607360251
0.43831539518578577
0.4165292178579346
0.3828585855885832
0.42633824489090205
0.42371550803486485
0.4151898031291618
0.46133105138589925
0.4362178878650247
0.3760525983672585
0.3169939032836904
0.32750805626351276
0.3066308007850269
0.3169939032836904
0.32750805626351276
0.30829429388153856
0.3203208894767137
0.33249853555304765
0.3132847731710735
0.3253113687662486
0.3374890148425826
0.31827525246060845
0.3303018480557835
0.3460560042896176
0.33041875206514343
0.35867149360691486
0.5024814256234561
0.49948672093247054
0.5277323742186341
0.5754255979054916
0.5917274131340411
0.6392695863397398
0.6869628100265974
0.6026565627781225
0.6182596685307976
0.6340138247646316
0.6183765725401575
0.6339796782928326
0.6497338345266668
0.6288565790481808
0.6392196815468443
0.6497338345266668
0.6288565790481808
0.6392196815468443
0.6497338345266668
0.6603419591822699
0.6700278753697418
0.6800055485141003
0.6894909554647051
0.6982526584026006
0.7024096168139744
0.706138431276696
0.6958458627729084
0.6845695437227186
0.6742465259025606
0.6636996651917452
0.6796075581459297
0.6967092174565458
0.7126892629186198
0.7304884213881533
0.7344765702469931
0.7369939527703548
0.7397726387244259
0.7404807551563182
0.7419908316637605
0.7439804423774747
0.7480831927335321
0.7527679712402334
0.7564941543991481
0.7596481198554821
0.7595010600872565
0.7585204045327082
0.758512237130929
0.7575392104770227
0.7544832547276398
0.751405792508699
0.7473498333952123
0.7436117161367257
0.7403823743762156
0.6870566208784573
0.631007408651351
0.5731859676433028
0.5504943427801874
0.5077108793646046
0.46057936095188284
0.4748386767508379
0.3166419850860362
0.29472902201643103
0.33420689315850255
0.3133149988930129
0.3859002908372187
0.42205117578626694
0.4011592815207774
0.37591933225814883
0.4120702172071971
0.3911783229417075
0.365938373679079
0.4054162448211506
0.38785133674868416
0.3599497985316371
0.3934390945262667
0.3950376269256145
0.3922810160722157
0.42843190102126394
0.40754000675577434
0.3531438113103124
0.2821126863303096
0.2863208903059844
0.2771416508776457
0.2821126863303096
0.2863208903059844
0.2788051439741573
0.2854396725233329
0.2913113695955193
0.2837956232636923
0.2904301518128679
0.29630184888505423
0.2887861025532272
0.29542063110240274
0.3048688383320892
0.3009296021577622
0.3237902766535341
0.4612942596659278
0.46999757102508927
0.49285115726525336
0.5342384319479634
0.5622382632266598
0.6043883693863591
0.645775644069069
0.5731674128707412
0.5833784515774169
0.5928266588071033
0.5888874226327763
0.5990984613394519
0.6085466685691383
0.5993674291407997
0.6043384645934636
0.6085466685691383
0.5993674291407997
0.6043384645934636
0.6085466685691383
0.6121410964835595
0.6167507545894984
0.6212872492335004
0.6310714192402286
0.6433377037510133
0.6565078002880521
0.6707068566647141
0.6683699633309705
0.6643299887150679
0.6605526219736988
0.6557007083728712
0.675619627620355
0.6938024906343123
0.7086307126071743
0.7237773171339884
0.7258354796060418
0.7303534551053394
0.735287519406163
0.7413423477385926
0.7465392561235223
0.7502623323872798
0.7542552659308633
0.7583999017752552
0.7611761604602276
0.7627669232234133
0.7578519951329268
0.7520028717694711
0.7456576051889618
0.7389950488802637
0.7350919783603679
0.7313071882304946
0.7298645168587613
0.729308903878697
0.7288225624439778
0.6786652845325646
0.6240361803275324
0.5676313152380253
0.5435231144563688
0.502156226959327
0.4590808668457047
0.46786744842701933
0.31108733268075867
0.2932305279102529
0.32723566483468397
0.30776034648773537
0.3844017967310405
0.4150799474624484
0.3956046291154999
0.3744208381519707
0.4050989888833785
0.38562367053642993
0.36443987957290086
0.3984450164973319
0.3822966843434067
0.35845130442545897
0.3864678662024481
0.389482974520337
0.3907825219660376
0.42146067269744536
0.4019853543504968
0.3516453172041342
0.15011361702921086
0.15011361702921086
0.15011361702921086
0.15011361702921086
0.15011361702921086
0.15011361702921086
0.15011361702921086
0.15011361702921086
0.15011361702921086
0.15011361702921086
0.15011361702921086
0.15011361702921086
0.15011361702921086
0.15011361702921086
0.15011361702921086
0.15011361702921086
0.15011361702921086
0.15011361702921086
0.15011361702921086
0.15011361702921086
0.15011361702921086
0.15011361702921086
0.15011361702921086
0.08144462200521008
0.08144462200521008
0.08144462200521008
0.08144462200521008
0.08144462200521008
0.08144462200521008
0.08144462200521008
0.08144462200521008
0.08144462200521008
0.08144462200521008
0.08144462200521008
0.08144462200521008
0.08144462200521008
0.08144462200521008
0.08144462200521008
0.08144462200521008
0.08144462200521008
0.08144462200521008
0.08144462200521008
0.08144462200521008
0.08144462200521008
0.08144462200521008
0.08144462200521008
0.08144462200521008
0.08144462200521008
0.08144462200521008
0.08144462200521008
0.08144462200521008
0.08144462200521008
0.08144462200521008
0.08144462200521008
0.08144462200521008
0.08144462200521008
0.08144462200521008
0.08144462200521008
0.08144462200521008
0.08144462200521008
0.08144462200521008
0.08144462200521008
0.08144462200521008
0.08144462200521008
0.08144462200521008
0.08144462200521008
0.08144462200521008
0.08144462200521008
0.08144462200521008
0.08144462200521008
0.08144462200521008
0.08144462200521008
0.08144462200521008
0.08144462200521008
0.08144462200521008
0.08144462200521008
0.08144462200521008
0.08144462200521008
0.08144462200521008
0.08144462200521008
0.1792698632120443
0.1792698632120443
0.1792698632120443
0.1792698632120443
0.1792698632120443
0.1792698632120443
0.1792698632120443
0.1792698632120443
0.1792698632120443
0.1792698632120443
0.1792698632120443
0.1792698632120443
0.1792698632120443
0.1792698632120443
0.1792698632120443
0.15011361702921086
0.15011361702921086
0.15011361702921086
0.15011361702921086
0.15011361702921086
0.15011361702921086
0.15011361702921086
0.15011361702921086
0.15011361702921086
0.15011361702921086
0.15011361702921086
0.15011361702921086
0.15011361702921086
0.15011361702921086
0.15011361702921086
0.15011361702921086
0.15011361702921086
0.15011361702921086
0.15011361702921086
0.15011361702921086
0.15011361702921086
0.15011361702921086
0.15011361702921086
0.15011361702921086
0.08144462200521008
0.08144462200521008
0.08144462200521008
0.08144462200521008
0.08144462200521008
0.08144462200521008
0.08144462200521008
0.08144462200521008
0.08144462200521008
0.08144462200521008
0.08144462200521008
0.08144462200521008
0.08144462200521008
0.08144462200521008
0.08144462200521008
0.08144462200521008
0.08144462200521008
0.08144462200521008
0.08144462200521008
0.08144462200521008
0.08144462200521008
0.08144462200521008
0.08144462200521008
0.08144462200521008
0.08144462200521008
0.08144462200521008
0.08144462200521008
0.08144462200521008
0.08144462200521008
0.08144462200521008
0.08144462200521008
0.08144462200521008
0.08144462200521008
0.08144462200521008
0.08144462200521008
0.08144462200521008
0.08144462200521008
0.08144462200521008
0.08144462200521008
0.08144462200521008
0.08144462200521008
0.08144462200521008
0.08144462200521008
0.08144462200521008
0.08144462200521008
0.08144462200521008
0.08144462200521008
0.08144462200521008
0.08144462200521008
0.08144462200521008
0.08144462200521008
0.08144462200521008
0.08144462200521008
0.08144462200521008
0.08144462200521008
0.08144462200521008
0.08144462200521008
0.1792698632120443
0.1792698632120443
0.1792698632120443
0.1792698632120443
0.1792698632120443
0.1792698632120443
0.1792698632120443
0.1792698632120443
0.1792698632120443
0.1792698632120443
0.1792698632120443
0.1792698632120443
0.1792698632120443
0.1792698632120443
0.1792698632120443
0.15011361702921086
0.30297204450162085
0.3093847164298871
0.2963420534674233
0.30297204450162085
0.3093847164298871
0.29800554656393496
0.3062990306946441
0.31437519571942196
0.3029960258534699
0.31128950998417904
0.31936567500895685
0.3079865051430048
0.316279989273714
0.32793266445599184
0.32013000474753983
0.34464963482484523
0.4843580857898305
0.4891979736148669
0.5137105154365645
0.5573022580718661
0.5814386658164375
0.6252477275576702
0.6688394701929716
0.5923678154605189
0.604237809748728
0.6158904849310058
0.608087825222554
0.6199578195107631
0.631610494693041
0.6185678317305773
0.6251978227647748
0.631610494693041
0.6185678317305773
0.6251978227647748
0.631610494693041
0.6376918057764664
0.6435090290198592
0.6492130767111876
0.6514415367285465
0.6522296384138632
0.6495008740777193
0.6460687940519448
0.6318284112438349
0.6183329876663808
0.606600402540702
0.5953819154868085
0.6125036533428285
0.6298969036617491
0.6487460137130265
0.6686008976188595
0.6732649340199296
0.676963689305262
0.6782917641874916
0.678966516245823
0.6772387740079951
0.6743368568204972
0.6693662631935341
0.6636569368569006
0.6598227289728426
0.6566625967835122
0.6553788496429263
0.6543868072349454
0.6512884387234087
0.6473189527317957
0.6410779768811146
0.6343255986671528
0.6294104001829754
0.6251674520791917
0.6242562188663808
0.5728570135865217
0.5196453402384908
0.4658427822435651
0.43913227436732727
0.4003676939648668
0.36003046212663964
0.36347660833797774
0.20929879968629855
0.19418012319118783
0.2228448247456424
0.20597181349327526
0.28535139201197546
0.3106891073734068
0.29381609612103965
0.27537043343290557
0.30070814879433694
0.28383513754196976
0.26538947485383574
0.29405417640829035
0.28050815134894647
0.25940089970639385
0.2820770261134065
0.2876944415258768
0.2917321172469725
0.31706983260840377
0.30019682135603665
0.2525949124850692
0.26593319429918444
0.2737114960838144
0.25786768994504466
0.26593319429918444
0.2737114960838144
0.25953118304155626
0.26926018049220773
0.27870197537334934
0.2645216623310912
0.2742506597817427
0.28369245466288423
0.26951214162062614
0.27924113907127757
0.2922594441099193
0.2816556412251611
0.30761078462240893
0.4486848654437578
0.45072361009248824
0.4766716652341282
0.5216290377257934
0.5429643022940588
0.5882088773552339
0.633166249846899
0.5538934519381402
0.5671989595462917
0.5802172645849333
0.5696134617001752
0.5829189693083268
0.5959372743469683
0.5800934682081985
0.5881589725623384
0.5959372743469683
0.5800934682081985
0.5881589725623384
0.5959372743469683
0.6029977896831686
0.6077985102841895
0.6118826168589308
0.6156277203333483
0.61907131366518
0.6218937916381825
0.6245177111688476
0.6137584996609513
0.6032517529897138
0.596161604832629
0.5895250090658064
0.6105594392018676
0.6316034623189405
0.6473721039723227
0.6627654076684961
0.6644141734976742
0.6669530218432616
0.6752855363763909
0.6851115180473041
0.6962909927281287
0.7087825728022632
0.7191078403828094
0.7295991724698377
0.7352626589042925
0.7384504329846913
0.7396889324519719
0.7397718635542962
0.7349612662135462
0.7277906471994061
0.7157637247721632
0.703617996967548
0.693707126131749
0.6853898223755042
0.6754296303472853
0.614506928953422
0.554204794280935
0.49420927621449373
0.4736917284097714
0.4287341879357955
0.38676993608477783
0.39803606238042194
0.2376652936572271
0.22091959714932602
0.2574042787880865
0.23433830746420384
0.3120908659701137
0.345248561415851
0.32218259009196826
0.3021099073910438
0.3352676028367811
0.31220163151289837
0.29212894881197393
0.3286136304507345
0.3088746453198751
0.2861403736645321
0.31663648015585066
0.3160609354968054
0.3184715912051107
0.3516292866508479
0.3285633153269653
0.27933438644320735
0.3018789202110355
0.3119511058775896
0.2949274210611068
0.3018789202110355
0.3119511058775896
0.29659091415761846
0.3052059064040588
0.31694158516712456
0.30158139344715335
0.3101963856935938
0.3219320644566595
0.3065718727366883
0.3151868649831287
0.3304990539036945
0.3187153723412233
0.34355651053426006
0.48692447523753307
0.4877833412085504
0.5126173911459793
0.5598686475195687
0.5800240334101209
0.624154603267085
0.6714058596406742
0.5909531830542023
0.6031446854581428
0.6184568743787086
0.6066731928162373
0.6188646952201778
0.6341768841407436
0.6171531993242607
0.6241046984741896
0.6341768841407436
0.6171531993242607
0.6241046984741896
0.6341768841407436
0.6439077976412425
0.6557118493892565
0.6684921355608009
0.6770645190972836
0.6842645135284222
0.6892240536953962
0.6935196273491769
0.681279476748735
0.6678083181507901
0.6531571813491474
0.6387348054327927
0.653207701146655
0.6687481976076154
0.6825226618489612
0.6965882412561967
0.6990401364715744
0.7035169089396581
0.7124213060105197
0.7219555630322565
0.7301631203910949
0.7376755787392067
0.7437296222413075
0.7494437618542852
0.7516755536145225
0.7521140138172681
0.7509870091164649
0.7487140860778946
0.7480002742583037
0.7477888165450594
0.7480934146680615
0.7488311446065609
0.7471346685661799
0.744426795493784
0.739599767382552
0.682847780089527
0.6275337445925048
0.5736259622447416
0.5470206787213412
0.5081508739660433
0.4639356757093055
0.4713650126919916
0.3170819796874749
0.2980853367738536
0.33073322909965625
0.31375499349445163
0.3892566055946413
0.4185775117274207
0.4015992761222161
0.3792756470155715
0.40859655314835075
0.3916183175431462
0.36929468843650165
0.4019425807623042
0.38829133135012295
0.36330611328905976
0.38996543046742044
0.3954776215270532
0.39563733082963837
0.42495823696241763
0.4079800013572131
0.356500126067735
0.3260436841672876
0.33313878292852306
0.31774982995052453
0.3260436841672876
0.33313878292852306
0.3194133230470362
0.32937067036031087
0.338129262218058
0.32440380233657107
0.33436114964984576
0.34311974150759295
0.329394281626106
0.3393516289393807
0.35168673095462794
0.34153778123064105
0.367721274490512
0.5081121522884665
0.510605750097968
0.5367821551022313
0.581056324570502
0.6028464422995387
0.6483193672233369
0.6925935366916076
0.6137755919436201
0.6273094494143948
0.6396445514296419
0.6294956017056551
0.64302945917643
0.655364561191677
0.6399756082136784
0.6482694624304415
0.655364561191677
0.6399756082136784
0.6482694624304415
0.655364561191677
0.6625827512987279
0.6700957425851884
0.6776556944761267
0.6862587228156914
0.6953126259844219
0.7024706983475117
0.7095158255234567
0.7003682411319492
0.6897922602535072
0.6799029120999946
0.6694414391700383
0.687318679785681
0.7053508005561409
0.727550904189736
0.7518218213223846
0.7614135539240197
0.7724818387712128
0.7792924184421811
0.7875064813540503
0.7941166723742552
0.7989600293289222
0.8043524053489759
0.8081432482318703
0.8103924788181164
0.8114441419766518
0.8110744833053037
0.8106310360117989
0.8101883874117057
0.8098052524105174
0.807642862767454
0.8054693020152862
0.7997284144558561
0.7924697351829639
0.7820118359697092
0.7211928501346571
0.6615885183393019
0.6019612926787391
0.5810754524681383
0.5364862044000408
0.4882125849268121
0.5054197864387887
0.3454173101214725
0.3223622459913602
0.36478800284645346
0.3420903239284492
0.413533514812148
0.4526322854742179
0.4299346065562136
0.40355255623307806
0.44265132689514797
0.41995364797714374
0.3935715976540082
0.4359973545091014
0.4166266617841205
0.38758302250656634
0.42402020421421754
0.4238129519610508
0.41991424004714495
0.4590130107092148
0.4363153317912106
0.3807770352852416
0.37784179765512815
0.39066165901086103
0.3664164598631364
0.37784179765512815
0.39066165901086103
0.36807995295964807
0.38116878384815145
0.3956521383003959
0.373070432249183
0.38615926313768634
0.4006426175899308
0.3780609115387179
0.3911497424272213
0.40920960703696585
0.39020441114325294
0.41951938797835264
0.5656350283708044
0.55927238001058
0.5885802685900718
0.6385792006528399
0.6515130722121506
0.7001174807111776
0.7501164127739455
0.6624422218562319
0.6791075629022354
0.6971674275119798
0.678162231618267
0.6948275726642704
0.7128874372740148
0.6886422381262903
0.7000675759182822
0.7128874372740148
0.6886422381262903
0.7000675759182822
0.7128874372740148
0.7243278234770003
0.7358078451312524
0.7478396416604031
0.7594385384579708
0.7706731001590097
0.7784851725090359
0.7858356461480868
0.7792655820063471
0.7725354765561377
0.7646285525878791
0.7565205142933951
0.7742448112158611
0.7919603616747488
0.8122185736135042
0.8339407141941692
0.8429728996470233
0.8522191118780476
0.8572918261347924
0.8618306993057426
0.8664044519081009
0.8704987460430588
0.874179084795828
0.8770404997136538
0.8788423921542082
0.8797796267742057
0.8797481880115977
0.8795299287401094
0.8788965985791056
0.878039639712917
0.8760546333860939
0.8734911107596732
0.867749996935045
0.8606205530901855
0.8317670394357582
0.7179119554950101
0.6294256020690671
0.5480821790253186
0.5489125361979036
0.48260709074662045
0.43236466657607286
0.4732568701685541
0.2915381964680521
0.26651432764062105
0.33262508657621875
0.28821121027502883
0.3576855964614087
0.42046936920398315
0.3760554929027933
0.3477046378823388
0.4104884106249133
0.36607453432372333
0.33772367930326896
0.4038344382388667
0.36274754813070004
0.3317351041558271
0.3918572879439829
0.3699338383076304
0.36406632169640574
0.4268500944389801
0.3824362181377902
0.3249291169345024
0.15011361702921086
0.15011361702921086
0.15011361702921086
0.15011361702921086
0.15011361702921086
0.15011361702921086
0.15011361702921086
0.15011361702921086
0.15011361702921086
0.15011361702921086
0.15011361702921086
0.15011361702921086
0.15011361702921086
0.15011361702921086
0.15011361702921086
0.15011361702921086
0.15011361702921086
0.15011361702921086
0.15011361702921086
0.15011361702921086
0.15011361702921086
0.15011361702921086
0.15011361702921086
0.08144462200521008
0.08144462200521008
0.08144462200521008
0.08144462200521008
0.08144462200521008
0.08144462200521008
0.08144462200521008
0.08144462200521008
0.08144462200521008
0.08144462200521008
0.08144462200521008
0.08144462200521008
0.08144462200521008
0.08144462200521008
0.08144462200521008
0.08144462200521008
0.08144462200521008
0.08144462200521008
0.08144462200521008
0.08144462200521008
0.08144462200521008
0.08144462200521008
0.08144462200521008
0.08144462200521008
0.08144462200521008
0.08144462200521008
0.08144462200521008
0.08144462200521008
0.08144462200521008
0.08144462200521008
0.08144462200521008
0.08144462200521008
0.08144462200521008
0.08144462200521008
0.08144462200521008
0.08144462200521008
0.08144462200521008
0.08144462200521008
0.08144462200521008
0.08144462200521008
0.08144462200521008
0.08144462200521008
0.08144462200521008
0.08144462200521008
0.08144462200521008
0.08144462200521008
0.08144462200521008
0.08144462200521008
0.08144462200521008
0.08144462200521008
0.08144462200521008
0.08144462200521008
0.08144462200521008
0.08144462200521008
0.08144462200521008
0.08144462200521008
0.08144462200521008
0.1792698632120443
0.1792698632120443
0.1792698632120443
0.1792698632120443
0.1792698632120443
0.1792698632120443
0.1792698632120443
0.1792698632120443
0.1792698632120443
0.1792698632120443
0.1792698632120443
0.1792698632120443
0.1792698632120443
0.1792698632120443
0.1792698632120443
0.15011361702921086
0.15011361702921086
0.15011361702921086
0.15011361702921086
0.15011361702921086
0.15011361702921086
0.15011361702921086
0.15011361702921086
0.15011361702921086
0.15011361702921086
0.15011361702921086
0.15011361702921086
0.15011361702921086
0.15011361702921086
0.15011361702921086
0.15011361702921086
0.15011361702921086
0.15011361702921086
0.15011361702921086
0.15011361702921086
0.15011361702921086
0.15011361702921086
0.15011361702921086
0.15011361702921086
0.08144462200521008
0.08144462200521008
0.08144462200521008
0.08144462200521008
0.08144462200521008
0.08144462200521008
0.08144462200521008
0.08144462200521008
0.08144462200521008
0.08144462200521008
0.08144462200521008
0.08144462200521008
0.08144462200521008
0.08144462200521008
0.08144462200521008
0.08144462200521008
0.08144462200521008
0.08144462200521008
0.08144462200521008
0.08144462200521008
0.08144462200521008
0.08144462200521008
0.08144462200521008
0.08144462200521008
0.08144462200521008
0.08144462200521008
0.08144462200521008
0.08144462200521008
0.08144462200521008
0.08144462200521008
0.08144462200521008
0.08144462200521008
0.08144462200521008
0.08144462200521008
0.08144462200521008
0.08144462200521008
0.08144462200521008
0.08144462200521008
0.08144462200521008
0.08144462200521008
0.08144462200521008
0.08144462200521008
0.08144462200521008
0.08144462200521008
0.08144462200521008
0.08144462200521008
0.08144462200521008
0.08144462200521008
0.08144462200521008
0.08144462200521008
0.08144462200521008
0.08144462200521008
0.08144462200521008
0.08144462200521008
0.08144462200521008
0.08144462200521008
0.08144462200521008
0.1792698632120443
0.1792698632120443
0.1792698632120443
0.1792698632120443
0.1792698632120443
0.1792698632120443
0.1792698632120443
0.1792698632120443
0.1792698632120443
0.1792698632120443
0.1792698632120443
0.1792698632120443
0.1792698632120443
0.1792698632120443
0.1792698632120443
0.15011361702921086
0.38059973299025485
0.3873268868740716
0.37330684762745286
0.38059973299025485
0.3873268868740716
0.3749703407239645
0.3839267191832781
0.39231736616360646
0.37996082001349946
0.38891719847281303
0.39730784545314135
0.3849512993030344
0.393907677762348
0.43074574357551887
0.42196570758291185
0.4222773233134792
0.5623002562340149
0.5661627677748965
0.5913382039251985
0.6352444285160505
0.6584034599764671
0.7028754160463042
0.746781640637156
0.6693326096205484
0.681865498237362
0.6938326553751903
0.6850526193825835
0.6975855079993971
0.7095526651372254
0.6955326258906068
0.7028255112534086
0.7095526651372254
0.6955326258906068
0.7028255112534086
0.7095526651372254
0.7175899709112988
0.7215779780052761
0.7252986890387121
0.7284174581727448
0.7310923642020537
0.7335346527215835
0.7359391859005675
0.725821964674487
0.715116190900086
0.7049726603370726
0.6942417746158012
0.7076741405697586
0.7218463032450892
0.738076505278477
0.756327696325501
0.7639091140628286
0.7720036722050057
0.7772445900158024
0.7821505937300074
0.7862928140212284
0.7897114442186329
0.7927815743507801
0.7946145840041565
0.7952697314972174
0.7951058269845023
0.7964249429546488
0.7981552002991268
0.8000289281424705
0.8020105906734988
0.8010484706602004
0.7998170515980014
0.7978022954720358
0.7952934295611392
0.789663219445687
0.7345025899452973
0.6764517694389928
0.6170585841972532
0.5959387035678292
0.5515834959185548
0.5045593307764683
0.5202830375384797
0.3605146016399866
0.33870899184101644
0.37965125394614435
0.3571876154469633
0.4298802606618041
0.46749553657390874
0.4450318980747277
0.4198993020827343
0.4575145779948389
0.4350509394956579
0.40991834350366446
0.4508606056087923
0.4317239533026346
0.4039297683562226
0.4388834553139085
0.4389102434795648
0.4362609858968012
0.4738762618089057
0.45141262330972465
0.3971237811348978
0.32832851563828974
0.3404066188201191
0.3153821663327715
0.32832851563828974
0.3404066188201191
0.31704565942928314
0.33165550183131304
0.345397098109654
0.32203613871881803
0.336645981120848
0.3503875773991889
0.327026618008353
0.34163646041038287
0.35895456684622395
0.33917011761288796
0.3700061059615142
0.5153799881800625
0.5082380864802151
0.5390669865732335
0.5883241604620981
0.6004787786817856
0.6506041986943392
0.6998613725832037
0.611407928325867
0.629594280885397
0.646912387321238
0.6271279380879021
0.6453142906474321
0.662632397083273
0.6376079445959254
0.6505542939014437
0.662632397083273
0.6376079445959254
0.6505542939014437
0.662632397083273
0.6745176063573801
0.6811141040863081
0.6871568218368739
0.6926483608922833
0.6968601730474505
0.7013967044115329
0.705993220863973
0.6977423665981546
0.6883817047787949
0.680194245605636
0.672106647971291
0.6884584132411756
0.705583463500837
0.7157050665092087
0.7284415027194326
0.7290476602933553
0.7295274885807496
0.7348486187997864
0.7401551141922662
0.7441561110781371
0.7481042058930089
0.7535197472034928
0.7587830180599807
0.7638800933740298
0.7683100456179166
0.7705448520622457
0.7717465068715573
0.7720538966583317
0.7712090484276583
0.7689826132753677
0.7664728382221445
0.7636389693606158
0.7606350321232342
0.7559906647081756
0.7029562860963556
0.6477732547509703
0.5915031240048637
0.5672601888798067
0.5260280357261655
0.48173217400197893
0.4916045228504572
0.3349591414475971
0.3158818350665271
0.35097273925812184
0.3316321552545738
0.4070531038873148
0.4388170218858863
0.41947643788233824
0.397072145308245
0.42883606330681634
0.4094954793032684
0.3870911867291751
0.42218209092076975
0.4061684931102451
0.3811026115817332
0.410204940625886
0.4133547832871754
0.4134338291223118
0.4451977471208832
0.4258571631173353
0.3742966243604085
0.3592898419666517
0.37137625362764065
0.34719554066022307
0.3592898419666517
0.37137625362764065
0.3488590337567347
0.362616828159675
0.3763667329171756
0.3538495130462697
0.36760730744920994
0.3813572122067105
0.35883999233580455
0.37259778673874483
0.38992420165374553
0.3709834919403396
0.40096743228987614
0.546349622987584
0.5400514608076666
0.5700283129015954
0.6192937952696196
0.6322921530092372
0.6815655250227011
0.7308310073907253
0.6432213026533186
0.6605556072137589
0.6778820221287596
0.6589413124153537
0.6762756169757941
0.6936020318907946
0.6694213189233771
0.6815156202298056
0.6936020318907946
0.6694213189233771
0.6815156202298056
0.6936020318907946
0.7075942513259539
0.7171220659509028
0.7266567155710051
0.7360935256707654
0.7454930229363907
0.7504598285834213
0.7547993573785932
0.745540543149992
0.7351072760326641
0.7275224331281003
0.7199775897763843
0.7369804270672503
0.7544260669436909
0.7673793812048301
0.7817962772222806
0.7841739514434443
0.7874094757020125
0.7901038336758445
0.7941539088682522
0.7967471472778116
0.7971576920227195
0.7962584130568431
0.7941662374624516
0.7917893268442595
0.7893366685245765
0.7915066363773577
0.7937827507482941
0.7980499510516116
0.8041856499326641
0.8056117907278605
0.8078036493518989
0.8072157365086321
0.8054425205452902
0.7996230025203336
0.7436985388354105
0.6839284254075226
0.6234189376226484
0.6034153595363589
0.5579438493439502
0.5123981519915763
0.5277596935070095
0.366874955065382
0.34654781305612453
0.3871279099146742
0.3635479688723587
0.4377190818769122
0.4749721925424386
0.4513922515001231
0.4277381232978424
0.46499123396336867
0.44141129292105313
0.41775716471877256
0.4583372615773221
0.43808430672802984
0.41176858957133067
0.44636011128243835
0.44527059690496024
0.44409980711190916
0.48135291777743555
0.45777297673512
0.4049626023500059
0.32563782889158305
0.3377680600419041
0.31351576865188047
0.32563782889158305
0.3377680600419041
0.3151792617483921
0.32896481508460634
0.342758539331439
0.320169741037927
0.33395529437414123
0.34774901862097385
0.32516022032746195
0.3389457736636762
0.35631600806800895
0.3373037199319969
0.3673154192148074
0.5127414294018475
0.506371688799324
0.5363762998265268
0.5856856016838831
0.5986123810008945
0.6479135119476325
0.6972228138049886
0.609541530644976
0.6269035941386903
0.644273828543023
0.625261540407011
0.6426236039007253
0.659993838305058
0.6357415469150344
0.647863607154737
0.659993838305058
0.6357415469150344
0.647863607154737
0.659993838305058
0.6722898801649805
0.6815098892642399
0.6903868183721651
0.698436401462898
0.7058249585822081
0.7113207521409878
0.7162108493880222
0.7076749152630535
0.6980883985845919
0.691601979746905
0.6861184288003714
0.7071274673737371
0.7294901052672127
0.7475006972803525
0.7664662834243829
0.7733960410316384
0.7800399091803438
0.7855132437371094
0.7902551339821062
0.7941581373994953
0.797250185073243
0.8041237663082089
0.8099805380194458
0.8151447342427538
0.8196982145405575
0.8182910003504863
0.8164436135007035
0.8132263911529207
0.8093915270889404
0.8077714779605432
0.8060806376394046
0.8038192967991307
0.801226486747901
0.7943877685526739
0.7388321430343364
0.6804176848319733
0.6208400008825311
0.5999046189608097
0.5553649126038329
0.5087419762643325
0.5242489529314602
0.36429601832526465
0.34289163732888067
0.3836171693391249
0.36096903213224135
0.43406290614966836
0.4714614519668893
0.44881331476000574
0.4240819475705985
0.4614804933878194
0.4388323561809358
0.4141009889915287
0.45482652100177284
0.4355053699879125
0.4081124138440868
0.442849370706889
0.4426916601648429
0.4404436313846654
0.4778421772018862
0.4551940399950027
0.40130642662276206
0.401180054306997
0.4160329869618366
0.38671336865652994
0.401180054306997
0.4160329869618366
0.3883768617530416
0.4045070405000203
0.42102346625137155
0.3933673410425765
0.40949751978955523
0.4260139455409064
0.3983578203321114
0.4144879990790901
0.4345809349879415
0.41050131993664646
0.4428576446302214
0.59100635632178
0.5795692888039735
0.6119185252419407
0.6639505286038155
0.6718099810055441
0.7234557373630464
0.7754877407249211
0.6827391306496254
0.7024458195541042
0.7225387554629554
0.6984591404116606
0.7181658293161394
0.7382587652249905
0.7089391469196838
0.7234058325701509
0.7382587652249905
0.7089391469196838
0.7234058325701509
0.7382587652249905
0.7545086799511835
0.7663979499073053
0.7779992949299513
0.7883042612263875
0.7972517751808558
0.801686959112405
0.8048661138834643
0.794206291066813
0.7826934193779932
0.773358911370969
0.7636671561253638
0.7794509833555717
0.7958014407708548
0.811954008823378
0.8298510115945846
0.8356293455961513
0.8413399133637245
0.8434841064569492
0.8443868002726107
0.8437938687283252
0.843542218965114
0.8463874457304286
0.8491856810598659
0.851401109623907
0.8531498656496296
0.8520250392496341
0.8499723237760745
0.8472245999009645
0.8439072301460956
0.8402168361826942
0.8362179785294599
0.8312390188318939
0.8258080608094304
0.8183056779593901
0.7607526251002755
0.6997891535976173
0.637636662503908
0.6192760877264536
0.5721615742252097
0.5218594829371165
0.543620421697104
0.3810926799466415
0.35600914400166467
0.4029886381047688
0.3777656937536182
0.44718041282245236
0.4908329207325332
0.4656099763813826
0.4371994542433825
0.48085196215346326
0.45562901780231274
0.42721849566431264
0.4741979897674167
0.45230203160928945
0.4212299205168708
0.46222083947253295
0.4594883217862197
0.4535611380574494
0.49721364596753015
0.4719907016163795
0.41442393329554605
0.15011361702921086
0.15011361702921086
0.15011361702921086
0.15011361702921086
0.15011361702921086
0.15011361702921086
0.15011361702921086
0.15011361702921086
0.15011361702921086
0.15011361702921086
0.15011361702921086
0.15011361702921086
0.15011361702921086
0.15011361702921086
0.15011361702921086
0.15011361702921086
0.15011361702921086
0.15011361702921086
0.15011361702921086
0.15011361702921086
0.15011361702921086
0.15011361702921086
0.15011361702921086
0.08144462200521008
0.08144462200521008
0.08144462200521008
0.08144462200521008
0.08144462200521008
0.08144462200521008
0.08144462200521008
0.08144462200521008
0.08144462200521008
0.08144462200521008
0.08144462200521008
0.08144462200521008
0.08144462200521008
0.08144462200521008
0.08144462200521008
0.08144462200521008
0.08144462200521008
0.08144462200521008
0.08144462200521008
0.08144462200521008
0.08144462200521008
0.08144462200521008
0.08144462200521008
0.08144462200521008
0.08144462200521008
0.08144462200521008
0.08144462200521008
0.08144462200521008
0.08144462200521008
0.08144462200521008
0.08144462200521008
0.08144462200521008
0.08144462200521008
0.08144462200521008
0.08144462200521008
0.08144462200521008
0.08144462200521008
0.08144462200521008
0.08144462200521008
0.08144462200521008
0.08144462200521008
0.08144462200521008
0.08144462200521008
0.08144462200521008
0.08144462200521008
0.08144462200521008
0.08144462200521008
0.08144462200521008
0.08144462200521008
0.08144462200521008
0.08144462200521008
0.08144462200521008
0.08144462200521008
0.08144462200521008
0.08144462200521008
0.08144462200521008
0.08144462200521008
0.08144462200521008
0.1792698632120443
0.1792698632120443
0.1792698632120443
0.1792698632120443
0.1792698632120443
0.1792698632120443
0.1792698632120443
0.1792698632120443
0.1792698632120443
0.1792698632120443
0.1792698632120443
0.1792698632120443
0.1792698632120443
0.1792698632120443
0.15011361702921086
0.15011361702921086
0.15011361702921086
0.15011361702921086
0.15011361702921086
0.15011361702921086
0.15011361702921086
0.15011361702921086
0.15011361702921086
0.15011361702921086
0.15011361702921086
0.15011361702921086
0.15011361702921086
0.15011361702921086
0.15011361702921086
0.15011361702921086
0.15011361702921086
0.15011361702921086
0.15011361702921086
0.15011361702921086
0.15011361702921086
0.15011361702921086
0.15011361702921086
0.15011361702921086
0.08144462200521008
0.08144462200521008
0.08144462200521008
0.08144462200521008
0.08144462200521008
0.08144462200521008
0.08144462200521008
0.08144462200521008
0.08144462200521008
0.08144462200521008
0.08144462200521008
0.08144462200521008
0.08144462200521008
0.08144462200521008
0.08144462200521008
0.08144462200521008
0.08144462200521008
0.08144462200521008
0.08144462200521008
0.08144462200521008
0.08144462200521008
0.08144462200521008
0.08144462200521008
0.08144462200521008
0.08144462200521008
0.08144462200521008
0.08144462200521008
0.08144462200521008
0.08144462200521008
0.08144462200521008
0.08144462200521008
0.08144462200521008
0.08144462200521008
0.08144462200521008
0.08144462200521008
0.08144462200521008
0.08144462200521008
0.08144462200521008
0.08144462200521008
0.08144462200521008
0.08144462200521008
0.08144462200521008
0.08144462200521008
0.08144462200521008
0.08144462200521008
0.08144462200521008
0.08144462200521008
0.08144462200521008
0.08144462200521008
0.08144462200521008
0.08144462200521008
0.08144462200521008
0.08144462200521008
0.08144462200521008
0.08144462200521008
0.08144462200521008
0.08144462200521008
0.08144462200521008
0.1792698632120443
0.1792698632120443
0.1792698632120443
0.1792698632120443
0.1792698632120443
0.1792698632120443
0.1792698632120443
0.1792698632120443
0.1792698632120443
0.1792698632120443
0.1792698632120443
0.1792698632120443
0.1792698632120443
0.1792698632120443
0.15011361702921086
0.4282375734484371
0.43950681371733546
0.4175932366697364
0.4282375734484371
0.43950681371733546
0.41925672976624795
0.4315645596414604
0.4444972930068704
0.42424720905578295
0.43655503893099534
0.4494877722964053
0.4292376883453179
0.44154551822053023
0.5208550282593954
0.5041814544658081
0.46991516377166154
0.6144801830772789
0.6104491568171799
0.6389760443833807
0.6874243553593145
0.7026898490187505
0.7505132565044865
0.79896156748042
0.7136189986628318
0.7295033386955443
0.7460125822184543
0.729339008424867
0.7452233484575794
0.7617325919804894
0.7398190149328903
0.7504633517115911
0.7617325919804894
0.7398190149328903
0.7504633517115911
0.7617325919804894
0.7736234468313854
0.7827891278312473
0.7914432580496227
0.7992166682263608
0.8063173638188285
0.8114093307808314
0.8162754936265753
0.8070719648105397
0.7977084020893764
0.7915324588780929
0.784933290876512
0.803469721230834
0.8235957063465575
0.8358740079608172
0.8501865204353238
0.8463748507004374
0.8401882962192293
0.8313272763529007
0.8206028681028797
0.8120725159514638
0.8046502698225659
0.7975863377315784
0.7907287546576526
0.7871207823190548
0.7848903171452918
0.7875450083180565
0.7902443400297791
0.7886858262228092
0.7852361678392551
0.7757756803842126
0.765439643344311
0.7544151340500449
0.7430217502219775
0.7297081477977204
0.6657607677925624
0.5991309317746522
0.5306414338990868
0.5186178659034886
0.4651663456203885
0.4153509565749951
0.4429621998741391
0.2740974513418201
0.24950061763954326
0.3023304162818038
0.2707704651487968
0.2428466452534967
0.39017469890956824
0.35861474777656127
0.33069092788126103
0.3801937403304983
0.3486337891974914
0.3207099693021912
0.37353976794445176
0.3453068030044681
0.3147213941547493
0.36156261764956793
0.35249309318139843
0.347052611695328
0.3965554241445652
0.36499547301155827
0.3079154069334246
0.2384550197878987
0.23898362056516112
0.2371033917187533
0.2384550197878987
0.23898362056516112
0.23876688481526495
0.241782005980922
0.24397409985469604
0.24375736410479987
0.24677248527045698
0.24896457914423095
0.2487478433943348
0.2517629645599918
0.2575315685912659
0.2608913429988698
0.2801326101111231
0.4139569899251045
0.4299593118661969
0.4491934907228424
0.48690116220714
0.5222000040677675
0.5607307028439481
0.5984383743282458
0.5331291537118489
0.539720785035006
0.54548938906628
0.5488491634738839
0.555440794797041
0.561209398828315
0.5593291699819072
0.5606807980510526
0.561209398828315
0.5593291699819072
0.5606807980510526
0.561209398828315
0.5614104253272182
0.5637277028021468
0.5659342304392853
0.5689943586033958
0.572298022352983
0.5765336658569583
0.5810710234717795
0.5701679175756595
0.558139828278338
0.5450323242975421
0.5312523018034901
0.5454216653052738
0.5601362579207
0.5737854487486148
0.5877629397445897
0.5907241082398899
0.5942178905854929
0.5992082545933349
0.6056695496201473
0.6132060686451419
0.6217284369676666
0.6320188776079534
0.6429915446080499
0.6501509603522541
0.6556728781650996
0.6591920323646893
0.6616453240447823
0.6613053718582352
0.6595811502180112
0.6550439993218241
0.6490932827813556
0.6441366387790096
0.6394100189163245
0.6353016828974106
0.581568221397735
0.529289550808737
0.4779294632033116
0.4487764849375734
0.41245437492461323
0.37354414927752416
0.3731208189082239
0.22138548064604496
0.20769381034207235
0.23248903531588852
0.21805849445302167
0.20103983795602579
0.32033331794365294
0.30590277708078606
0.28888412058379015
0.31035235936458305
0.29592181850171617
0.27890316200472026
0.3036983869785365
0.2925948323086929
0.2729145868572784
0.29172123668365263
0.2997811224856232
0.30524580439785703
0.3267140431786499
0.31228350231578306
0.26610859963595374
0.31594518672920613
0.32324718323015234
0.30816112313860106
0.31594518672920613
0.32324718323015234
0.30982461623511265
0.3192721729222294
0.3282376625196873
0.31481509552464765
0.3242626522117643
0.3332281418092221
0.3198055748141825
0.32925313150129926
0.34179513125625716
0.3319490744187175
0.35762277705243056
0.4982205525900958
0.5010170432860446
0.5266836576641498
0.5711647248721313
0.5932577354876152
0.6382208697852555
0.6827019369932369
0.6041868851316965
0.6172109519763133
0.6297529517312712
0.6199068948937316
0.6329309617383484
0.6454729614933062
0.630386901401755
0.6381709649923599
0.6454729614933062
0.630386901401755
0.6381709649923599
0.6454729614933062
0.6536186764490329
0.6612812013325741
0.6690223338498156
0.6788601059869069
0.6900580850209361
0.6998057188349712
0.7099400993719012
0.7043673745123629
0.6969195113950075
0.6919507873066597
0.6864165020207794
0.7065515307635984
0.7270174370968044
0.7470834425677797
0.7682121191724554
0.7769441911165605
0.7856557628929952
0.7917790056525322
0.7979925553608577
0.803979822075189
0.8096487408926261
0.8172474707288198
0.8242842396278116
0.8305874758167737
0.8363363949261181
0.8322458218491479
0.8275393771636818
0.8218026305901409
0.8152465922033556
0.8148590716744166
0.814503104942089
0.8135899869478938
0.812469965679366
0.8061706797313881
0.7490103089621792
0.6859411721472518
0.6218517499277239
0.6054281062760881
0.5563766616490256
0.5055868183710459
0.5297724402467386
0.3653077673704572
0.33973647943559404
0.38914065665440334
0.36198078117743393
0.3330825070495475
0.47698493928216773
0.4498250638051983
0.4209267896773119
0.4670039807030978
0.4398441052261285
0.41094583109824206
0.46035000831705125
0.4365171190331052
0.4049572559508002
0.4483728580221675
0.44370340921003554
0.4372884734913788
0.4833656645171647
0.45620578904019526
0.3981512687294755
0.43316764577531064
0.44513134775284235
0.42108749588040384
0.43316764577531064
0.44513134775284235
0.4227509889769154
0.4364946319683339
0.4501218270423773
0.4277414682664504
0.4414851112578688
0.45511230633191213
0.4327319475559853
0.44647559054740377
0.46367929577894723
0.44487544716052035
0.47484523609853513
0.6201047171127858
0.6139434160278474
0.6439061167102543
0.6930488893948213
0.7061841082294179
0.75544332883136
0.8045861015159269
0.7171132578734993
0.7344334110224178
0.7516371162539612
0.7328332676355345
0.750153420784453
0.7673571260159963
0.7433132741435577
0.7553934240384645
0.7673571260159963
0.7433132741435577
0.7553934240384645
0.7673571260159963
0.7797710891558762
0.789118836524383
0.7985617144302358
0.8071911699346647
0.815226609811488
0.8201111564905111
0.8244580219008939
0.814379601950288
0.8033453957276172
0.7948128758975995
0.7859441076345377
0.803330105427564
0.8215243583998448
0.8398286886129095
0.8602525399129858
0.8685397748997776
0.8767080959292649
0.881949975789477
0.8865011594971239
0.8904242882129484
0.8943115775246169
0.9001711481708933
0.9055995199350451
0.9098470590183203
0.913157015975992
0.9115851856242674
0.9094272899777243
0.9047029323400739
0.8992182428910133
0.892177512062373
0.8850240277935773
0.8786214680018452
0.8737622629015538
0.8689209881255995
0.8135085724371642
0.7546420244457398
0.6950395865326501
0.6741289585745762
0.6295644982539519
0.5841254493449572
0.5984732925452267
0.4384956039753835
0.41827511040950544
0.4578415089528914
0.4351686177823602
0.41162113802345884
0.5456857915806558
0.5230129004101246
0.49946542065122324
0.5357048330015859
0.5130319418310547
0.4894844620721534
0.5290508606155393
0.5097049556380314
0.4834958869247115
0.5170737103206555
0.5168912458149618
0.5158271044652901
0.5520665168156527
0.5293936256451216
0.4766898997033868
0.37602407771529633
0.3830070418958987
0.3690640543687974
0.37602407771529633
0.3830070418958987
0.37072754746530906
0.37935106390831963
0.3879975211854336
0.37571802675484395
0.3843415431978546
0.3929880004749685
0.3807085060443789
0.38933202248738946
0.4643552564379587
0.45565227216486903
0.4177016680385208
0.5579804112558421
0.561919974516241
0.5867625486502401
0.6309245835378777
0.6541606667178116
0.6982997607713458
0.7424617956589833
0.6650898163618929
0.6772898429624036
0.6895128103970176
0.680809826123928
0.6930098527244386
0.7052328201590526
0.6912898326319514
0.6982498559784504
0.7052328201590526
0.6912898326319514
0.6982498559784504
0.7052328201590526
0.7127827348787398
0.7214684066507709
0.7302564773675286
0.739035861997337
0.7477394959365699
0.7533624405819647
0.7585610446172577
0.750489417405396
0.7413903749582388
0.7340181321510313
0.726893823537806
0.7452001130552417
0.764885497236063
0.7824533330829799
0.80107465333611
0.8074455543270864
0.813118032899807
0.8202437878702056
0.8266429836521284
0.8327959603758058
0.83788688686158
0.8409222612018112
0.8434265588770771
0.8447406130175605
0.8454068236722021
0.8461865610015827
0.8466385770559088
0.8465746939577921
0.8466964215569031
0.843666637251286
0.8405316845089076
0.8371051415506128
0.8333425363638154
0.8270119550366685
0.7709086469461889
0.7121449136528757
0.6518888808799125
0.6316318477817121
0.5864137926012143
0.540290115676825
0.5559761817523626
0.3953448983226459
0.3744397767413732
0.4153443981600274
0.39201791212962267
0.3677858043553266
0.5031886807877918
0.4798621947573871
0.455630086983091
0.49320772220872183
0.4698812361783172
0.44564912840402116
0.4865537498226753
0.4665542499852939
0.43966055325657927
0.4745765995277915
0.4737405401622242
0.4719917707971579
0.5095694060227888
0.48624291999238406
0.4328545660352545
0.15011361702921086
0.15011361702921086
0.15011361702921086
0.15011361702921086
0.15011361702921086
0.15011361702921086
0.15011361702921086
0.15011361702921086
0.15011361702921086
0.15011361702921086
0.15011361702921086
0.15011361702921086
0.15011361702921086
0.15011361702921086
0.15011361702921086
0.15011361702921086
0.15011361702921086
0.15011361702921086
0.15011361702921086
0.15011361702921086
0.15011361702921086
0.15011361702921086
0.15011361702921086
0.08144462200521008
0.08144462200521008
0.08144462200521008
0.08144462200521008
0.08144462200521008
0.08144462200521008
0.08144462200521008
0.08144462200521008
0.08144462200521008
0.08144462200521008
0.08144462200521008
0.08144462200521008
0.08144462200521008
0.08144462200521008
0.08144462200521008
0.08144462200521008
0.08144462200521008
0.08144462200521008
0.08144462200521008
0.08144462200521008
0.08144462200521008
0.08144462200521008
0.08144462200521008
0.08144462200521008
0.08144462200521008
0.08144462200521008
0.08144462200521008
0.08144462200521008
0.08144462200521008
0.08144462200521008
0.08144462200521008
0.08144462200521008
0.08144462200521008
0.08144462200521008
0.08144462200521008
0.08144462200521008
0.08144462200521008
0.08144462200521008
0.08144462200521008
0.08144462200521008
0.08144462200521008
0.08144462200521008
0.08144462200521008
0.08144462200521008
0.08144462200521008
0.08144462200521008
0.08144462200521008
0.08144462200521008
0.08144462200521008
0.08144462200521008
0.08144462200521008
0.08144462200521008
0.08144462200521008
0.08144462200521008
0.08144462200521008
0.08144462200521008
0.08144462200521008
0.08144462200521008
0.1792698632120443
0.1792698632120443
0.1792698632120443
0.1792698632120443
0.1792698632120443
0.1792698632120443
0.1792698632120443
0.1792698632120443
0.1792698632120443
0.1792698632120443
0.1792698632120443
0.1792698632120443
0.1792698632120443
0.1792698632120443
0.15011361702921086
0.15011361702921086
0.15011361702921086
0.15011361702921086
0.15011361702921086
0.15011361702921086
0.15011361702921086
0.15011361702921086
0.15011361702921086
0.15011361702921086
0.15011361702921086
0.15011361702921086
0.15011361702921086
0.15011361702921086
0.15011361702921086
0.15011361702921086
0.15011361702921086
0.15011361702921086
0.15011361702921086
0.15011361702921086
0.15011361702921086
0.15011361702921086
0.15011361702921086
0.15011361702921086
0.08144462200521008
0.08144462200521008
0.08144462200521008
0.08144462200521008
0.08144462200521008
0.08144462200521008
0.08144462200521008
0.08144462200521008
0.08144462200521008
0.08144462200521008
0.08144462200521008
0.08144462200521008
0.08144462200521008
0.08144462200521008
0.08144462200521008
0.08144462200521008
0.08144462200521008
0.08144462200521008
0.08144462200521008
0.08144462200521008
0.08144462200521008
0.08144462200521008
0.08144462200521008
0.08144462200521008
0.08144462200521008
0.08144462200521008
0.08144462200521008
0.08144462200521008
0.08144462200521008
0.08144462200521008
0.08144462200521008
0.08144462200521008
0.08144462200521008
0.08144462200521008
0.08144462200521008
0.08144462200521008
0.08144462200521008
0.08144462200521008
0.08144462200521008
0.08144462200521008
0.08144462200521008
0.08144462200521008
0.08144462200521008
0.08144462200521008
0.08144462200521008
0.08144462200521008
0.08144462200521008
0.08144462200521008
0.08144462200521008
0.08144462200521008
0.08144462200521008
0.08144462200521008
0.08144462200521008
0.08144462200521008
0.08144462200521008
0.08144462200521008
0.08144462200521008
0.08144462200521008
0.1792698632120443
0.1792698632120443
0.1792698632120443
0.1792698632120443
0.1792698632120443
0.1792698632120443
0.1792698632120443
0.1792698632120443
0.1792698632120443
0.1792698632120443
0.1792698632120443
0.1792698632120443
0.1792698632120443
0.1792698632120443
0.15011361702921086
0.4986986041565825
0.517612711574591
0.47978299858110274
0.4986986041565825
0.517612711574591
0.48144649167761433
0.5020255903496058
0.5226031908641259
0.48643697096714933
0.5070160696391407
0.5275936701536609
0.4914274502566843
0.5120065489286756
0.6384413625559191
0.6058516528164425
0.540376194479807
0.6925860809345343
0.6726389187285463
0.7094370750915262
0.76553025321657
0.7648796109301169
0.8209742872126319
0.8770674653376755
0.7758087605741981
0.7999643694036896
0.8241184800757099
0.7915287703362333
0.8156843791657248
0.8398384898377449
0.8020087768442566
0.8209243824197364
0.8398384898377449
0.8020087768442566
0.8209243824197364
0.8398384898377449
0.8593303411436718
0.8690817672561744
0.8779526431061653
0.8859494567979828
0.8926478391304772
0.8994876595451095
0.9055258116993091
0.897221316071758
0.8875595010066027
0.8793367147776956
0.870591429774608
0.8888373823997323
0.9072796036526597
0.9232586838594038
0.9406623887008165
0.9453548499907078
0.9499852051589841
0.9514687706553782
0.9529726796907562
0.9546574580655021
0.9558787771908753
0.9578697113234337
0.9590004926483799
0.95916145036191
0.9584416148272185
0.9608839334231851
0.9630912425727465
0.9641682277372533
0.9649564430362169
0.9616358439295769
0.9579896462729388
0.950047227426441
0.9405445529035906
0.919048725997927
0.8442913902298947
0.7780729956043003
0.7138104193849167
0.6975599297331367
0.6483353311062185
0.6011081603780064
0.6219042637037873
0.45726643682765034
0.43525782144255465
0.48127248011145196
0.45393945063462704
0.42860384905650806
0.5691167627392164
0.5417837332623914
0.5164481316842725
0.5591358041601464
0.5318027746833216
0.5064671731052026
0.5524818317740998
0.5284757884902982
0.5004785979577607
0.5405046814792162
0.5356620786672285
0.5328098154983393
0.5754974879742133
0.5481644584973884
0.493672610736436
0.5086549118105788
0.5212282866207737
0.49564377585714325
0.5086549118105788
0.5212282866207737
0.4973072689536549
0.511981898003602
0.5262187659103087
0.5022977482431898
0.516972377293137
0.5312092451998435
0.5072882275327247
0.5219628565826719
0.6420569376021018
0.621712430092483
0.5503325021338032
0.6962016559807171
0.6884996960045868
0.7193933827455224
0.7691458282627527
0.7807403882061573
0.8309305948666281
0.8806830403838583
0.7916695378502387
0.8099206770576859
0.8277340551218926
0.8073895476122738
0.8256406868197211
0.8434540648839276
0.8178695541202973
0.8308806900737327
0.8434540648839276
0.8178695541202973
0.8308806900737327
0.8434540648839276
0.8563641211442987
0.8652862525928194
0.8738300818763606
0.881513083162821
0.8888020090208396
0.8942951771970717
0.8994034277605314
0.8902532034873493
0.8798893352798969
0.8747461788341964
0.8690082253673246
0.890429261841702
0.9135173738150038
0.93118746771794
0.9503741623831502
0.9575236127280363
0.9650263330836971
0.9691612136642296
0.9725552952872067
0.9746297469071296
0.975503689923596
0.9753756542019412
0.9745941285906965
0.9728616228216815
0.9705642702693158
0.9734646023065456
0.9757891584277955
0.9790401758698033
0.9821915970795391
0.9796750302454156
0.9765737578070494
0.9718127792421244
0.9646682687197029
0.9480921493887435
0.8781825116921117
0.8031353733501013
0.7294566959227781
0.7226223074789376
0.6639816076440799
0.6123118579209038
0.6469666414495882
0.47291271336551155
0.4464615189854521
0.5063348578572529
0.46958572717248825
0.4398075465994055
0.5941791404850173
0.5574300098002527
0.5276518292271698
0.5841981819059474
0.5474490512211828
0.5176708706481
0.5775442095199008
0.5441220650281595
0.5116822955006581
0.565567059225017
0.5513083552050898
0.5440135130412367
0.6005598657200142
0.5638107350352497
0.5048763082793334
0.5063339098489608
0.5193530811217235
0.4929197651285528
0.5063339098489608
0.5193530811217235
0.4945832582250643
0.5096608960419841
0.5243435604112585
0.4995737375145993
0.514651375331519
0.5293340397007934
0.5045642168041343
0.519641854621054
0.6401817321030516
0.6189884193638925
0.5480115001721851
0.694326450481667
0.6857756852759963
0.7170723807839046
0.7672706227637025
0.7780163774775669
0.8286095929050102
0.8788078348848081
0.7889455271216481
0.807599675096068
0.8258588496228424
0.8046655368836834
0.823319684858103
0.8415788593848774
0.8151455433917066
0.8285596881121148
0.8415788593848774
0.8151455433917066
0.8285596881121148
0.8415788593848774
0.8544279374014172
0.8613958750827349
0.868257477452194
0.8746904427600749
0.8808998452023128
0.8871102358043398
0.8928887579787379
0.8842856614731132
0.8732873653885591
0.8602165817501022
0.8457952621811387
0.8537106487684768
0.8611542172508225
0.8720425219136949
0.8845107019279634
0.8903687418075792
0.8995615405646598
0.907059303632359
0.9160138026361239
0.917168195939284
0.9133306781911863
0.8907679858227397
0.8220970223486479
0.7823891718911904
0.7540932449662666
0.7518130766718525
0.7504301750208775
0.7480193099291136
0.7439516531148014
0.747356766565663
0.752397233054735
0.8062870503437114
0.8272929223522496
0.8404153071206946
0.7989573458732928
0.7482838124757171
0.6946482274382427
0.6677707466045535
0.6291731391595444
0.5791250950787412
0.592115080575204
0.4381042448809762
0.41327475614328946
0.4514832969828687
0.4347772586879529
0.40662078375724287
0.5393275796106332
0.5226215413157173
0.49446506638500726
0.5293466210315633
0.5126405827366475
0.4844841078059374
0.5226926486455167
0.5093135965436242
0.47849553265849554
0.5107154983506328
0.5164998867205544
0.5108267501990741
0.54570830484563
0.5290022665507143
0.4716895454371708
0.46049628528590625
0.4683165593145357
0.45005528472523426
0.46049628528590625
0.4683165593145357
0.4517187778217459
0.46382327147892954
0.4733070386040706
0.45670925711128085
0.46881375076846443
0.4782975178936055
0.46169973640081574
0.4738042300579994
0.5336495497420015
0.5206282784067118
0.5021738756091306
0.6432899286744791
0.6429112048726778
0.6712347562208499
0.7162341009565147
0.7351518970742484
0.7827719683419556
0.8277713130776202
0.7460810467183298
0.7617620505330134
0.7748223278156546
0.7618010564803648
0.7774820602950486
0.7905423375776895
0.7722810629883883
0.7827220635490602
0.7905423375776895
0.7722810629883883
0.7827220635490602
0.7905423375776895
0.7984897496047124
0.8059078122732349
0.8117194591028558
0.8176349355871858
0.8230808259728903
0.8256085042834962
0.8278953822524912
0.8180069958431437
0.8085661726420954
0.7992714469080423
0.7899039334693257
0.8050148422675014
0.8198569497552879
0.8331885277024919
0.8474567589911033
0.8473610292966212
0.8460181631489275
0.8466129827723509
0.8456404535238232
0.8486157540375814
0.853870851162546
0.8613640289548844
0.8697554559117708
0.8766021741090801
0.8831713309322169
0.8794278833580231
0.8749552950972298
0.8667158318830884
0.8570415721938831
0.8529896586382307
0.8484612719665338
0.8465767294342714
0.8456523224682333
0.8452449766092335
0.7934388550577567
0.7347929045976862
0.6720486326255304
0.6542798387265227
0.6065735443468321
0.5566796113492034
0.5786241726971733
0.41550465006826387
0.3908292724137516
0.4379923891048379
0.4121776638752406
0.384175300027705
0.5258366717326023
0.500021946503005
0.4720195826554694
0.5158557131535324
0.49004098792393513
0.46203862407639956
0.5092017407674859
0.4867140017309118
0.4560500489289577
0.49722459047260203
0.4939002919078422
0.4883812664695362
0.5322173969675993
0.5064026717380019
0.449244061707633
0.4117564924163173
0.4237012818783927
0.40518780418613515
0.4117564924163173
0.4237012818783927
0.4068512972826468
0.4150834786093406
0.4286917611679276
0.41184177657218174
0.4200739578988755
0.4336822404574625
0.4168322558617167
0.42506443718841047
0.46712013857983997
0.45384666414159414
0.45343408273954183
0.5986746512383361
0.5980437243335788
0.6224949633512611
0.6716188235203717
0.6902844165351494
0.7340321754723668
0.7831560356414773
0.7012135661792307
0.7130222576634245
0.7302070503795116
0.7169335759412657
0.7287422674254596
0.7459270601415465
0.7274135824492892
0.7339822706794713
0.7459270601415465
0.7274135824492892
0.7339822706794713
0.7459270601415465
0.759540518912976
0.7730813344696907
0.787200665965962
0.7993783693539309
0.8098076928644862
0.8160210530822355
0.8209836200339942
0.8110126525628215
0.7998118519122882
0.7935658522462155
0.786783582897441
0.8067748284503846
0.8272373238226584
0.843246370401438
0.8625123356442382
0.8657169233140762
0.8708744256439996
0.8754703007797628
0.8802160762667095
0.8846826920925709
0.8880986693234735
0.8941581173985665
0.8997058943910261
0.9045436572689564
0.9089132607497928
0.9108792539345987
0.912389458589857
0.9126287964656712
0.9127442096930792
0.9080945021544425
0.9022518523274815
0.8969623767281081
0.8914375314539128
0.8800249184877003
0.8169408252279433
0.7493862677720409
0.6821641125606656
0.6688732019008773
0.6166890242819671
0.5690131329065756
0.5932175358715278
0.42562013000339893
0.4031627939711239
0.45258575227919257
0.42229314381037564
0.39650882158507733
0.540430034906957
0.5101374264381401
0.4843531042128417
0.530449076327887
0.5001564678590702
0.4743721456337719
0.5237951039418405
0.4968294816660469
0.4683835704863299
0.5118179536469567
0.5040157718429772
0.5007147880269085
0.5468107601419538
0.516518151673137
0.4615775832650052
0.15011361702921086
0.15011361702921086
0.15011361702921086
0.15011361702921086
0.15011361702921086
0.15011361702921086
0.15011361702921086
0.15011361702921086
0.15011361702921086
0.15011361702921086
0.15011361702921086
0.15011361702921086
0.15011361702921086
0.15011361702921086
0.15011361702921086
0.15011361702921086
0.15011361702921086
0.15011361702921086
0.15011361702921086
0.15011361702921086
0.15011361702921086
0.15011361702921086
0.15011361702921086
0.08144462200521008
0.08144462200521008
0.08144462200521008
0.08144462200521008
0.08144462200521008
0.08144462200521008
0.08144462200521008
0.08144462200521008
0.08144462200521008
0.08144462200521008
0.08144462200521008
0.08144462200521008
0.08144462200521008
0.08144462200521008
0.08144462200521008
0.08144462200521008
0.08144462200521008
0.08144462200521008
0.08144462200521008
0.08144462200521008
0.08144462200521008
0.08144462200521008
0.08144462200521008
0.08144462200521008
0.08144462200521008
0.08144462200521008
0.08144462200521008
0.08144462200521008
0.08144462200521008
0.08144462200521008
0.08144462200521008
0.08144462200521008
0.08144462200521008
0.08144462200521008
0.08144462200521008
0.08144462200521008
0.08144462200521008
0.08144462200521008
0.08144462200521008
0.08144462200521008
0.08144462200521008
0.08144462200521008
0.08144462200521008
0.08144462200521008
0.08144462200521008
0.08144462200521008
0.08144462200521008
0.08144462200521008
0.08144462200521008
0.08144462200521008
0.08144462200521008
0.08144462200521008
0.08144462200521008
0.08144462200521008
0.08144462200521008
0.08144462200521008
0.08144462200521008
0.08144462200521008
0.1792698632120443
0.1792698632120443
0.1792698632120443
0.1792698632120443
0.1792698632120443
0.1792698632120443
0.1792698632120443
0.1792698632120443
0.1792698632120443
0.1792698632120443
0.1792698632120443
0.1792698632120443
0.1792698632120443
0.1792698632120443
0.15011361702921086
0.15011361702921086
0.15011361702921086
0.15011361702921086
0.15011361702921086
0.15011361702921086
0.15011361702921086
0.15011361702921086
0.15011361702921086
0.15011361702921086
0.15011361702921086
0.15011361702921086
0.15011361702921086
0.15011361702921086
0.15011361702921086
0.15011361702921086
0.15011361702921086
0.15011361702921086
0.15011361702921086
0.15011361702921086
0.15011361702921086
0.15011361702921086
0.15011361702921086
0.15011361702921086
0.08144462200521008
0.08144462200521008
0.08144462200521008
0.08144462200521008
0.08144462200521008
0.08144462200521008
0.08144462200521008
0.08144462200521008
0.08144462200521008
0.08144462200521008
0.08144462200521008
0.08144462200521008
0.08144462200521008
0.08144462200521008
0.08144462200521008
0.08144462200521008
0.08144462200521008
0.08144462200521008
0.08144462200521008
0.08144462200521008
0.08144462200521008
0.08144462200521008
0.08144462200521008
0.08144462200521008
0.08144462200521008
0.08144462200521008
0.08144462200521008
0.08144462200521008
0.08144462200521008
0.08144462200521008
0.08144462200521008
0.08144462200521008
0.08144462200521008
0.08144462200521008
0.08144462200521008
0.08144462200521008
0.08144462200521008
0.08144462200521008
0.08144462200521008
0.08144462200521008
0.08144462200521008
0.08144462200521008
0.08144462200521008
0.08144462200521008
0.08144462200521008
0.08144462200521008
0.08144462200521008
0.08144462200521008
0.08144462200521008
0.08144462200521008
0.08144462200521008
0.08144462200521008
0.08144462200521008
0.08144462200521008
0.08144462200521008
0.08144462200521008
0.08144462200521008
0.08144462200521008
0.1792698632120443
0.1792698632120443
0.1792698632120443
0.1792698632120443
0.1792698632120443
0.1792698632120443
0.1792698632120443
0.1792698632120443
0.1792698632120443
0.1792698632120443
0.1792698632120443
0.1792698632120443
0.1792698632120443
0.1792698632120443
0.15011361702921086
0.4115136300763748
0.4216548527297436
0.4023471098950795
0.4115136300763748
0.4216548527297436
0.40401060299159114
0.4148406162693981
0.42664533201927857
0.4090010822811261
0.41983109555893305
0.4316358113088135
0.41399156157066097
0.424821574848468
0.5424835037110718
0.5284157641304192
0.45319122039959925
0.596628222089687
0.5952030300425231
0.6222521010113186
0.6695723943717227
0.6874437222440937
0.7337893131324241
0.7811096064928282
0.698372871888175
0.7127793953234819
0.7281606212308626
0.7140928816502101
0.7284994050855171
0.7438806309928976
0.7245728881582334
0.7337394083395287
0.7438806309928976
0.7245728881582334
0.7337394083395287
0.7438806309928976
0.7553652304859495
0.7675140302190829
0.7803016160776075
0.7944685171611511
0.8090149524828
0.8200416546659778
0.8309952470228263
0.8247847883150903
0.8159792255982704
0.8060781302194819
0.7949412332193252
0.8074654454253171
0.8213956214023929
0.832646150274056
0.8456175541557428
0.847049853804188
0.8493585868415738
0.8512851666680143
0.8533623695585527
0.8533281971019407
0.852061280739724
0.8484852732232403
0.8439349304001778
0.8390439606754295
0.8339220305767161
0.8346048678588323
0.8367603176575276
0.8446815118426939
0.8565541089727154
0.8606840368319801
0.865834603035626
0.8568026545421564
0.8435027819092445
0.8262949697061038
0.7572701883302589
0.691622291672154
0.6267445422942861
0.6111092258009906
0.5612694540155878
0.49793073306606
0.5354535597716411
0.3702005597370196
0.3320803941306082
0.39482177617930575
0.3668735735439963
0.32542642174456166
0.48266605880707014
0.4547178561717607
0.41327070437232605
0.47268510022800025
0.44473689759269075
0.4032897457932562
0.4660311278419537
0.44140991139966745
0.39730117064581427
0.4540539775470699
0.44859620157659785
0.4296323881863929
0.4890467840420671
0.46109858140675763
0.3904951834244895
0.31357148869178997
0.319408064504719
0.3088333525658896
0.31357148869178997
0.319408064504719
0.31049684566240116
0.31689847488481326
0.3243985437942539
0.31548732495193615
0.3218889541743482
0.32938902308378887
0.320477804241471
0.32687943346388304
0.33795601253082386
0.332621303846006
0.3552490790150144
0.49438143386466243
0.5016892727133331
0.5243099596267337
0.5673256061466979
0.5939299649149037
0.6358471717478393
0.6788628182678037
0.604859114558985
0.6148372539388972
0.6259138330058379
0.6205791243210201
0.6305572637009321
0.6416338427678729
0.6310591308290434
0.6357972669549439
0.6416338427678729
0.6310591308290434
0.6357972669549439
0.6416338427678729
0.6482561504669478
0.6539893458527036
0.6599394635094048
0.6650112543031873
0.6696110351801162
0.673973078486594
0.678108112162175
0.6675496879138295
0.6562260471807634
0.643147836997538
0.6295429189430765
0.641894505173691
0.654135792298615
0.6657874549373567
0.6775086131166068
0.6768800137647709
0.6764288874588407
0.6780228500432711
0.6802320574756763
0.6811201717569331
0.6810309110981771
0.6774154899217097
0.6730557265730776
0.6691297204213476
0.6652654308780986
0.6631100423686804
0.661181146652839
0.6612791489224167
0.6624300794683781
0.6650009406138111
0.6682711256214268
0.6690454025996919
0.6679156806067102
0.66544162133293
0.6117827538570404
0.5565045038409805
0.5005004181635816
0.4759914379698169
0.4350253298848833
0.3925681996701043
0.4003357719404674
0.24395643560631494
0.2267178607346525
0.2597039883481321
0.24062944941329165
0.22006388834860593
0.34754827097589647
0.32847373204105607
0.3079081709763703
0.3375673123968265
0.3184927734619862
0.29792721239730047
0.33091334001078
0.3151657872689629
0.2919386372498585
0.31893618971589616
0.3223520774458933
0.3242698547904372
0.35392899621089347
0.3348544572760531
0.2851326500285339
0.30451347443602594
0.3120256729733667
0.2980023614293809
0.30451347443602594
0.3120256729733667
0.29966585452589256
0.30784046062904924
0.31701615226290164
0.30465633381542745
0.3128309399185841
0.3220066315524366
0.3096468131049624
0.31782141920811907
0.3305736209994716
0.32179031270949743
0.3461910647592504
0.4869990423333101
0.4908582815768245
0.5152519453709697
0.5599432146153457
0.5830989737783951
0.6267891574920753
0.6714804267364514
0.5940281234224765
0.6057792396831332
0.6185314414744856
0.6097481331845115
0.6214992494451682
0.6342514512365207
0.6202281396925349
0.62673925269918
0.6342514512365207
0.6202281396925349
0.62673925269918
0.6342514512365207
0.6424582474975278
0.6479166667730996
0.6533293176479912
0.6604847920793516
0.6678736322397303
0.6773073768278153
0.6871409927788454
0.6815223401251604
0.6747702399514416
0.6698917057977327
0.6661954042593793
0.6897822697976477
0.7146264485628036
0.7351798448813865
0.7580373029431233
0.7687109684480187
0.7785737420972431
0.787332502243701
0.7953623609629515
0.8013136140540211
0.8041414627734456
0.8107619456269245
0.8164904273028245
0.8195519241183743
0.8210305147952631
0.8150521577154874
0.807520426168049
0.8039946884395948
0.8010527563291074
0.7979266388120488
0.7948777052709508
0.7911261064031349
0.7869718839352252
0.7806911927056306
0.7234236969670246
0.6654802362667439
0.606933823537497
0.5849671703955803
0.5414587352587987
0.4968805825696828
0.5093115043662308
0.3503898409802304
0.331030243634231
0.3686797207738955
0.3470628547872071
0.3243762712481844
0.45652400340165994
0.4349071374149715
0.41222055387594886
0.44654304482259005
0.42492617883590167
0.40223959529687897
0.43988907243654346
0.4215991926428784
0.3962510201494371
0.42791192214165963
0.4287854828198087
0.4285822376900157
0.4629047286366568
0.44128786264996844
0.3894450329281124
0.4167481493243387
0.43342479798336775
0.39853876217249395
0.4167481493243387
0.43342479798336775
0.4002022552690055
0.420075135517362
0.4384152772729027
0.4051927345585405
0.4250656148068969
0.44340575656243764
0.41018321384807543
0.4300560940964318
0.4519727460094726
0.42232671345261047
0.45842573964756317
0.6083981673433112
0.5913946823199375
0.6274866202592825
0.6813423396253467
0.683635374521508
0.739023832380388
0.7928795517464524
0.6945645241655894
0.7180139145714459
0.7399305664844866
0.7102845339276246
0.7337339243334811
0.7556505762465218
0.7207645404356479
0.7389739275874926
0.7556505762465218
0.7207645404356479
0.7389739275874926
0.7556505762465218
0.7718532071325456
0.7780776377078056
0.7844263860479183
0.7913543734658768
0.7986300547408771
0.805787823610643
0.8124491755389279
0.8043468242764086
0.7950492791914429
0.7880004256624694
0.7793976061915144
0.7976939999119471
0.8164573993379795
0.834109401747019
0.8515168392569759
0.8557118356626453
0.8582669539788013
0.8610434162564764
0.8643913164811358
0.8679647990448658
0.8715865242751086
0.8761201759050671
0.8803952975746938
0.8841872227536367
0.8868354033356424
0.8823697139208158
0.8772261609851206
0.868863404731889
0.8607855255923332
0.8576099865063825
0.8529165456335179
0.849682257396194
0.8481139387113156
0.8412587016683951
0.7837291735983637
0.7208277195564375
0.6574321535730502
0.640314653685274
0.591957065294352
0.5408735997410575
0.5646589876559245
0.40088817101578367
0.37502326080560566
0.4240272040635891
0.39756118482276037
0.36836928841955907
0.5118714866913535
0.4854054674505248
0.45621357104732346
0.5018905281122836
0.4754245088714549
0.44623261246825363
0.49523655572623704
0.47209752267843164
0.44024403732081174
0.48325940543135326
0.4792838128553619
0.4725752548613903
0.5182522119263505
0.49178619268552176
0.433438050099487
0.43411260632044757
0.4502867817770344
0.4189460829969388
0.43411260632044757
0.4502867817770344
0.42060957609345045
0.4374395925134708
0.4552772610665693
0.42560005538298534
0.44243007180300575
0.4602677403561042
0.4305905346725203
0.4474205510925407
0.5316349963190944
0.5055343007930104
0.47579019664367206
0.6252601511369777
0.6118020031443824
0.6448510772553913
0.6982043234190133
0.704042695345953
0.756388289376497
0.8097415355401189
0.7149718449900343
0.7353783715675548
0.7567925502781532
0.7306918547520694
0.7510983813295898
0.7725125600401882
0.7411718612600927
0.7563383845836016
0.7725125600401882
0.7411718612600927
0.7563383845836016
0.7725125600401882
0.7900012666364074
0.8041170285151786
0.8179203346727852
0.8305973698057368
0.8422474151588669
0.8502122265728594
0.8572231592161496
0.8503516898173419
0.841497986665911
0.8308118491820694
0.8189026058543175
0.8328716477848241
0.8496017944292067
0.8666045369098757
0.8845373305648068
0.8892231209611429
0.8943400916887564
0.896512971875796
0.8977714815373878
0.8987321567785048
0.8996658620489606
0.9034896893796093
0.9075678992670074
0.9112090150975216
0.9145501907125674
0.9150328766635403
0.9149376742949281
0.9149988448767282
0.9160645826325517
0.9152799162605286
0.9136923330385297
0.9115415875582181
0.9087582765776901
0.9035369329552407
0.8462434039706469
0.7854241966588482
0.7236862498408603
0.7049111307876846
0.6582111615621621
0.6060305117444367
0.629255464758335
0.46714226728359376
0.4401801728089849
0.48862368116599975
0.46381528109057046
0.4335262004229383
0.5764679637937642
0.5516595637183349
0.5213704830507027
0.5664870052146943
0.541678605139265
0.5113895244716328
0.5598330328286477
0.5383516189462417
0.5054009493241909
0.5478558825337639
0.545537909123172
0.5377321668647695
0.5828486890287611
0.5580402889533319
0.4985949621028662
0.15011361702921086
0.15011361702921086
0.15011361702921086
0.15011361702921086
0.15011361702921086
0.15011361702921086
0.15011361702921086
0.15011361702921086
0.15011361702921086
0.15011361702921086
0.15011361702921086
0.15011361702921086
0.15011361702921086
0.15011361702921086
0.15011361702921086
0.15011361702921086
0.15011361702921086
0.15011361702921086
0.15011361702921086
0.15011361702921086
0.15011361702921086
0.15011361702921086
0.15011361702921086
0.08144462200521008
0.08144462200521008
0.08144462200521008
0.08144462200521008
0.08144462200521008
0.08144462200521008
0.08144462200521008
0.08144462200521008
0.08144462200521008
0.08144462200521008
0.08144462200521008
0.08144462200521008
0.08144462200521008
0.08144462200521008
0.08144462200521008
0.08144462200521008
0.08144462200521008
0.08144462200521008
0.08144462200521008
0.08144462200521008
0.08144462200521008
0.08144462200521008
0.08144462200521008
0.08144462200521008
0.08144462200521008
0.08144462200521008
0.08144462200521008
0.08144462200521008
0.08144462200521008
0.08144462200521008
0.08144462200521008
0.08144462200521008
0.08144462200521008
0.08144462200521008
0.08144462200521008
0.10850520818179786
0.10612358296992096
0.08144462200521008
0.1325990813671086
0.1247480045174661
0.08144462200521008
0.1126834675458503
0.1262827119007831
0.08144462200521008
0.08144462200521008
0.08144462200521008
0.08144462200521008
0.08144462200521008
0.08144462200521008
0.08144462200521008
0.08144462200521008
0.08144462200521008
0.08144462200521008
0.08144462200521008
0.08144462200521008
0.08144462200521008
0.08144462200521008
0.08144462200521008
0.1792698632120443
0.1792698632120443
0.1792698632120443
0.1792698632120443
0.1792698632120443
0.1792698632120443
0.1792698632120443
0.1792698632120443
0.1792698632120443
0.1792698632120443
0.1792698632120443
0.1792698632120443
0.1792698632120443
0.1792698632120443
0.15011361702921086
0.15011361702921086
0.15011361702921086
0.15011361702921086
0.15011361702921086
0.15011361702921086
0.15011361702921086
0.15011361702921086
0.15011361702921086
0.15011361702921086
0.15011361702921086
0.15011361702921086
0.15011361702921086
0.15011361702921086
0.15011361702921086
0.15011361702921086
0.15011361702921086
0.15011361702921086
0.15011361702921086
0.15011361702921086
0.15011361702921086
0.15011361702921086
0.15011361702921086
0.15011361702921086
0.08144462200521008
0.08144462200521008
0.08144462200521008
0.08144462200521008
0.08144462200521008
0.08144462200521008
0.08144462200521008
0.08144462200521008
0.08144462200521008
0.08144462200521008
0.08144462200521008
0.08144462200521008
0.08144462200521008
0.08144462200521008
0.08144462200521008
0.08144462200521008
0.08144462200521008
0.08144462200521008
0.08144462200521008
0.08144462200521008
0.08144462200521008
0.08144462200521008
0.08144462200521008
0.08144462200521008
0.08144462200521008
0.08144462200521008
0.08144462200521008
0.08144462200521008
0.08144462200521008
0.08144462200521008
0.08144462200521008
0.08144462200521008
0.08144462200521008
0.08144462200521008
0.08144462200521008
0.10850520818179786
0.10612358296992096
0.08144462200521008
0.1325990813671086
0.1247480045174661
0.08144462200521008
0.1126834675458503
0.1262827119007831
0.08144462200521008
0.08144462200521008
0.08144462200521008
0.08144462200521008
0.08144462200521008
0.08144462200521008
0.08144462200521008
0.08144462200521008
0.08144462200521008
0.08144462200521008
0.08144462200521008
0.08144462200521008
0.08144462200521008
0.08144462200521008
0.08144462200521008
0.1792698632120443
0.1792698632120443
0.1792698632120443
0.1792698632120443
0.1792698632120443
0.1792698632120443
0.1792698632120443
0.1792698632120443
0.1792698632120443
0.1792698632120443
0.1792698632120443
0.1792698632120443
0.1792698632120443
0.1792698632120443
0.15011361702921086
0.47323811728527093
0.48480950250876836
0.4606488935801344
0.47323811728527093
0.48480950250876836
0.462312386676646
0.4765651034782942
0.48979998179830325
0.467302865966181
0.4815555827678291
0.4947904610878382
0.4722933452557159
0.48654606205736406
0.618770678784092
0.5998500731094697
0.5149157076084954
0.6597828718687118
0.653504813727578
0.6839765882202146
0.7327270441507474
0.7457455059291485
0.7955138003413202
0.8442642562718529
0.7566746555732299
0.774503882532378
0.7913152710098872
0.772394665335265
0.7902238922944133
0.8070352807719222
0.7828746718432883
0.7954638955484248
0.8070352807719222
0.7828746718432883
0.7954638955484248
0.8070352807719222
0.8187963063997203
0.8319093559587013
0.8453441527093445
0.8591677248753689
0.8723657634540829
0.8825274952434446
0.8917939634993335
0.8850078967407613
0.8757336736305501
0.8703313313980957
0.8646786613950076
0.8854128836237566
0.9060566356351101
0.9239224494195262
0.9433689636392618
0.9518190497849802
0.9614123014846769
0.9655597739231565
0.9683226792524889
0.969297870245489
0.9687159609491278
0.9720585989872254
0.9752139905696929
0.9802474579825525
0.9865002274099083
0.9822437485257126
0.9767841850993964
0.9698754795636925
0.9611479564841642
0.9579217963613689
0.9546004071575533
0.9514137089862268
0.9481993740802195
0.9443210973952164
0.889432888820453
0.8310067296809877
0.770723851119232
0.750493663809824
0.7052487628405337
0.6505831558308915
0.6748379977804744
0.5141798685619654
0.4847328168954398
0.5342062141881392
0.5108528823689421
0.4780788445093932
0.6220504968159036
0.5986971649967067
0.5659231271371575
0.6120695382368337
0.5887162064176367
0.5559421685580876
0.6054155658507872
0.5853892202246134
0.5499535934106458
0.5934384155559033
0.5925755104015438
0.5822848109512244
0.6284312220509005
0.6050778902317036
0.5431476061893211
0.5314852079928599
0.5526072339904647
0.510375814570101
0.5314852079928599
0.5526072339904647
0.5120393076666127
0.5348121941858832
0.5575977132799997
0.5170297869561477
0.5398026734754181
0.5625881925695346
0.5220202662456824
0.5447931527649531
0.6865684102657884
0.6495769940994363
0.5731627983160843
0.7275806033504083
0.7032317347175446
0.7422236789278037
0.8005247756324437
0.7954724269191151
0.8537608910489094
0.9120619877535493
0.8064015765631964
0.8327509732399672
0.8591130024915836
0.8221215863252316
0.8484709830020022
0.8748330122536186
0.8326015928332549
0.8537109862560139
0.8748330122536186
0.8326015928332549
0.8537109862560139
0.8748330122536186
0.8966137789737695
0.9093076218763547
0.9204841555859585
0.9300563352613828
0.93816490582975
0.9430983452499313
0.9473969200034341
0.9379981026293982
0.92787586866318
0.9182431527263847
0.9080262068175429
0.9238577713983381
0.9398963295313025
0.9557191227328421
0.972182579951979
0.9772341383988741
0.982539416353704
0.9834770458494342
0.9841046756245616
0.9840448539564405
0.983440947545813
0.9889226937889531
0.9934946470444829
0.9971497722286524
1.0
0.9975451753323054
0.9947942633509269
0.9915945687597982
0.988464237916958
0.9851946106543625
0.9816560352380524
0.9773773790000541
0.9725188350903378
0.9659069936489585
0.9085552767304325
0.8473707537538401
0.7833841550394667
0.7668576878826764
0.7179090667607684
0.6612387126160307
0.6912020218533268
0.5268401724822002
0.495388373680579
0.5505702382609916
0.5235131862891769
0.4887344012945324
0.638414520888756
0.6113574689169413
0.5765786839222967
0.6284335623096862
0.6013765103378714
0.5665977253432268
0.6217795899236396
0.5980495241448481
0.5606091501957849
0.6098024396287557
0.6052358143217784
0.5929403677363636
0.6447952461237529
0.6177381941519382
0.5538031629744602
0.5003113938861039
0.5153347574371097
0.4840882020692809
0.5003113938861039
0.5153347574371097
0.48575169516579253
0.5036383800791271
0.5203252367266447
0.4907421744553274
0.5086288593686621
0.5253157160161795
0.49573265374486236
0.513619338658197
0.6492959337124333
0.6232893815986162
0.5419889842093283
0.6903081267970531
0.6769441222167244
0.7110498648210476
0.7632522990790886
0.769184814418295
0.8225870769421533
0.8747895112001942
0.7801139640623764
0.8015771591332111
0.8218405259382285
0.7958339738244115
0.8172971688952462
0.8375605357002636
0.8063139803324348
0.8225371721492578
0.8375605357002636
0.8063139803324348
0.8225371721492578
0.8375605357002636
0.8517963795774751
0.8595809363058402
0.8672247247505587
0.8749083893006836
0.882652786285123
0.8871608215950901
0.8910328028308427
0.8791410306786933
0.8646423619720964
0.8497141156244579
0.8348202032028335
0.8464326547727342
0.8613919749763969
0.8799938301066105
0.9002447415020713
0.9081173966690886
0.9151025575658445
0.9198984769825994
0.9252680075902798
0.9298099320184731
0.9335626082090279
0.9409278155876535
0.9483406065384966
0.954285874480734
0.9590653359327556
0.9514013688813675
0.942293291090056
0.9323751205977293
0.9218881718566706
0.9206081471759028
0.9197523496353529
0.9192296420639194
0.9188562946363238
0.9169097294677422
0.8633210188563334
0.8064514332284326
0.7477414622884776
0.7259383673572691
0.6822663740097793
0.6319960286329209
0.6502827013279195
0.4911974797312111
0.4661456896974692
0.5096509177355842
0.4878704935381878
0.45949171731142263
0.5974952003633487
0.5757147761659521
0.547335999939187
0.5875142417842788
0.5657338175868823
0.5373550413601171
0.5808602693982322
0.562406831393859
0.5313664662126752
0.5688831191033484
0.5695931215707892
0.5636976837532538
0.6038759255983456
0.5820955014009491
0.5245604789913505
0.4533482807151441
0.46259444312196657
0.4499399241794751
0.4533482807151441
0.46259444312196657
0.45160341727598674
0.4566752669081674
0.4675849224115015
0.4565938965655217
0.46166574619770234
0.47257540170103635
0.46158437585505663
0.4666562254872373
0.5834230941032946
0.5891411037088105
0.5081583963323641
0.63756781248191
0.6427958443269187
0.6640867516500878
0.7105119847639455
0.7350365365284892
0.7756239637711935
0.8220491968850511
0.7459656861725706
0.7546140459622512
0.7691002116230854
0.7616856959346057
0.7703340557242864
0.7848202213851204
0.772165702442629
0.775574058978298
0.7848202213851204
0.772165702442629
0.775574058978298
0.7848202213851204
0.7962329509103764
0.8067314808562335
0.8172924174825931
0.8248580635640044
0.8307521382533269
0.8363715785153402
0.8411755200541173
0.8320598938160442
0.8222586837537088
0.8139673159599838
0.8054556061126205
0.8240176669321151
0.8439555974860407
0.8657504071796238
0.8890600042140892
0.898303403511801
0.9064591299429218
0.9101003119783242
0.9126954063237346
0.9153508997913852
0.9174738927084973
0.9186052148037055
0.919405699395466
0.9229831521274049
0.9269210173313069
0.9323976681048277
0.9370994690896984
0.9391693948394649
0.9392066061778039
0.9380308642586731
0.9364330208700891
0.9330703892181244
0.9301134894481412
0.9250299134685087
0.8678033309550601
0.8053941773637332
0.7412095348953192
0.7248811114925697
0.675734446616621
0.6141199839195816
0.6492254454632203
0.48466555233805275
0.4482696449841297
0.5085936618708848
0.48133856614502946
0.4416156725980831
0.5964379444986494
0.5691828487727939
0.5294599552258475
0.5864569859195794
0.559201890193724
0.5194789966467777
0.5798030135335328
0.5558749040007006
0.5134904214993358
0.567825863238649
0.563061194177631
0.5458216390399143
0.6028186697336462
0.5755635740077908
0.506684434278011
0.46031136361801905
0.47296853570118047
0.4460462564592964
0.46031136361801905
0.47296853570118047
0.447709749555808
0.46363834981104235
0.4779590149907154
0.452700228845343
0.4686288291005773
0.48294949428025036
0.4576907081348779
0.47361930839011224
0.5937971866825086
0.5721149106946362
0.5019889539412435
0.6479419050611239
0.63890217660674
0.6710498345529629
0.7208860773431595
0.7311428688083106
0.7825870466740684
0.8324232894642651
0.7420720184523918
0.7615771288651263
0.7794743042022994
0.7577920282144269
0.7772971386271614
0.7951943139643345
0.7682720347224502
0.782537141881173
0.7951943139643345
0.7682720347224502
0.782537141881173
0.7951943139643345
0.80794378412007
0.8219859152185367
0.8364836251021395
0.8506823213092908
0.8640623727583263
0.8697330107147864
0.8750152030750469
0.8660030636607009
0.8561097778811767
0.848221116390926
0.8403154050895133
0.8566471086470181
0.8704536183477295
0.8700874202485162
0.8671886613144125
0.80830836910477
0.7725560881577535
0.757854182599302
0.7508005637840023
0.7666353217086889
0.7688860693205932
0.7395244638407354
0.7170299537753578
0.6981334082882238
0.6807420790046036
0.6793615613763714
0.678771480584388
0.6783507595319105
0.6853363902823407
0.6840055843720436
0.6825847445883458
0.6817272220735455
0.6811879824616185
0.6813106186641726
0.6307339602039639
0.578525792593674
0.5254581483474433
0.4980127267225104
0.45998306006874506
0.4214095252726135
0.4223570606931608
0.2689141657901767
0.2555591863371617
0.2817252771008255
0.2655871795971534
0.2489052139511151
0.36956955972858996
0.3534314622249178
0.3367494965788794
0.35958860114952
0.34345050364584795
0.3267685379998096
0.3529346287634735
0.34012351745282465
0.3207799628523677
0.34095747846858965
0.34730980762975494
0.35311118039294637
0.3759502849635869
0.35981218745991483
0.313973975631043
0.15011361702921086
0.15011361702921086
0.15011361702921086
0.15011361702921086
0.15011361702921086
0.15011361702921086
0.15011361702921086
0.15011361702921086
0.15011361702921086
0.15011361702921086
0.15011361702921086
0.15011361702921086
0.15011361702921086
0.15011361702921086
0.15011361702921086
0.15011361702921086
0.15011361702921086
0.15011361702921086
0.15011361702921086
0.15011361702921086
0.15011361702921086
0.15011361702921086
0.15011361702921086
0.08144462200521008
0.08144462200521008
0.08144462200521008
0.08144462200521008
0.08144462200521008
0.08144462200521008
0.08144462200521008
0.08144462200521008
0.08144462200521008
0.08144462200521008
0.08144462200521008
0.08144462200521008
0.08144462200521008
0.08144462200521008
0.08144462200521008
0.08144462200521008
0.08144462200521008
0.08144462200521008
0.08144462200521008
0.08144462200521008
0.08144462200521008
0.08144462200521008
0.08144462200521008
0.08144462200521008
0.08144462200521008
0.08144462200521008
0.08144462200521008
0.08144462200521008
0.08144462200521008
0.08144462200521008
0.08144462200521008
0.08144462200521008
0.08144462200521008
0.08144462200521008
0.08144462200521008
0.08144462200521008
0.08144462200521008
0.08144462200521008
0.08144462200521008
0.08144462200521008
0.08144462200521008
0.08144462200521008
0.08144462200521008
0.08144462200521008
0.08144462200521008
0.08144462200521008
0.08144462200521008
0.08144462200521008
0.08144462200521008
0.08144462200521008
0.08144462200521008
0.08144462200521008
0.08144462200521008
0.08144462200521008
0.08144462200521008
0.08144462200521008
0.08144462200521008
0.08144462200521008
0.1792698632120443
0.1792698632120443
0.1792698632120443
0.1792698632120443
0.1792698632120443
0.1792698632120443
0.1792698632120443
0.1792698632120443
0.1792698632120443
0.1792698632120443
0.1792698632120443
0.1792698632120443
0.1792698632120443
0.1792698632120443
0.15011361702921086
0.15011361702921086
0.15011361702921086
0.15011361702921086
0.15011361702921086
0.15011361702921086
0.15011361702921086
0.15011361702921086
0.15011361702921086
0.15011361702921086
0.15011361702921086
0.15011361702921086
0.15011361702921086
0.15011361702921086
0.15011361702921086
0.15011361702921086
0.15011361702921086
0.15011361702921086
0.15011361702921086
0.15011361702921086
0.15011361702921086
0.15011361702921086
0.15011361702921086
0.15011361702921086
0.08144462200521008
0.08144462200521008
0.08144462200521008
0.08144462200521008
0.08144462200521008
0.08144462200521008
0.08144462200521008
0.08144462200521008
0.08144462200521008
0.08144462200521008
0.08144462200521008
0.08144462200521008
0.08144462200521008
0.08144462200521008
0.08144462200521008
0.08144462200521008
0.08144462200521008
0.08144462200521008
0.08144462200521008
0.08144462200521008
0.08144462200521008
0.08144462200521008
0.08144462200521008
0.08144462200521008
0.08144462200521008
0.08144462200521008
0.08144462200521008
0.08144462200521008
0.08144462200521008
0.08144462200521008
0.08144462200521008
0.08144462200521008
0.08144462200521008
0.08144462200521008
0.08144462200521008
0.08144462200521008
0.08144462200521008
0.08144462200521008
0.08144462200521008
0.08144462200521008
0.08144462200521008
0.08144462200521008
0.08144462200521008
0.08144462200521008
0.08144462200521008
0.08144462200521008
0.08144462200521008
0.08144462200521008
0.08144462200521008
0.08144462200521008
0.08144462200521008
0.08144462200521008
0.08144462200521008
0.08144462200521008
0.08144462200521008
0.08144462200521008
0.08144462200521008
0.08144462200521008
0.1792698632120443
0.1792698632120443
0.1792698632120443
0.1792698632120443
0.1792698632120443
0.1792698632120443
0.1792698632120443
0.1792698632120443
0.1792698632120443
0.1792698632120443
0.1792698632120443
0.1792698632120443
0.1792698632120443
0.1792698632120443
0.15011361702921086
0.3502776913110101
0.3626269257062688
0.3373631296998799
0.3502776913110101
0.3626269257062688
0.33902662279639156
0.3536046775040334
0.36761740499580375
0.3440171020859265
0.3585951567935683
0.3726078842853386
0.3490075813754614
0.36358563608310324
0.3811748737323737
0.36115108097999643
0.39195528163423454
0.5376002950662122
0.5302190498473235
0.5610161622459539
0.6105444673482479
0.6224597420488941
0.6725533743670595
0.7220816794693534
0.6333888916929754
0.6515434565581174
0.6691326942073877
0.6491089014550105
0.6672634663201524
0.6848527039694228
0.6595889079630338
0.672503469574164
0.6848527039694228
0.6595889079630338
0.672503469574164
0.6848527039694228
0.6968361672815858
0.7054003112720862
0.714589173502299
0.7240757133466809
0.7334326863545755
0.739448271799666
0.7448112820225501
0.7367686599540353
0.7275365564273336
0.7198833412564759
0.7116049660092135
0.7276826732194198
0.7443360423018164
0.76056256466517
0.7780340772492328
0.7846026356140375
0.7916285010408423
0.7968005508220247
0.8019107779977791
0.8062936544196369
0.8100909983202451
0.814926035856888
0.8190542332729343
0.8227392966099895
0.8259788687131049
0.8284079819245587
0.8302160663723708
0.8313204102335621
0.8320522625410032
0.8311880569765306
0.8306476795019963
0.8299534822947257
0.8290305209091166
0.8255106419669848
0.7725146275754317
0.7170827057203147
0.6601362714346517
0.6365696398491513
0.5946611831559534
0.5520158270199085
0.5609139738198017
0.40359228887738513
0.3861654880844568
0.42028219022746643
0.40026530268436183
0.3795115156984102
0.5081264728552309
0.4881095853121262
0.4673557983261746
0.498145514276161
0.4781286267330564
0.45737483974710474
0.4914915418901144
0.4748016405400331
0.4513862645996628
0.47951439159523057
0.4819879307169634
0.4837174821402414
0.5145071980902278
0.49449031054712317
0.44458027737833805
0.4190998008052054
0.4349865204307931
0.4034735886656908
0.4190998008052054
0.4349865204307931
0.4051370817622024
0.4224267869982287
0.43997699972032805
0.4101275610517373
0.42741726628776366
0.444967479009863
0.41511804034127225
0.43240774557729855
0.5163347349728531
0.4900618064617624
0.46077739112842986
0.6099598897907366
0.5963295088131343
0.6298382717401491
0.6829040620727721
0.688570201014705
0.7413754838612547
0.7944412741938778
0.7973245918656205
0.7203655660523125
0.741492288931912
0.7152193604208213
0.7360855758143477
0.7572122986939471
0.7256993669288447
0.7413255790683593
0.7572122986939471
0.7256993669288447
0.7413255790683593
0.7572122986939471
0.7738105784874402
0.7845227496151753
0.7945693420736505
0.8031730185100039
0.8109450672392307
0.8164281990770963
0.8213808287071146
0.8123468614246093
0.8011332100942136
0.7908816663601745
0.7791572149165341
0.7937361646042489
0.8101366955156919
0.8246434373776492
0.8428594664300826
0.850598386857661
0.8590561441519259
0.8686700796352341
0.8770218197062257
0.8838910336361709
0.8894911529880816
0.8924885297484192
0.8956310799334497
0.8978049390154463
0.8991833621735303
0.9015323886849254
0.903462143651841
0.9043013346350987
0.9045745953337214
0.9023984908815682
0.9002562750235934
0.8979136658862471
0.894665347571809
0.889719234164205
0.8341690630017412
0.7760537772142869
0.7161358545630867
0.6955407113431235
0.6506607662843886
0.6031917672123407
0.6198850453137739
0.4595918720058203
0.4373414282768889
0.47925326172143856
0.45626488581279706
0.43068745589084234
0.567097544349203
0.5441091684405615
0.5185317385186067
0.5571165857701331
0.5341282098614916
0.5085507799395369
0.5504626133840865
0.5308012236684682
0.502562204792095
0.5384854630892028
0.5379875138453986
0.5348934223326735
0.5734782695841999
0.5504898936755583
0.49575621757077026
0.47743964335042116
0.49622701331976204
0.4582304944799314
0.47743964335042116
0.49622701331976204
0.45989398757644295
0.48076662954344446
0.5012174926092969
0.46488446686597795
0.4857571088329794
0.5062079718988319
0.4698749461555129
0.4907475881225143
0.6170556643010902
0.5842991487152711
0.5191172336736457
0.6712003826797055
0.6510864146273749
0.6881781142853649
0.744144554961741
0.7433271068289454
0.7997153264064706
0.8556817670828467
0.8520814976798613
0.7787054085975283
0.8027327818208809
0.769976266235062
0.7944254183595635
0.8184527915829161
0.7804562727430853
0.7996654216135751
0.8184527915829161
0.7804562727430853
0.7996654216135751
0.8184527915829161
0.8372791115208759
0.8486801446573977
0.859849987655204
0.8707969809520822
0.8812513247497961
0.8896168503316575
0.8972418749105878
0.8899565469406135
0.8815028864236876
0.8689375423895507
0.8548438775032174
0.8667171435773219
0.8783779397718438
0.8938362869372495
0.9104584136458641
0.9153441065114715
0.9206165612855554
0.9269929238022179
0.9336721374442536
0.9396747387721198
0.9448685191346632
0.9433127291948893
0.9409552908064295
0.935486730258817
0.9279201975804006
0.9265584836776658
0.92380921708329
0.9169389306632633
0.9084636516320191
0.8918392868289535
0.8739657998609227
0.8610756460185743
0.8506863362374862
0.8328466281781618
0.7651073986694782
0.7011892759034133
0.639560342548678
0.6206762100322496
0.5740852542699796
0.5404992632022669
0.5450205440029001
0.38301635999141137
0.3746489242668152
0.4043887604105649
0.3796893737983881
0.36799495188076864
0.49223304303832927
0.46753365642615247
0.4558392345085329
0.4822520844592593
0.45755269784708263
0.4458582759294631
0.4755981120732128
0.45422571165405934
0.4398697007820212
0.463620961778329
0.46141200183098957
0.4722009183225998
0.4986137682733262
0.4739143816611494
0.43306371356069645
0.4456152814033979
0.4629389318173618
0.42775584667411976
0.4456152814033979
0.4629389318173618
0.42941933977063135
0.44894226759642114
0.46792941110689673
0.43440981906016635
0.4539327468859561
0.4729198903964317
0.43940029834970123
0.45892322617549103
0.5837675827986899
0.5538245009094594
0.4872928717266224
0.6379123011773051
0.6206117668215634
0.6563537523383416
0.7108564734593408
0.7128524590231338
0.7678909644594473
0.8223936855804463
0.8216068498740494
0.746881046650505
0.7694447003184807
0.7395016184292503
0.7626010564125403
0.7851647100805157
0.7499816249372737
0.7678410596665518
0.7851647100805157
0.7499816249372737
0.7678410596665518
0.7851647100805157
0.8030268092006483
0.8128535961473303
0.8212540606796092
0.8278220120714049
0.833249825698334
0.8395336078797476
0.845552394518972
0.8374592435239069
0.8283650437261809
0.8201373335857212
0.8112234558866246
0.8281628397149624
0.8473042872570757
0.8634105270907739
0.8817727855907289
0.8845593074541667
0.8876028159289955
0.8860990651502636
0.8840304402620518
0.8834358450542533
0.887024783806948
0.8963410929576346
0.907151915677582
0.9158761046082033
0.9226618700451165
0.9229907738872649
0.9224618820896276
0.9187714268221483
0.9124972381033064
0.9044903775686892
0.8945647235288456
0.889360684967467
0.8875030874253073
0.881235117567933
0.8233878601591116
0.7608402240907768
0.6969635579490194
0.6803271582196132
0.6314884696703211
0.5831279126964146
0.6046714921902637
0.44041957539175286
0.41727757376096286
0.46403970859792837
0.43709258919872956
0.4106236013749163
0.5518839912256928
0.524936871826494
0.4984678840026806
0.5419030326466229
0.5149559132474241
0.4884869254236108
0.5352490602605763
0.5116289270544008
0.4824983502761689
0.5232719099656925
0.5188152172313311
0.5148295678167475
0.5582647164606896
0.5313175970614908
0.4756923630548442
0.39433551092852653
0.39919099993571533
0.38507476919286227
0.39433551092852653
0.39919099993571533
0.3867382622893739
0.39766249712154983
0.4041814792252503
0.3917287415789088
0.4026529764110848
0.4091719585147851
0.39671922086844374
0.40764345570061966
0.5200196509170434
0.511143423428202
0.4360131012517511
0.5741643692956587
0.5779306893403059
0.6050739818634703
0.6471085415776944
0.6701713815418765
0.7166111939845761
0.7586457536987999
0.7789257723927919
0.6956012761756338
0.7056967684368343
0.6968205409479928
0.7113212859376689
0.7214167781988693
0.7073005474560162
0.7165612891916805
0.7214167781988693
0.7073005474560162
0.7165612891916805
0.7214167781988693
0.7258026255527209
0.7310283833386924
0.7359580672706747
0.7436329732649418
0.7525741358935915
0.7621193049013536
0.7724025145271098
0.7679480816397448
0.7623225302000989
0.7569245024790896
0.7515207543863471
0.7712707362224364
0.7911124694887387
0.8087857125752796
0.8268557251310258
0.8326681041867166
0.8381011973069384
0.8429028599171458
0.8473427231550368
0.8510718494517777
0.8527761463363471
0.8518965470082166
0.8498222371728048
0.8458193813612805
0.8412904597553921
0.835944525619992
0.83072925814106
0.8289779164921421
0.8299709949935008
0.8307672727816646
0.8330951013770491
0.8315836535153232
0.8274411547150838
0.8215462974009468
0.7655127970577525
0.7080375886583817
0.6496037581026068
0.6275245227872182
0.5841286698239084
0.5385568853614339
0.5518688567578686
0.3930597755453402
0.372706546425982
0.4112370731655334
0.3897327893523169
0.3660525740399354
0.49908135579329777
0.4775770719800813
0.4538968566676998
0.4891003972142278
0.4675961134010115
0.44391589808862997
0.48244642482818123
0.4642691272079882
0.4379273229411881
0.47046927453329745
0.4714554173849184
0.4702585404817667
0.5054620810282947
0.48395779721507826
0.4311213357198634
0.15011361702921086
0.15011361702921086
0.15011361702921086
0.15011361702921086
0.15011361702921086
0.15011361702921086
0.15011361702921086
0.15011361702921086
0.15011361702921086
0.15011361702921086
0.15011361702921086
0.15011361702921086
0.15011361702921086
0.15011361702921086
0.15011361702921086
0.15011361702921086
0.15011361702921086
0.15011361702921086
0.15011361702921086
0.15011361702921086
0.15011361702921086
0.15011361702921086
0.15011361702921086
0.1792698632120443
0.08144462200521008
0.08144462200521008
0.08144462200521008
0.08144462200521008
0.08144462200521008
0.08144462200521008
0.08144462200521008
0.08144462200521008
0.08144462200521008
0.08144462200521008
0.08144462200521008
0.08144462200521008
0.08144462200521008
0.08144462200521008
0.08144462200521008
0.08144462200521008
0.08144462200521008
0.08144462200521008
0.08144462200521008
0.08144462200521008
0.08144462200521008
0.08144462200521008
0.08144462200521008
0.08144462200521008
0.08144462200521008
0.08144462200521008
0.08144462200521008
0.08144462200521008
0.08144462200521008
0.08144462200521008
0.08144462200521008
0.08144462200521008
0.08144462200521008
0.08144462200521008
0.08144462200521008
0.08144462200521008
0.08144462200521008
0.08144462200521008
0.1036707093495729
0.1019126875978356
0.08144462200521008
0.1253507818792868
0.12020458204718376
0.08144462200521008
0.12400982658110463
0.11804201697110715
0.08144462200521008
0.08144462200521008
0.08144462200521008
0.08144462200521008
0.08144462200521008
0.08144462200521008
0.08144462200521008
0.08144462200521008
0.08144462200521008
0.08144462200521008
0.08144462200521008
0.1792698632120443
0.1792698632120443
0.1792698632120443
0.1792698632120443
0.1792698632120443
0.1792698632120443
0.1792698632120443
0.1792698632120443
0.1792698632120443
0.1792698632120443
0.1792698632120443
0.1792698632120443
0.1792698632120443
0.1792698632120443
0.15011361702921086
0.15011361702921086
0.15011361702921086
0.15011361702921086
0.15011361702921086
0.15011361702921086
0.15011361702921086
0.15011361702921086
0.15011361702921086
0.15011361702921086
0.15011361702921086
0.15011361702921086
0.15011361702921086
0.15011361702921086
0.15011361702921086
0.15011361702921086
0.15011361702921086
0.15011361702921086
0.15011361702921086
0.15011361702921086
0.15011361702921086
0.15011361702921086
0.15011361702921086
0.15011361702921086
0.1792698632120443
0.08144462200521008
0.08144462200521008
0.08144462200521008
0.08144462200521008
0.08144462200521008
0.08144462200521008
0.08144462200521008
0.08144462200521008
0.08144462200521008
0.08144462200521008
0.08144462200521008
0.08144462200521008
0.08144462200521008
0.08144462200521008
0.08144462200521008
0.08144462200521008
0.08144462200521008
0.08144462200521008
0.08144462200521008
0.08144462200521008
0.08144462200521008
0.08144462200521008
0.08144462200521008
0.08144462200521008
0.08144462200521008
0.08144462200521008
0.08144462200521008
0.08144462200521008
0.08144462200521008
0.08144462200521008
0.08144462200521008
0.08144462200521008
0.08144462200521008
0.08144462200521008
0.08144462200521008
0.08144462200521008
0.08144462200521008
0.08144462200521008
0.1036707093495729
0.1019126875978356
0.08144462200521008
0.1253507818792868
0.12020458204718376
0.08144462200521008
0.12400982658110463
0.11804201697110715
0.08144462200521008
0.08144462200521008
0.08144462200521008
0.08144462200521008
0.08144462200521008
0.08144462200521008
0.08144462200521008
0.08144462200521008
0.08144462200521008
0.08144462200521008
0.08144462200521008
0.1792698632120443
0.1792698632120443
0.1792698632120443
0.1792698632120443
0.1792698632120443
0.1792698632120443
0.1792698632120443
0.1792698632120443
0.1792698632120443
0.1792698632120443
0.1792698632120443
0.1792698632120443
0.1792698632120443
0.1792698632120443
0.15011361702921086
0.44896416250642024
0.46264698817112
0.4298677863731805
0.44896416250642024
0.46264698817112
0.4315312794696921
0.45229114869944353
0.46763746746065493
0.4365217587592271
0.4572816279889785
0.47262794675018976
0.441512238048762
0.46227210727851337
0.5966081644464437
0.5690689659025159
0.49064175282964473
0.6376203575310633
0.6227237065206241
0.659702633441364
0.710564529813099
0.7149643987221946
0.7712398455624697
0.8221017419342046
0.8237187895731102
0.7502299277535275
0.7691527566722389
0.7416135581283111
0.7659499375155625
0.784872766434274
0.7520935646363344
0.7711899407695743
0.784872766434274
0.7520935646363344
0.7711899407695743
0.784872766434274
0.7982686591092794
0.803302455155398
0.806679094765825
0.813560394241538
0.8217477225576225
0.830117988408201
0.8387241961178239
0.8303307547286782
0.8198909494106627
0.8113127668583822
0.8019292944359625
0.821355368519034
0.8428415676375268
0.8625282210949393
0.883482468630283
0.8888269263767282
0.8973217926879475
0.9074485980414878
0.9177024534951882
0.9266881341702435
0.9334588537401848
0.939098489157556
0.9424607165363763
0.9440634184702182
0.9432220084464451
0.9405834641341675
0.93688411880808
0.9340640550007447
0.9327167790639633
0.9232727262952819
0.9134886493159613
0.9029446787002481
0.8904388153703298
0.8804464885329208
0.8203976950701332
0.7597794328284199
0.698999968427986
0.6792663669572563
0.6335248801492877
0.5897685335850438
0.6036107009279068
0.4424559858707193
0.42391819464959196
0.46297891733557156
0.43912899967769603
0.4172642222635454
0.550823199963336
0.5269732823054605
0.5051085048913098
0.5408422413842661
0.5169923237263906
0.4951275463122399
0.5341882689982195
0.5136653375333673
0.489138971164798
0.5222111187033357
0.5208516277102976
0.5214701887053766
0.557203925198333
0.5333540075404575
0.4823329839434733
0.48088510188226374
0.49755976791837164
0.46451895354313116
0.48088510188226374
0.49755976791837164
0.46618244663964276
0.484212088075287
0.5025502472079066
0.47117292592917775
0.4892025673648219
0.5075407264974415
0.47616340521871264
0.49419304665435687
0.6183884188996998
0.590587607778471
0.5225626922054881
0.6725331372783151
0.6573748736905747
0.6916235728172074
0.7454773095603506
0.7496155658921452
0.803160784938313
0.8570145216814563
0.858369956743061
0.7821508671293709
0.8040655364194905
0.7762647252982618
0.797870876891406
0.8197855461815257
0.7867447318062851
0.8031108801454175
0.8197855461815257
0.7867447318062851
0.8031108801454175
0.8197855461815257
0.8368095947327686
0.843007337576383
0.8483729205179185
0.8526580305439782
0.8564922173900226
0.863933532567737
0.8714089395270793
0.8647962166257672
0.8568269234801408
0.8489230507740526
0.8400415012437096
0.8577659995942775
0.8760630521380176
0.8941608174456741
0.9131188374679353
0.9200681477517225
0.9273598149890454
0.9352764511139672
0.9430738005510599
0.9496996100198184
0.9549240262192483
0.9529415632074751
0.9495898328545112
0.9365838435386928
0.9170989666681538
0.8918133670397894
0.8629115089244839
0.845711895929443
0.8334163763013055
0.8323446828127452
0.8337353896978577
0.8311509000062894
0.8269369429328495
0.8271931136709062
0.7755667976471599
0.7208352280445508
0.6643839691257114
0.6403221621733872
0.598908880847013
0.5493935184830299
0.5646664961440377
0.4078399865684448
0.3835431795475781
0.42403471255170244
0.4045130003754215
0.3768892071615315
0.5118789951794668
0.4923572830031859
0.4647334897892959
0.5018980366003969
0.48237632442411604
0.454752531210226
0.4952440642143503
0.47904933823109275
0.4487639560627842
0.4832669139194665
0.486235628408023
0.4810951736033627
0.5182597204144638
0.4987380082381828
0.44195796884145944
0.436613087536426
0.4510704534508872
0.42605197124084515
0.436613087536426
0.4510704534508872
0.42771546433735674
0.4399400737294493
0.45606093274042214
0.4327059436268917
0.44493055301898427
0.46105141202995703
0.43769642291642663
0.4499210323085192
0.5718991044322153
0.5521206254761849
0.47829067785965046
0.6260438228108305
0.6189078913882887
0.6473515584713697
0.6989879950928662
0.7111485835898592
0.7588887705924754
0.8105252072139718
0.8199029744407749
0.7378788527835332
0.7575762219520061
0.7377977429959757
0.7535988625455683
0.7732962317140412
0.7482777495039992
0.7588388657995799
0.7732962317140412
0.7482777495039992
0.7588388657995799
0.7732962317140412
0.7881320108683555
0.7991836759148727
0.810890869815159
0.8205532332008533
0.8291607733855477
0.832549573378512
0.8344772943295166
0.8199568763003243
0.802538537367847
0.7854067208099154
0.7675876238838681
0.7774205072339404
0.7894329496434038
0.8066164956366458
0.8254749558975324
0.8344227587583889
0.8409603160309964
0.8442079285829724
0.8461401626098048
0.8472511446102405
0.8492644788910848
0.8516920752618498
0.8540516106394541
0.854828566323596
0.8541750998694672
0.8531778920707863
0.8520576341776498
0.8516780231338491
0.8518255456587658
0.849960772677679
0.8495561043007568
0.8488622207312793
0.8480223395505163
0.8464371656797145
0.7935674179598666
0.7328000579087085
0.6680687406992538
0.652286992037545
0.6025936524205555
0.551555713028776
0.5766313260081956
0.41152475814198725
0.38570537409332417
0.4359995424158602
0.40819777194896395
0.37905140170727764
0.5238438250436246
0.49604205457672834
0.46689568433504197
0.5138628664645547
0.48606109599765845
0.45691472575597214
0.5072088940785081
0.4827341098046352
0.45092615060853025
0.49523174378362433
0.48992039998156545
0.4832573681491088
0.5302245502786216
0.5024227798117252
0.44412016338720556
0.3928634772614556
0.4052938591733336
0.3807458032533955
0.3928634772614556
0.4052938591733336
0.38240929634990717
0.3961904634544789
0.41028433846286855
0.38739977563944206
0.40118094274401384
0.4152748177524034
0.392390254928977
0.4061714220335488
0.5004972558075075
0.48118920314158103
0.43454106758468003
0.5802672285332771
0.5736017234008391
0.6036019481963993
0.6532114008153126
0.6658424156024098
0.715139160317505
0.7647486129364182
0.7745968064533252
0.6941292425085629
0.7117996276744525
0.6924915750085261
0.7098492522705979
0.7275196374364874
0.7029715815165495
0.7150892555246096
0.7275196374364874
0.7029715815165495
0.7150892555246096
0.7275196374364874
0.7395273474776913
0.7481047299817248
0.7562019496740104
0.7642858346987546
0.772064928331859
0.7762096209381072
0.7801755597987615
0.7709234527121482
0.7610073598517394
0.7534951437963465
0.745349394590481
0.761829305744145
0.7789278858118077
0.7914678576238698
0.8058931560200998
0.8097228603434129
0.8137953734967569
0.8204695122080058
0.8259563784486659
0.8300096412821661
0.8325615261238225
0.8338857675056341
0.834569157349158
0.8348817905449534
0.8347717722231922
0.8376288911274319
0.8405620725577141
0.8415956472672556
0.8416571322864732
0.8358673579805208
0.8299803197699538
0.825040017623082
0.8213714794949025
0.8151480230737698
0.7594813116549171
0.7025353704478976
0.6447014711355099
0.622022304576734
0.5792263828568116
0.5350917556071013
0.5463666385473844
0.3881574885782433
0.3692414166716495
0.40573485495504924
0.38483050238522
0.36258744428560297
0.4935791375828137
0.4726747850129844
0.45043172691336736
0.48359817900374374
0.46269382643391455
0.44045076833429747
0.4769442066176972
0.45936684024089125
0.4344621931868555
0.4649670563228134
0.4665531304178216
0.46679341072743413
0.4999598628178106
0.4790555102479813
0.42765620596553083
0.3770540592288207
0.38726345770376835
0.3647024277784851
0.3770540592288207
0.38726345770376835
0.36636592087499675
0.3803810454218439
0.3922539369933033
0.37135640016453175
0.38537152471137887
0.3972444162828382
0.3763468794540666
0.3903620040009138
0.49682205773364513
0.47950103106237346
0.41873164955204506
0.5622368270637118
0.5575583479259286
0.5877925301637643
0.6351809993457473
0.6497990401274993
0.69932974228487
0.7467182114668529
0.7585534309784148
0.6783198244759279
0.6937692262048872
0.6764481995336157
0.694039834237963
0.7094892359669223
0.6869282060416391
0.6992798374919745
0.7094892359669223
0.6869282060416391
0.6992798374919745
0.7094892359669223
0.719610785193785
0.7273338901268805
0.7340916028057535
0.7421903713189784
0.7507136703547379
0.7582566358759958
0.7663433193059335
0.7597305917307201
0.7515908496946134
0.7455826445349827
0.739049987574891
0.7552549706516226
0.7720523339634311
0.7874275853768569
0.8041643672569991
0.8100066236159364
0.815610786786478
0.8200649664036539
0.8232169566919745
0.8256103050175686
0.8278444079730732
0.8316088549752023
0.8350455297982593
0.837080028303005
0.8384426755489855
0.8366628902279372
0.8346280110361761
0.8337361771097095
0.8332881552205552
0.8306261909222464
0.8273370076609241
0.8214974467306814
0.814265362843879
0.8038371227469668
0.7434878807823317
0.680691644967019
0.6155495797374213
0.6001785790958554
0.550074491458723
0.50435652579245
0.5245229130665059
0.3590055971801547
0.3385061868569983
0.3838911294741706
0.3556786109871314
0.3318522144709517
0.471735412101935
0.4435228936148959
0.41969649709871604
0.4617544535228651
0.43354193503582594
0.4097155385196462
0.45510048113681856
0.43021494884280265
0.4037269633722043
0.4431233308419347
0.437401239019733
0.4360581809127829
0.4781161373369319
0.44990361884989283
0.3969209761508796
0.15011361702921086
0.15011361702921086
0.15011361702921086
0.15011361702921086
0.15011361702921086
0.15011361702921086
0.15011361702921086
0.15011361702921086
0.15011361702921086
0.15011361702921086
0.15011361702921086
0.15011361702921086
0.15011361702921086
0.15011361702921086
0.15011361702921086
0.15011361702921086
0.15011361702921086
0.15011361702921086
0.15011361702921086
0.15011361702921086
0.15011361702921086
0.15011361702921086
0.15011361702921086
0.1792698632120443
0.08144462200521008
0.08144462200521008
0.08144462200521008
0.08144462200521008
0.08144462200521008
0.08144462200521008
0.08144462200521008
0.08144462200521008
0.08144462200521008
0.08144462200521008
0.08144462200521008
0.08144462200521008
0.08144462200521008
0.08144462200521008
0.08144462200521008
0.08144462200521008
0.08144462200521008
0.08144462200521008
0.08144462200521008
0.08144462200521008
0.08144462200521008
0.08144462200521008
0.08144462200521008
0.08144462200521008
0.08144462200521008
0.08144462200521008
0.08144462200521008
0.08144462200521008
0.08144462200521008
0.08144462200521008
0.08144462200521008
0.08144462200521008
0.08144462200521008
0.08144462200521008
0.08144462200521008
0.08144462200521008
0.08144462200521008
0.08144462200521008
0.08144462200521008
0.08144462200521008
0.08144462200521008
0.08144462200521008
0.08144462200521008
0.08144462200521008
0.08144462200521008
0.08144462200521008
0.08144462200521008
0.08144462200521008
0.08144462200521008
0.08144462200521008
0.08144462200521008
0.08144462200521008
0.08144462200521008
0.08144462200521008
0.08144462200521008
0.08144462200521008
0.1792698632120443
0.1792698632120443
0.1792698632120443
0.1792698632120443
0.1792698632120443
0.1792698632120443
0.1792698632120443
0.1792698632120443
0.1792698632120443
0.1792698632120443
0.1792698632120443
0.1792698632120443
0.1792698632120443
0.1792698632120443
0.1792698632120443
0.15011361702921086
0.15011361702921086
0.15011361702921086
0.15011361702921086
0.15011361702921086
0.15011361702921086
0.15011361702921086
0.15011361702921086
0.15011361702921086
0.15011361702921086
0.15011361702921086
0.15011361702921086
0.15011361702921086
0.15011361702921086
0.15011361702921086
0.15011361702921086
0.15011361702921086
0.15011361702921086
0.15011361702921086
0.15011361702921086
0.15011361702921086
0.15011361702921086
0.15011361702921086
0.15011361702921086
0.1792698632120443
0.08144462200521008
0.08144462200521008
0.08144462200521008
0.08144462200521008
0.08144462200521008
0.08144462200521008
0.08144462200521008
0.08144462200521008
0.08144462200521008
0.08144462200521008
0.08144462200521008
0.08144462200521008
0.08144462200521008
0.08144462200521008
0.08144462200521008
0.08144462200521008
0.08144462200521008
0.08144462200521008
0.08144462200521008
0.08144462200521008
0.08144462200521008
0.08144462200521008
0.08144462200521008
0.08144462200521008
0.08144462200521008
0.08144462200521008
0.08144462200521008
0.08144462200521008
0.08144462200521008
0.08144462200521008
0.08144462200521008
0.08144462200521008
0.08144462200521008
0.08144462200521008
0.08144462200521008
0.08144462200521008
0.08144462200521008
0.08144462200521008
0.08144462200521008
0.08144462200521008
0.08144462200521008
0.08144462200521008
0.08144462200521008
0.08144462200521008
0.08144462200521008
0.08144462200521008
0.08144462200521008
0.08144462200521008
0.08144462200521008
0.08144462200521008
0.08144462200521008
0.08144462200521008
0.08144462200521008
0.08144462200521008
0.08144462200521008
0.08144462200521008
0.1792698632120443
0.1792698632120443
0.1792698632120443
0.1792698632120443
0.1792698632120443
0.1792698632120443
0.1792698632120443
0.1792698632120443
0.1792698632120443
0.1792698632120443
0.1792698632120443
0.1792698632120443
0.1792698632120443
0.1792698632120443
0.1792698632120443
0.15011361702921086
0.32437525879708706
0.3297231025515393
0.3177973458075789
0.32437525879708706
0.3297231025515393
0.3194608389040905
0.3277022449901103
0.3347135818410742
0.32445131819362544
0.33269272427964525
0.33970406113060914
0.3294417974831604
0.3376832035691802
0.3482710505776441
0.34158529708769536
0.36605284912031155
0.5046964719114827
0.5106532659550225
0.5351137297320308
0.5776406441935182
0.6028939581565931
0.6466509418531365
0.6891778563146238
0.7116483490075086
0.6256410240441943
0.6362288710526581
0.6295431175627095
0.6413610338062294
0.6519488808146932
0.6400231240707328
0.646601037060241
0.6519488808146932
0.6400231240707328
0.646601037060241
0.6519488808146932
0.6568400974091313
0.659091912940355
0.6609689683338035
0.6634468086278518
0.6661463503557269
0.6688855084060501
0.6718382061274969
0.6613168075979823
0.6506291362380993
0.6415764439178078
0.6326469050931737
0.6544625705566584
0.6786861961380374
0.7025439741105232
0.7275430549000593
0.7376599665455578
0.746979040575599
0.7565588999442308
0.7650066130026237
0.7693502681477349
0.7705752300887555
0.7712733636423655
0.7708707817198279
0.7728453809169787
0.7757682218871453
0.7813684111158167
0.7876279777672309
0.7871792766259403
0.7837103873596963
0.7695092715491133
0.7531759653844685
0.7417201218397758
0.7319980903196677
0.716427307799478
0.6510816161320505
0.5864135533216768
0.5237006958622595
0.5059004874505132
0.4582256075835613
0.41822252737070487
0.43024482142116355
0.2671567133049929
0.25237218843525305
0.28961303782882825
0.26382972711196967
0.34354345725604074
0.3774573204565927
0.351674009739734
0.33356249867697085
0.36747636187752286
0.3416930511606642
0.32358154009790097
0.36082238949147627
0.3383660649676409
0.3175929649504591
0.3488452391965924
0.34555235514457117
0.34992418249103774
0.38383804569158964
0.3580547349747311
0.3107869777291344
0.34225537940807327
0.3489923509727366
0.3372887607735591
0.34225537940807327
0.3489923509727366
0.3389522538700708
0.34558236560109656
0.35398283026227156
0.3439427331596057
0.35057284489063145
0.3589733095518065
0.34893321244914066
0.3555633241801664
0.3675402989988415
0.36107671205367564
0.3839329697312977
0.5239657203326801
0.5301446809210028
0.552993850343017
0.5969098926147156
0.6223853731225734
0.6645310624641226
0.7084471047358213
0.7311397639734889
0.6435211446551805
0.6554981194738555
0.6490345325286898
0.6592411544172156
0.6712181292358906
0.6595145390367132
0.6644811576712272
0.6712181292358906
0.6595145390367132
0.6644811576712272
0.6712181292358906
0.678177169306514
0.6901585861707572
0.7023653700685731
0.7149018821430116
0.7282854868104819
0.7359711222350419
0.7434951188396144
0.7333863512119039
0.7212689704156166
0.6728382081776735
0.6409627216153061
0.6426608378882662
0.6490335582041513
0.65511133072818
0.6617698299041034
0.6553494008684981
0.6663467162886028
0.6779276808717444
0.6902403163758296
0.704074426492598
0.7186393890277197
0.7374052458762717
0.7566608388831647
0.7704980148090248
0.7803021273289962
0.780818660104879
0.7782925519893094
0.7734060259709026
0.7671119518837618
0.7587892710332013
0.7492722044174183
0.7430211463700027
0.7379772677067699
0.7306387415149584
0.673055401851726
0.6168566746787021
0.5604628680368914
0.5363436088075385
0.49498777975819314
0.456258224558748
0.46068794277818903
0.30391888547962476
0.2904078856232962
0.3200561591858537
0.3005918992866015
0.3815791544440839
0.4079004418136181
0.38843618191436596
0.37159819586501397
0.39791948323454823
0.378455223335296
0.36161723728594414
0.3912655108485017
0.3751282371422727
0.35562866213850225
0.3792883605536178
0.38231452731920307
0.38795987967908085
0.41428116704861506
0.3948169071493629
0.3488226749171775
0.3871166381464111
0.39534946247036434
0.37485411901598215
0.3871166381464111
0.39534946247036434
0.3765176121124937
0.3904436243394344
0.40033994175989923
0.3815080914020287
0.39543410362896936
0.4053304210494342
0.3864985706915636
0.40042458291850425
0.41389741049646916
0.39864207029609866
0.42879422846963555
0.5703228318303077
0.5677100391634257
0.5978551090813548
0.6432670041123433
0.6599507313649963
0.7093923212024605
0.754804216233449
0.7687051222159118
0.6883824033935183
0.7018552309714833
0.6865998907711127
0.7041024131555534
0.7175752407335183
0.697079897279136
0.709342416409565
0.7175752407335183
0.697079897279136
0.709342416409565
0.7175752407335183
0.7231961098490133
0.7294520455480928
0.7348971488046997
0.7428127410397329
0.7502295388491923
0.7554792629821382
0.7608506618368422
0.7513315949713865
0.7408531254569631
0.7308684535631542
0.7204483180971739
0.7302656541914708
0.7379608472670574
0.741099783020405
0.7429970259939289
0.735322795420662
0.7286744365933882
0.7200311096555582
0.7115251744286037
0.7090168931107569
0.7101637384402459
0.7179149118143168
0.727775528745607
0.7398026330988714
0.7525145414283269
0.7730486705888258
0.7931267720794745
0.8046739006630924
0.8110883925239321
0.8072036947739976
0.8004824593752002
0.7941668599737522
0.7875077655374091
0.7771810734442092
0.7159533927286821
0.6520511231751339
0.5870238128751255
0.5715380573039703
0.5215487245964272
0.47080579549417306
0.49588239127462086
0.33047983031785894
0.30495545655872125
0.35525060768228556
0.32715284412483564
0.396126725379509
0.44309489031004995
0.4149971267526001
0.3861457668004391
0.43311393173098006
0.4050161681735302
0.3761648082213693
0.4264599593449335
0.4016891819805069
0.37017623307392733
0.41448280905004964
0.4088754721574372
0.40250745061450593
0.4494756155450469
0.42137785198759703
0.3633702458526026
0.41545707160977147
0.434560819935808
0.3984507903240963
0.41545707160977147
0.434560819935808
0.40011428342060784
0.41878405780279476
0.4395512992253429
0.40510476271014284
0.42377453709232965
0.44454177851487775
0.4100952419996778
0.4287650163818646
0.45310876796191285
0.42223874160421276
0.45713466193299596
0.6095341892957514
0.5913067104715398
0.6261955425447152
0.682478361577787
0.6835474026731104
0.7377327546658209
0.7940155736988924
0.7923017935240259
0.7167228368568787
0.7410665884369269
0.7101965620792269
0.7324428466189138
0.7567865981989618
0.7206765685872502
0.7376828498729253
0.7567865981989618
0.7206765685872502
0.7376828498729253
0.7567865981989618
0.7758334368245635
0.7892250795768948
0.8021650416107211
0.8137708172882118
0.8242143681747469
0.8292827073882978
0.8336616589227679
0.8241964910459438
0.8133172768729897
0.805584032661708
0.7971851558849576
0.8142696600734834
0.8320150525103821
0.8461721654665493
0.8617996693981251
0.8658318472223007
0.870730440723587
0.8755491322201776
0.8800621946077798
0.8840843231656718
0.8874829706751403
0.8860186930646488
0.884054131652814
0.8808614849946143
0.8764815578918983
0.8816575549586511
0.8867964318980655
0.8917135864554654
0.8963101322866466
0.8899646152390471
0.8829993168973073
0.8752150966065267
0.8668056656592393
0.8595344498755018
0.8024327698945761
0.7426933523573789
0.682437811876342
0.6621802864862154
0.6169627235976438
0.5690476703739031
0.5865246204568658
0.42589382931907543
0.4031973314384513
0.4458928368645306
0.42256684312605214
0.494368600259239
0.5337371194922951
0.5104111257538166
0.4843876416801691
0.5237561609132251
0.5004301671747466
0.4744066831010993
0.5171021885271785
0.4971031809817234
0.4684181079536574
0.5051250382322947
0.5042894711586537
0.500749325494236
0.5401178447272919
0.5167918509888135
0.46161212073233265
0.454888454212791
0.47063413677338567
0.43853836029279075
0.454888454212791
0.47063413677338567
0.44020185338930234
0.45821544040581424
0.4756246160629206
0.44519233267883734
0.4632059196953492
0.48061509535245545
0.4501828119683723
0.46819639898488413
0.5914627877547138
0.5646070145281306
0.4965660445360155
0.6456075061333291
0.6313942804402344
0.6656269251477347
0.7185516784153646
0.7236349726418048
0.7771641372688404
0.8300888905364702
0.8323893634927206
0.7561542194598981
0.7771399052745045
0.7502841320479214
0.7718742292219334
0.7928599150365395
0.7607641385559447
0.7771142324759449
0.7928599150365395
0.7607641385559447
0.7771142324759449
0.7928599150365395
0.8078273133091831
0.8212011098486723
0.8342693641481751
0.8469394775153556
0.8593726954319355
0.8657929494148928
0.8715610950618585
0.8627970936610999
0.8527020519998639
0.8443965022281008
0.835273682285369
0.852270152195115
0.8691884494484559
0.8853083665496762
0.9022976084553662
0.9074712146167568
0.912710142813078
0.9187160639481755
0.924153765557589
0.9290345534871344
0.9331673782072932
0.9352285170668589
0.9355477186462426
0.9349478565926888
0.9326780503547449
0.9297700197003568
0.9255615971352956
0.9207278567928576
0.9155294150033836
0.9055404728572585
0.8964865052789212
0.8877088306623838
0.8793615343906205
0.8726339453072862
0.8151412725014311
0.7567409735967768
0.6981697171506175
0.6762279077256134
0.6326946288719193
0.5826547301382401
0.6005722416962639
0.441625734593351
0.41680439120278834
0.4599404581039286
0.43829874840032773
0.507975660023576
0.5477847407316929
0.5261430310280921
0.4979947014445061
0.5378037821526231
0.5161620724490222
0.4880137428654362
0.5311498097665766
0.5128350862559989
0.48202516771799436
0.5191726594716927
0.5200213764329292
0.514356385258573
0.5541654659666899
0.5325237562630891
0.4752191804966696
0.15011361702921086
0.15011361702921086
0.15011361702921086
0.15011361702921086
0.15011361702921086
0.15011361702921086
0.15011361702921086
0.15011361702921086
0.15011361702921086
0.15011361702921086
0.15011361702921086
0.15011361702921086
0.15011361702921086
0.15011361702921086
0.15011361702921086
0.15011361702921086
0.15011361702921086
0.15011361702921086
0.15011361702921086
0.15011361702921086
0.15011361702921086
0.15011361702921086
0.15011361702921086
0.1792698632120443
0.08144462200521008
0.08144462200521008
0.08144462200521008
0.08144462200521008
0.08144462200521008
0.08144462200521008
0.08144462200521008
0.08144462200521008
0.08144462200521008
0.08144462200521008
0.08144462200521008
0.08144462200521008
0.08144462200521008
0.08144462200521008
0.08144462200521008
0.08144462200521008
0.08144462200521008
0.08144462200521008
0.08144462200521008
0.08144462200521008
0.08144462200521008
0.08144462200521008
0.08144462200521008
0.08144462200521008
0.08144462200521008
0.08144462200521008
0.08144462200521008
0.08144462200521008
0.08144462200521008
0.08144462200521008
0.08144462200521008
0.08144462200521008
0.08144462200521008
0.08144462200521008
0.10446565138166826
0.10271122821081087
0.08144462200521008
0.10634383516842146
0.10332646091973052
0.10293800852378766
0.1273238350525848
0.10426803816281136
0.1022833883634475
0.12402899103901198
0.10304450030502864
0.08144462200521008
0.10296146956629211
0.10062818424836548
0.08984576386768352
0.08751247854975687
0.08144462200521008
0.08984576386768352
0.08751247854975687
0.08144462200521008
0.08984576386768352
0.08751247854975687
0.1792698632120443
0.18767100507451775
0.1853377197565911
0.1792698632120443
0.18767100507451775
0.1853377197565911
0.1792698632120443
0.18767100507451775
0.1853377197565911
0.1792698632120443
0.18767100507451775
0.1853377197565911
0.1792698632120443
0.18767100507451775
0.1853377197565911
0.15011361702921086
0.15011361702921086
0.15011361702921086
0.15011361702921086
0.15011361702921086
0.15011361702921086
0.15011361702921086
0.15011361702921086
0.15011361702921086
0.15011361702921086
0.15011361702921086
0.15011361702921086
0.15011361702921086
0.15011361702921086
0.15011361702921086
0.15011361702921086
0.15011361702921086
0.15011361702921086
0.15011361702921086
0.15011361702921086
0.15011361702921086
0.15011361702921086
0.15011361702921086
0.15011361702921086
0.1792698632120443
0.08144462200521008
0.08144462200521008
0.08144462200521008
0.08144462200521008
0.08144462200521008
0.08144462200521008
0.08144462200521008
0.08144462200521008
0.08144462200521008
0.08144462200521008
0.08144462200521008
0.08144462200521008
0.08144462200521008
0.08144462200521008
0.08144462200521008
0.08144462200521008
0.08144462200521008
0.08144462200521008
0.08144462200521008
0.08144462200521008
0.08144462200521008
0.08144462200521008
0.08144462200521008
0.08144462200521008
0.08144462200521008
0.08144462200521008
0.08144462200521008
0.08144462200521008
0.08144462200521008
0.08144462200521008
0.08144462200521008
0.08144462200521008
0.08144462200521008
0.08144462200521008
0.10446565138166826
0.10271122821081087
0.08144462200521008
0.10634383516842146
0.10332646091973052
0.10293800852378766
0.1273238350525848
0.10426803816281136
0.1022833883634475
0.12402899103901198
0.10304450030502864
0.08144462200521008
0.10296146956629211
0.10062818424836548
0.08984576386768352
0.08751247854975687
0.08144462200521008
0.08984576386768352
0.08751247854975687
0.08144462200521008
0.08984576386768352
0.08751247854975687
0.1792698632120443
0.18767100507451775
0.1853377197565911
0.1792698632120443
0.18767100507451775
0.1853377197565911
0.1792698632120443
0.18767100507451775
0.1853377197565911
0.1792698632120443
0.18767100507451775
0.1853377197565911
0.1792698632120443
0.18767100507451775
0.1853377197565911
0.15011361702921086
0.3599895857012839
0.36726058361532943
0.3415128756793501
0.3599895857012839
0.36726058361532943
0.3431763687758617
0.3633165718943072
0.37225106290486437
0.3481668480653967
0.3683070511838422
0.3772415421943993
0.3531573273549316
0.37329753047337705
0.4768191836452062
0.45631147896323854
0.4016671760245084
0.5422339529752728
0.5343687958267938
0.5707280566362277
0.6151781252573084
0.6266094880283642
0.6822652687573334
0.726715337378414
0.7353638788792798
0.6612553509483912
0.6737663521164483
0.6532586474344808
0.6769753607104263
0.6894863618784833
0.6637386539425041
0.6822153639644378
0.6894863618784833
0.6637386539425041
0.6822153639644378
0.6894863618784833
0.6974831822639387
0.7067490512465471
0.7152557013224566
0.7236071238628811
0.7316557700623019
0.7402960770294833
0.7493161736395283
0.7468169543639134
0.7441619185918547
0.7409730076899632
0.7367635153591364
0.7585024008943848
0.7801152257130284
0.8021543445981448
0.825930215943407
0.8359546375125483
0.8448761859681017
0.8459784776939954
0.8454942612994962
0.8442534821491228
0.8429347285629144
0.8411387610588408
0.8389495286733198
0.8382867050392246
0.8384380288726543
0.8414893236077251
0.8441894890970305
0.8430977048084559
0.8389506950662187
0.8342556407844245
0.8289264023941855
0.8257996820185404
0.824706030725332
0.8189127530979761
0.7619227666231796
0.700540692047572
0.6375539627424915
0.6200276261764084
0.5720788744637932
0.5236609470221281
0.5443719601470589
0.3810099801852249
0.35781060808667625
0.40374017655472355
0.3776829939922017
0.44898187690746394
0.49158445918248805
0.4655272766199661
0.4390009183283941
0.4816035006034181
0.4555463180408962
0.4290199597493242
0.4749495282173715
0.4522193318478729
0.4230313846018824
0.4629723779224877
0.45940562202480323
0.455362602142461
0.4979651844174849
0.47190800185496307
0.41622539738055764
0.353895454769016
0.35596817662138797
0.35182492959173955
0.353895454769016
0.35596817662138797
0.3534884226882512
0.35722244096203926
0.3609586559109229
0.3584789019777862
0.36221292025157426
0.3659491352004578
0.36346938126732103
0.36720339954110914
0.4271261999026327
0.4282229561269959
0.3955730450922405
0.5309415459813314
0.5446808497391831
0.5646339257039598
0.6038857182633669
0.6369215419407538
0.6761711378250654
0.7154229303844726
0.7456759327916692
0.6551612200161232
0.6624739451225069
0.6635707013468701
0.6708812297781582
0.6781939548845419
0.6740507078548934
0.67612123303217
0.6781939548845419
0.6740507078548934
0.67612123303217
0.6781939548845419
0.6802778468377839
0.6838091269672131
0.6872434065421649
0.6905611661210372
0.6937430104897875
0.6966565333289433
0.6997105143884418
0.6890290729295452
0.6780844727864638
0.6674835593871209
0.6569117233776733
0.6771361825493339
0.6998207436521677
0.7250324657807972
0.7512696189872315
0.7619815796856403
0.7715134266425495
0.7818939515508161
0.7917390021819771
0.8012059284596059
0.8113508265669227
0.8199608668907283
0.8286415833352913
0.831581942367824
0.8315338164603729
0.8266275640642882
0.8197745138127451
0.8093765528962246
0.7971496279196039
0.7791901757934196
0.7597425575086592
0.7397737740989876
0.7274647978987621
0.7217731649558646
0.677589972117228
0.6250122441762164
0.5711167404326288
0.5444991783050528
0.5056416521539305
0.46735865393616555
0.4688435122757032
0.31457275787536226
0.3015083150007137
0.32821172868336795
0.31124577168233897
0.39267958382150137
0.41605601131113235
0.3990900543101034
0.38269862524243153
0.4060750527320624
0.3891090957310336
0.37271766666336165
0.39942108034601587
0.3857821095380102
0.3667290915159198
0.3874439300511321
0.3929683997149405
0.3990603090564984
0.4224367365461293
0.40547077954510036
0.35992310429459506
0.3635924745956401
0.3721566519836905
0.35232552195273614
0.3635924745956401
0.3721566519836905
0.3539890150492478
0.3669194607886634
0.37714713127322547
0.3589794943387828
0.3719099400781984
0.3821376105627603
0.3639699736283176
0.3769004193677332
0.3907046000097954
0.37611347323285266
0.4052700649188646
0.547130021343634
0.5451814421001797
0.5743309455305838
0.6200741936256695
0.6374221343017503
0.6858681576516895
0.731611405746775
0.7461765251526659
0.7626834810495815
0.6786624204848093
0.6640712937078668
0.6805782496047824
0.6943824302468443
0.6745513002158902
0.6858182528587939
0.6943824302468443
0.6745513002158902
0.6858182528587939
0.6943824302468443
0.7018498561701684
0.7071105025621456
0.7117931845980626
0.7169522261649695
0.7228179260774126
0.7301212038942164
0.737749305004849
0.7337325494297744
0.7304426411537748
0.7307046261626274
0.7311256661796871
0.7560948274529044
0.7796566507737552
0.8012061751749671
0.8234287566381937
0.832865306730956
0.84248023338116
0.8480726367174432
0.8534817117786188
0.8572259133559245
0.8593412215959352
0.8592711295723342
0.8584077821763733
0.8558868109531937
0.8525602818324367
0.8503065217050924
0.8479125214311459
0.8439671839024887
0.8381363065921494
0.8303492874411342
0.8227170216072046
0.8142392896640763
0.806749373040848
0.791791219160713
0.7256134037459258
0.6585442262919508
0.592161423425953
0.5780311604207873
0.5266863351472546
0.4785912514186889
0.5023754943914378
0.33561744086868633
0.3127409124832371
0.36174371079910245
0.33229045467566304
0.40391218130402484
0.44958799342686684
0.4201347373034275
0.3939312227249549
0.439607034847797
0.4101537787243576
0.383950264145885
0.4329530624617504
0.40682679253133436
0.3779616889984432
0.4209759121668666
0.4140130827082646
0.4102929065390218
0.4559687186618638
0.42651546253842443
0.37115570177711843
0.35109766520777336
0.34928770062430864
0.35415514733653847
0.35109766520777336
0.34928770062430864
0.3558186404330501
0.35442465140079665
0.3542781799138435
0.36080911972258506
0.35941513069033154
0.35926865920337847
0.36579959901211995
0.3644056099798665
0.36783564865041346
0.377943098616655
0.3927752555309978
0.524261069984252
0.5470110674839821
0.561836136142717
0.5972052422662876
0.6392517596855527
0.6733733482638228
0.7087424543873933
0.7480061505364682
0.7501886716617147
0.6557934691254276
0.6659009190916692
0.6680834402169157
0.6715134788874626
0.6763809255996924
0.6733234434709272
0.6715134788874626
0.6763809255996924
0.6733234434709272
0.6715134788874626
0.67077516906124
0.6731774506668834
0.6761080404069113
0.6781279548248978
0.7030136542603552
0.7140154202208923
0.7258343672140009
0.6967646364241142
0.6793698179060271
0.6636735107091893
0.6873770563097689
0.7163104511491382
0.7451657957872053
0.7695489001163675
0.7908297408407408
0.797296218827351
0.8026290537720319
0.8004796244339846
0.7968791101788815
0.7962553203676993
0.7969154291635374
0.8028753716522381
0.8097166810052999
0.8058148056121863
0.7964418030826127
0.7783998622953058
0.7578954257084609
0.7421907999458559
0.7277774222368291
0.7071630520653902
0.6935528327918649
0.6845293335172727
0.6783457223421572
0.6720262624214149
0.6152359070155572
0.5576330478442483
0.49955477490725536
0.4771199819730847
0.43407968662855706
0.39500081944043297
0.40146431594373516
0.2430107923499888
0.22915048050498119
0.26083253235139986
0.2396838061569655
0.32032174932576885
0.3486768149791643
0.3275280887847299
0.310340790746699
0.33869585640009436
0.31754713020566
0.3003598321676292
0.3320418840140478
0.3142201440126367
0.29437125702018724
0.320064733719164
0.32140643418956705
0.32670247456076584
0.35505754021416125
0.3339088140197269
0.2875652697988626
0.3018499041090685
0.30419729614854296
0.29971150800035096
0.3018499041090685
0.30419729614854296
0.3013750010968626
0.3051768903020918
0.30918777543807785
0.30636548038639755
0.3101673695916267
0.3141782547276128
0.31135595967593244
0.31515784888116155
0.3227452441746478
0.32349945928046747
0.3435274944322929
0.47917066550848636
0.49256742814779453
0.5125883750440122
0.552114837790522
0.5848081203493651
0.6241255871651179
0.6636520499116275
0.6935625112002807
0.7009409105630099
0.6107030646496618
0.6114572797554816
0.6188356791182107
0.6264230744116969
0.6219372862635049
0.6240756823722224
0.6264230744116969
0.6219372862635049
0.6240756823722224
0.6264230744116969
0.628912917724487
0.6343564067954651
0.6400551212326907
0.6612907255633305
0.6711374774172213
0.6754754196456706
0.6783718371861912
0.6685354575501196
0.6584895065393308
0.6507702258751331
0.643221548297447
0.6639099891748299
0.6849940208190302
0.7103971738344399
0.7365634807021142
0.750624520627619
0.764950970832809
0.776998791837504
0.7886860317780491
0.7950779422806571
0.7980818992109106
0.7869038390285304
0.7743168998865723
0.7618574657811173
0.7512014047436251
0.7501947440213221
0.7494895679760356
0.7191294403983423
0.7049433717705214
0.6928724071838839
0.6843712366910896
0.6888041235671604
0.6868163333780621
0.6857359188532384
0.6323102460136407
0.5799078590157607
0.527644201654595
0.49939479314459706
0.4621691133758967
0.42336056703875
0.42373912711524747
0.27110021909732834
0.25751022810329816
0.28310734352291217
0.2677732329043051
0.34868149692408584
0.3709516261506766
0.3556175155320695
0.33870053834501596
0.3609706675716067
0.3456365569529996
0.3287195797659461
0.35431669518556014
0.3423095707599763
0.32273100461850424
0.3423395448906763
0.3494958609369067
0.3550622221590829
0.37733235138567356
0.36199824076706655
0.31592501739717954
0.15011361702921086
0.15011361702921086
0.15011361702921086
0.15011361702921086
0.15011361702921086
0.15011361702921086
0.15011361702921086
0.15011361702921086
0.15011361702921086
0.15011361702921086
0.15011361702921086
0.15011361702921086
0.15011361702921086
0.15011361702921086
0.15011361702921086
0.15011361702921086
0.15011361702921086
0.15011361702921086
0.15011361702921086
0.15011361702921086
0.15011361702921086
0.15011361702921086
0.15011361702921086
0.1792698632120443
0.1792698632120443
0.08144462200521008
0.08144462200521008
0.08144462200521008
0.08144462200521008
0.08144462200521008
0.08144462200521008
0.08144462200521008
0.08144462200521008
0.08144462200521008
0.08144462200521008
0.08144462200521008
0.08144462200521008
0.08144462200521008
0.08144462200521008
0.08144462200521008
0.08144462200521008
0.08144462200521008
0.08144462200521008
0.08144462200521008
0.08144462200521008
0.08144462200521008
0.08144462200521008
0.08144462200521008
0.08144462200521008
0.08144462200521008
0.08144462200521008
0.08144462200521008
0.08144462200521008
0.08144462200521008
0.08144462200521008
0.08144462200521008
0.08144462200521008
0.08144462200521008
0.08144462200521008
0.08144462200521008
0.08144462200521008
0.08144462200521008
0.08144462200521008
0.08144462200521008
0.08144462200521008
0.08144462200521008
0.08144462200521008
0.08144462200521008
0.08144462200521008
0.08144462200521008
0.08144462200521008
0.08144462200521008
0.08144462200521008
0.08144462200521008
0.08144462200521008
0.08144462200521008
0.08144462200521008
0.08144462200521008
0.08144462200521008
0.08144462200521008
0.1792698632120443
0.1792698632120443
0.1792698632120443
0.1792698632120443
0.1792698632120443
0.1792698632120443
0.1792698632120443
0.1792698632120443
0.1792698632120443
0.1792698632120443
0.1792698632120443
0.1792698632120443
0.1792698632120443
0.1792698632120443
0.1792698632120443
0.15011361702921086
0.15011361702921086
0.15011361702921086
0.15011361702921086
0.15011361702921086
0.15011361702921086
0.15011361702921086
0.15011361702921086
0.15011361702921086
0.15011361702921086
0.15011361702921086
0.15011361702921086
0.15011361702921086
0.15011361702921086
0.15011361702921086
0.15011361702921086
0.15011361702921086
0.15011361702921086
0.15011361702921086
0.15011361702921086
0.15011361702921086
0.15011361702921086
0.15011361702921086
0.15011361702921086
0.1792698632120443
0.1792698632120443
0.08144462200521008
0.08144462200521008
0.08144462200521008
0.08144462200521008
0.08144462200521008
0.08144462200521008
0.08144462200521008
0.08144462200521008
0.08144462200521008
0.08144462200521008
0.08144462200521008
0.08144462200521008
0.08144462200521008
0.08144462200521008
0.08144462200521008
0.08144462200521008
0.08144462200521008
0.08144462200521008
0.08144462200521008
0.08144462200521008
0.08144462200521008
0.08144462200521008
0.08144462200521008
0.08144462200521008
0.08144462200521008
0.08144462200521008
0.08144462200521008
0.08144462200521008
0.08144462200521008
0.08144462200521008
0.08144462200521008
0.08144462200521008
0.08144462200521008
0.08144462200521008
0.08144462200521008
0.08144462200521008
0.08144462200521008
0.08144462200521008
0.08144462200521008
0.08144462200521008
0.08144462200521008
0.08144462200521008
0.08144462200521008
0.08144462200521008
0.08144462200521008
0.08144462200521008
0.08144462200521008
0.08144462200521008
0.08144462200521008
0.08144462200521008
0.08144462200521008
0.08144462200521008
0.08144462200521008
0.08144462200521008
0.08144462200521008
0.1792698632120443
0.1792698632120443
0.1792698632120443
0.1792698632120443
0.1792698632120443
0.1792698632120443
0.1792698632120443
0.1792698632120443
0.1792698632120443
0.1792698632120443
0.1792698632120443
0.1792698632120443
0.1792698632120443
0.1792698632120443
0.1792698632120443
0.15011361702921086
0.495375654371899
0.5121241072205592
0.4784537491553277
0.495375654371899
0.5121241072205592
0.48011724225183927
0.4987026405649223
0.5171145865100942
0.48510772154137427
0.5036931198544572
0.522105065799629
0.4900982008309092
0.5086835991439921
0.6460852834958829
0.617654928684663
0.5370532446951234
0.6870974765805027
0.6713096693027711
0.7061141253068427
0.7600416488625382
0.7635503615043417
0.8176513374279484
0.8715788609836438
0.8723047523552575
0.8944666608258404
0.8186298757216781
0.7901995209104583
0.8123614293810414
0.8343498854837131
0.8006795274184816
0.8176014326350529
0.8343498854837131
0.8006795274184816
0.8176014326350529
0.8343498854837131
0.8506632896971981
0.8627564763938672
0.8741555658343418
0.8841337806718685
0.8932603889233329
0.8989255516283023
0.903919022823249
0.8945278955158712
0.8833638844849436
0.8728230152756474
0.8610194007539214
0.8736299810553023
0.8849364325664311
0.88951919551647
0.8949598512904363
0.8856976305080486
0.8758651511331424
0.8679021696265558
0.8594656687437959
0.8598280663691242
0.8640465802913717
0.8686114415416769
0.8750662959666279
0.8688627147601462
0.8564173680881981
0.8456442812640822
0.8312543308057174
0.8251919713974903
0.8226546412461303
0.821576369540596
0.8217183421037062
0.8256975709126391
0.8306451734071143
0.8330780003106811
0.7854091009899826
0.7300963772171442
0.6717367858355596
0.6495833113459806
0.6062616975568613
0.5608859057384837
0.573927645316631
0.415192803278293
0.395035566803032
0.43329586172429574
0.41186581708526976
0.48620683562381967
0.5211401443520601
0.49971009971303415
0.47622587704474983
0.5111591857729902
0.48972914113396426
0.46624491846567995
0.5045052133869437
0.48640215494094097
0.460256343318238
0.4925280630920598
0.4935884451178713
0.4925875608588166
0.527520869587057
0.506090824948031
0.4534503560969133
0.4591607828046559
0.4778587456643435
0.4406344550808424
0.4591607828046559
0.4778587456643435
0.44229794817735396
0.4624877689976792
0.48284922495387844
0.44728842746688896
0.4674782482872141
0.4878397042434134
0.4522789067564239
0.472468727576749
0.5874173456942202
0.5554330583647308
0.5008383731278803
0.652832115024287
0.633490375228286
0.6698992537395996
0.7257762873063225
0.7257310674298565
0.7814364658607051
0.837313499427428
0.8344854582807721
0.8582517892585972
0.7843645141654624
0.7523802268359729
0.7761465578137982
0.8000845239274974
0.7628602333439962
0.7813865610678097
0.8000845239274974
0.7628602333439962
0.7813865610678097
0.8000845239274974
0.8186827084566098
0.8307734800471439
0.8422290924848299
0.8525481528069018
0.8619027382277306
0.8692008759541123
0.8759333070836065
0.8683282126105355
0.859524589449475
0.8513177681420688
0.8425228280407516
0.8607989512667167
0.8799858507079017
0.8991133801476887
0.9188410391676852
0.9267706058090301
0.933784784508056
0.9378823887430238
0.9423415851053965
0.945474773958979
0.9491675193324056
0.9544202264584645
0.9593687489393663
0.9633106857305769
0.9663920665213294
0.9641421345423679
0.960591559183745
0.9544737084920163
0.946790893550472
0.9380897324363366
0.9291670640624544
0.9169530680091229
0.9047904258894365
0.8370996660193187
0.7501976706210324
0.6697252226820559
0.593084055587397
0.5892121568108923
0.5276089673086987
0.4831180103551807
0.5135564907815428
0.3365400730301304
0.3172676714197289
0.37292470718920745
0.33321308683710715
0.40843894024051663
0.46076898981697184
0.42105736946487154
0.3984579816614467
0.450788031237902
0.4110764108858016
0.38847702308237686
0.4441340588518554
0.40774942469277836
0.38248844793493497
0.4321569085569716
0.41493571486970876
0.4148196654755136
0.4671497150519688
0.4274380946998685
0.3756824607136103
0.45071465206976413
0.47340793961222394
0.42758502253281205
0.45071465206976413
0.47340793961222394
0.4292485156293237
0.45404163826278743
0.4783984189017589
0.43423899491885865
0.45903211755232237
0.48338889819129377
0.43922947420839353
0.46402259684185726
0.5686113362463978
0.5280284224209976
0.4923922423929886
0.6483813089721674
0.6204409426802556
0.6614531230047079
0.7213254812542028
0.7126816348818262
0.7729903351258136
0.8328626933753086
0.8214360257327418
0.8498056585237056
0.7799137081133427
0.7393307942879427
0.7677004270789064
0.795633717875378
0.749810800795966
0.7729404303329181
0.795633717875378
0.749810800795966
0.7729404303329181
0.795633717875378
0.8184654497945203
0.8344241300904542
0.8493445487863837
0.8627873509130924
0.8751032976571531
0.8806616903661437
0.886149869162383
0.8771933985078961
0.8671894015978964
0.8573225393564439
0.8466804061863731
0.8633066871065754
0.8805077583126393
0.901866516576632
0.9240670513311808
0.9341053945014587
0.9430301566246616
0.9441223527015035
0.9431261982577775
0.9417669462908209
0.940883920771305
0.9351712046213415
0.9285348025032063
0.9151121242822373
0.8988572068514108
0.8822427114595474
0.8645693798513566
0.8577859907352462
0.8555361375937041
0.8645614319884267
0.8754015022311284
0.878155757630669
0.8780040471160011
0.8482586792216418
0.7445989978900379
0.6577314945865547
0.576223915758769
0.577218428715391
0.5107488274800707
0.46249229660671554
0.5015627626860415
0.3196799332015023
0.29664195767126367
0.3609309790937062
0.4141781882153133
0.38781322649205135
0.4487752617214706
0.40419722963624344
0.3778322679129815
0.43879430314240064
0.3942162710571736
0.36785130933391164
0.4321403307563541
0.3908892848641503
0.36186273418646975
0.42016318046147033
0.39807557504108054
0.39419395172704835
0.45515598695646753
0.4105779548712405
0.35505674696514505
0.40523430671719773
0.41949657575188254
0.3913016171409338
0.40523430671719773
0.41949657575188254
0.3929651102374454
0.40856129291022103
0.4244870550414174
0.3979555895269804
0.4135517721997559
0.42947753433095237
0.40294606881651535
0.41854225148929086
0.43804452377798736
0.4150895684210503
0.4469118970404222
0.5944699451118259
0.5841575372883774
0.6159727776521414
0.6674141173938615
0.676398229489948
0.7275099897732472
0.7789513295149672
0.7851526203408635
0.8043253131711392
0.7260023442530014
0.7030473888960644
0.72222008172634
0.7417223540150365
0.7135273954040877
0.7274600849803518
0.7417223540150365
0.7135273954040877
0.7274600849803518
0.7417223540150365
0.7557945807524798
0.7675528070991824
0.7793492295240101
0.7906588870721503
0.8017826171074692
0.8078726517341518
0.8132754562600706
0.8042818706139089
0.7940204835226683
0.7868330148623072
0.7792920758518334
0.7980482218173661
0.8174564500927909
0.8365867149588552
0.8571363229296993
0.8662906837722565
0.8756930404372076
0.88290194790279
0.8888143578005142
0.8928729440315114
0.8959818212642054
0.8964015505222358
0.8962226152357747
0.8959494938495239
0.8957431618573234
0.8953600330041613
0.8945596923159054
0.8927933979197769
0.8901384813752873
0.8862508320787713
0.8814181675673256
0.8752441173040808
0.8685333654493831
0.8589655989042662
0.7991435466207422
0.7366686902833635
0.6733799661675958
0.6561556244122
0.6079048778888974
0.5588069659976259
0.5804999583828504
0.41683598361032914
0.39295662706217416
0.43986817479051515
0.5113342386241401
0.4841278958829618
0.5277124574182797
0.5013532800450703
0.47414693730389196
0.5177314988392097
0.4913723214660004
0.4641659787248221
0.5110775264531632
0.4880453352729771
0.45817740357738024
0.4991003761582793
0.49523162544990734
0.49050862111795873
0.5340931826532765
0.5077340052800672
0.4513714163560555
0.4466510109275505
0.46354444514492055
0.4294614366994711
0.4466510109275505
0.46354444514492055
0.43112492979598277
0.4499779971205738
0.4685349244344555
0.4361154090855177
0.45496847641010874
0.4735254037239904
0.4411058883750526
0.4599589556996436
0.5731030451747973
0.5442600399833595
0.488328601250775
0.638517814504864
0.6223173568469147
0.6573894818624942
0.7114619867868994
0.7145580490484853
0.7689266939835999
0.8229991989080052
0.823312439899401
0.845742017381492
0.7700502136460393
0.7412072084546016
0.7636367859366928
0.7857702234080746
0.7516872149626251
0.7688767891907045
0.7857702234080746
0.7516872149626251
0.7688767891907045
0.7857702234080746
0.8032327135691258
0.8136640948467242
0.8233706627534013
0.8316804616879183
0.8390335948849393
0.8438532562994419
0.8476985485137004
0.8381129901350605
0.8276361490633711
0.817185169742307
0.8066913352436174
0.8211281004141096
0.8359534921775897
0.8506978802288804
0.865822151187602
0.8693728794809975
0.8730173059455085
0.8772263301785014
0.8813903611596976
0.8845619708494583
0.8869065531338352
0.8915434004880197
0.8959296066520851
0.9016810592855757
0.9079852395586783
0.9068940510615973
0.9048449078483435
0.900515911314719
0.8946859479009578
0.8901525391910654
0.8852603698664905
0.8785864351537134
0.8712535806732636
0.8611126285411089
0.8001424047194063
0.7370936882896402
0.6728220004308444
0.6565806224184766
0.6073469121521461
0.5580573986553241
0.5809249563891271
0.41627801787357777
0.39220705971987235
0.44029317279679187
0.5107762728873887
0.48337832854066004
0.5281374554245563
0.5007953143083189
0.4733973699615901
0.5181564968454864
0.49081435572924903
0.46341641138252027
0.5115025244594398
0.48748736953622573
0.4574278362350784
0.499525374164556
0.4946736597131561
0.489759053775657
0.5345181806595533
0.5071760395433159
0.45062184901375363
0.15011361702921086
0.15011361702921086
0.15011361702921086
0.15011361702921086
0.15011361702921086
0.15011361702921086
0.15011361702921086
0.15011361702921086
0.15011361702921086
0.15011361702921086
0.15011361702921086
0.15011361702921086
0.15011361702921086
0.15011361702921086
0.15011361702921086
0.15011361702921086
0.15011361702921086
0.15011361702921086
0.15011361702921086
0.15011361702921086
0.15011361702921086
0.15011361702921086
0.15011361702921086
0.1792698632120443
0.1792698632120443
0.08144462200521008
0.08144462200521008
0.08144462200521008
0.08144462200521008
0.08144462200521008
0.08144462200521008
0.08144462200521008
0.08144462200521008
0.08144462200521008
0.08144462200521008
0.08144462200521008
0.08144462200521008
0.08144462200521008
0.08144462200521008
0.08144462200521008
0.08144462200521008
0.08144462200521008
0.08144462200521008
0.08144462200521008
0.08144462200521008
0.08144462200521008
0.08144462200521008
0.08144462200521008
0.08144462200521008
0.08144462200521008
0.08144462200521008
0.08144462200521008
0.08144462200521008
0.08144462200521008
0.08144462200521008
0.08144462200521008
0.08144462200521008
0.08144462200521008
0.08144462200521008
0.08144462200521008
0.08144462200521008
0.08144462200521008
0.08144462200521008
0.08144462200521008
0.08144462200521008
0.08144462200521008
0.08144462200521008
0.08144462200521008
0.08144462200521008
0.08144462200521008
0.08144462200521008
0.08144462200521008
0.08144462200521008
0.08144462200521008
0.08144462200521008
0.08144462200521008
0.08144462200521008
0.08144462200521008
0.08144462200521008
0.1792698632120443
0.1792698632120443
0.1792698632120443
0.1792698632120443
0.1792698632120443
0.1792698632120443
0.1792698632120443
0.1792698632120443
0.1792698632120443
0.1792698632120443
0.1792698632120443
0.1792698632120443
0.1792698632120443
0.1792698632120443
0.1792698632120443
0.1792698632120443
0.15011361702921086
0.15011361702921086
0.15011361702921086
0.15011361702921086
0.15011361702921086
0.15011361702921086
0.15011361702921086
0.15011361702921086
0.15011361702921086
0.15011361702921086
0.15011361702921086
0.15011361702921086
0.15011361702921086
0.15011361702921086
0.15011361702921086
0.15011361702921086
0.15011361702921086
0.15011361702921086
0.15011361702921086
0.15011361702921086
0.15011361702921086
0.15011361702921086
0.15011361702921086
0.15011361702921086
0.1792698632120443
0.1792698632120443
0.08144462200521008
0.08144462200521008
0.08144462200521008
0.08144462200521008
0.08144462200521008
0.08144462200521008
0.08144462200521008
0.08144462200521008
0.08144462200521008
0.08144462200521008
0.08144462200521008
0.08144462200521008
0.08144462200521008
0.08144462200521008
0.08144462200521008
0.08144462200521008
0.08144462200521008
0.08144462200521008
0.08144462200521008
0.08144462200521008
0.08144462200521008
0.08144462200521008
0.08144462200521008
0.08144462200521008
0.08144462200521008
0.08144462200521008
0.08144462200521008
0.08144462200521008
0.08144462200521008
0.08144462200521008
0.08144462200521008
0.08144462200521008
0.08144462200521008
0.08144462200521008
0.08144462200521008
0.08144462200521008
0.08144462200521008
0.08144462200521008
0.08144462200521008
0.08144462200521008
0.08144462200521008
0.08144462200521008
0.08144462200521008
0.08144462200521008
0.08144462200521008
0.08144462200521008
0.08144462200521008
0.08144462200521008
0.08144462200521008
0.08144462200521008
0.08144462200521008
0.08144462200521008
0.08144462200521008
0.08144462200521008
0.1792698632120443
0.1792698632120443
0.1792698632120443
0.1792698632120443
0.1792698632120443
0.1792698632120443
0.1792698632120443
0.1792698632120443
0.1792698632120443
0.1792698632120443
0.1792698632120443
0.1792698632120443
0.1792698632120443
0.1792698632120443
0.1792698632120443
0.1792698632120443
0.15011361702921086
0.40312698271646247
0.4154746134850692
0.38992731000218245
0.40312698271646247
0.4154746134850692
0.39159080309869404
0.40645396890948576
0.42046509277460414
0.396581282388229
0.4114444481990207
0.425455572064139
0.4015717616777639
0.41643492748855565
0.47271739176709965
0.45241009153822453
0.4448045730396869
0.5904479828450127
0.582783230149626
0.6138654536514062
0.6633921551270482
0.6750239223511966
0.7254026657725119
0.7749293672481538
0.7837783132021122
0.8022179891704039
0.7219803819861881
0.701673081757313
0.7201127577256048
0.7377003917482231
0.7121530882653364
0.7253527609796164
0.7377003917482231
0.7121530882653364
0.7253527609796164
0.7377003917482231
0.7496417315401229
0.7609102309548023
0.7719212886819917
0.781663785423816
0.7907434752031627
0.7966658209373136
0.8019499154208568
0.7929943033068347
0.7828295189181669
0.772004263839208
0.7603875470293179
0.7741715479518012
0.7886688148779623
0.8055654499019526
0.8250987574312518
0.831942327800659
0.8382830058117111
0.839819350133438
0.8406730883179918
0.8424023606201092
0.8446067090717514
0.8512111389732469
0.8581282945699289
0.8641025405846501
0.8693139463938094
0.8720648402029969
0.8734669701782213
0.8731337780717993
0.8716197764023591
0.8666141092819285
0.861252241736912
0.855058508365368
0.8485395030450843
0.8387358973449461
0.779009464996659
0.7160572108789225
0.6527120203735477
0.6355441450077589
0.5872369320948494
0.5376965175530485
0.5598884789784093
0.3961680378162811
0.3718461786175968
0.419256695386074
0.49066629283009205
0.4630174474383844
0.5071009780138385
0.4806853342510223
0.4530364888593146
0.4971200194347686
0.4707043756719524
0.4430555302802447
0.490466047048722
0.4673773894789291
0.43706695513280275
0.47848889675383816
0.4745636796558594
0.46939817267338135
0.5134817032488354
0.4870660594860192
0.43026096791147805
0.40306956338855066
0.4161174444382641
0.3902070229885782
0.40306956338855066
0.4161174444382641
0.39187051608508977
0.40639654958157395
0.421107923727799
0.39686099537462477
0.41138702887110884
0.4260984030173339
0.4018514746641597
0.4163775081606438
0.4755202647427749
0.4548498465471007
0.4447471537117751
0.5910908137982075
0.5830629431360218
0.6138080343234943
0.664034986080243
0.6753036353375923
0.7253452464446
0.7755721982013486
0.7840580261885078
0.802160569842492
0.7226232129393829
0.7019527947437088
0.7200553383976929
0.738343222701418
0.712432801251732
0.7252953416517045
0.738343222701418
0.712432801251732
0.7252953416517045
0.738343222701418
0.7519527924692567
0.7632349250908986
0.7743642170264913
0.7849764117527296
0.7951520550264557
0.8007555475396403
0.8055986045010978
0.7962176219834495
0.7855437939075113
0.7786127364390286
0.7708019663327315
0.7895043989613117
0.8085037489187112
0.8242000980682486
0.8408420746146386
0.8453095348301168
0.8497290668331363
0.8526473274903525
0.855575146672882
0.8578242398322157
0.8594010420583581
0.8625558216598179
0.8647564295639817
0.8656002606852966
0.865642175431193
0.861880178883393
0.857957340260987
0.8528535261030176
0.8472718521031685
0.8449391374180828
0.8415311684857456
0.8357562010789004
0.8291738956495138
0.8156010983917847
0.7506265996230748
0.6851695361105726
0.619044052060071
0.6046564702394092
0.5535689637813727
0.5053900378250451
0.5290008042100597
0.36250006950280433
0.33953969888959323
0.3883690206177243
0.45699832451661526
0.430710967710381
0.4762133032454887
0.4470173659375455
0.42073000913131103
0.4662323446664189
0.4370364073584756
0.4107490505522412
0.4595783722803723
0.4337094211654523
0.4047604754047993
0.44760122198548846
0.4408957113423826
0.4370916929453779
0.48259402848048566
0.4533980911725425
0.39795448818347456
0.4124155735079097
0.42998853211763627
0.39600430644385354
0.4124155735079097
0.42998853211763627
0.39766779954036513
0.415742559700933
0.4349790114071712
0.40265827882990013
0.42073303899046793
0.43996949069670604
0.4076487581194351
0.4257235182800028
0.539547132147513
0.510802909727742
0.45409316383113413
0.6049619014775797
0.5888602265912971
0.6231540444428534
0.6779060737596153
0.6811009187928677
0.7346912565639591
0.7894432858807209
0.7898553096437833
0.811506579961851
0.7364943006187552
0.7077500781989842
0.729401348517052
0.7522143103807902
0.7182300847070074
0.7346413517710636
0.7522143103807902
0.7182300847070074
0.7346413517710636
0.7522143103807902
0.769119203734987
0.7778711386853109
0.7863666087193059
0.7931925107638412
0.7987386003958107
0.8031739611879531
0.8070044324459693
0.7978137852532581
0.7879991074683649
0.7786967282513805
0.76893574851369
0.7824608960671036
0.7956058376911266
0.8140611605422503
0.8338146476573377
0.8449196600822109
0.8579706403249797
0.8626351745563936
0.8673852220756133
0.8683145708510577
0.866562417094434
0.8678673636045482
0.8680805511188386
0.8708350370058228
0.8738163864991881
0.873222321705698
0.8729465803587009
0.869114142486897
0.8632333600075972
0.8589818585572875
0.8543616856029851
0.8502518689433362
0.8461603834149496
0.8401528255352163
0.7841856200117862
0.7241536118633398
0.6625511767427641
0.6436405459921762
0.5970760884640658
0.5473251795872313
0.5679848799628268
0.4060071941854975
0.3814748406517795
0.42735309637049146
0.5005054491993085
0.47264610947256713
0.5151973789982559
0.4905244906202386
0.4626651508934973
0.505216420419186
0.48054353204116873
0.45268419231442747
0.4985624480331394
0.4772165458481455
0.44669561716698547
0.4865852977382556
0.4844028360250758
0.4790268347075641
0.5215781042332528
0.49690521585523556
0.4398896299456608
0.445673584287169
0.46352289766968685
0.42714237950387074
0.445673584287169
0.46352289766968685
0.4288058726003824
0.44900057048019226
0.46851337695922174
0.4337963518899173
0.4539910497697272
0.4735038562487567
0.4387868311794522
0.45898152905926215
0.5730814976995636
0.5419409827877592
0.4873511746103935
0.6384962670296302
0.6199982996513143
0.6564120552221128
0.7114404393116658
0.7122389918528849
0.7679492673432184
0.8229776514327715
0.8209933827038005
0.8447645907411105
0.7700286661708057
0.7388881512590013
0.7626593592963112
0.7857486759328408
0.7493681577670247
0.767899362550323
0.7857486759328408
0.7493681577670247
0.767899362550323
0.7857486759328408
0.8038926140486317
0.818731581228276
0.8331410605609104
0.8464130538420765
0.8588308741859233
0.8661363860322652
0.8727866975629834
0.8645150393461236
0.8547490206157372
0.8445793077525939
0.8333104875173386
0.8484448597668419
0.8640201293536699
0.8814161788181433
0.9006152540894691
0.9083451560214546
0.9165736631719865
0.9227019804540171
0.9281676537058771
0.9330249110318093
0.93720603562184
0.9418113263727848
0.9458130621325224
0.9487304570368053
0.9507400086188615
0.9469324478935942
0.9420837674879412
0.9357270485131599
0.9283085079146821
0.9221698009196465
0.9158566524447167
0.908504458960444
0.9008773378611358
0.8901743177334436
0.8274278986782974
0.76271484275137
0.6977657817868206
0.6822017768802064
0.6322906935081223
0.5808893204813272
0.606546110850857
0.441221799229554
0.4150389815458755
0.4659143272585217
0.535720054243365
0.5062102503666631
0.5537586098862861
0.5257390956642951
0.49622929178759323
0.5437776513072161
0.5157581370852252
0.48624833320852334
0.5371236789211696
0.5124311508922019
0.48025975806108145
0.5251465286262859
0.5196174410691322
0.5125909756016601
0.560139335121283
0.532119820899292
0.47345377083975676
0.4681714783019105
0.482427133440759
0.4529105480893658
0.4681714783019105
0.482427133440759
0.4545740411858774
0.4714984644949338
0.48741761273029394
0.45956452047541235
0.4764889437844687
0.49240809201982877
0.4645549997649473
0.48147942307400365
0.6163883097160827
0.5921117276187011
0.509849068625135
0.6574005028007023
0.6457664682368094
0.6789099492368542
0.730344675082738
0.7380071604383799
0.79044716135796
0.8418818872038436
0.8467615512892955
0.867262484755852
0.7889329019418779
0.7646563198444963
0.7851572533110528
0.804652911703913
0.7751363263525198
0.7903972565650645
0.804652911703913
0.7751363263525198
0.7903972565650645
0.804652911703913
0.8187328841284984
0.8338310536137654
0.8489552492099377
0.8631182982978798
0.8766801601912333
0.8841228467693865
0.8910769778939043
0.8831943287972539
0.873575148574129
0.8648228695556389
0.8549817707400231
0.8719655136836508
0.8893317839981191
0.9039246393853646
0.9192785549396322
0.92200429498194
0.924940549291735
0.9289655121187179
0.9330452720169915
0.9365176152636554
0.9392192992654607
0.9427396964285393
0.9458108296786323
0.9463206772968709
0.9457393410237759
0.9404470606078958
0.9345200625126798
0.9280332479820923
0.9210673808699775
0.9146328587414229
0.9080530116855002
0.9012327665686566
0.8942376713464909
0.8814459569900835
0.8177892239541033
0.752034000465283
0.6856271750000622
0.6715209345941194
0.620152086721364
0.5709716711958343
0.59586526856477
0.4290831924427957
0.4051213322603825
0.4552334849724346
0.5235814474566066
0.4962926010811702
0.543077767600199
0.5136004888775368
0.48631164250210024
0.5330968090211291
0.503619530298467
0.4763306839230304
0.5264428366350825
0.5002925441054435
0.4703421087755885
0.5144656863401987
0.507478834282374
0.5026733263161671
0.5494584928351959
0.5199812141125337
0.4635361215542638
0.15011361702921086
0.15011361702921086
0.15011361702921086
0.15011361702921086
0.15011361702921086
0.15011361702921086
0.15011361702921086
0.15011361702921086
0.15011361702921086
0.15011361702921086
0.15011361702921086
0.15011361702921086
0.15011361702921086
0.15011361702921086
0.15011361702921086
0.15011361702921086
0.15011361702921086
0.15011361702921086
0.15011361702921086
0.15011361702921086
0.15011361702921086
0.15011361702921086
0.15011361702921086
0.1792698632120443
0.1792698632120443
0.08144462200521008
0.08144462200521008
0.08144462200521008
0.08144462200521008
0.08144462200521008
0.08144462200521008
0.08144462200521008
0.08144462200521008
0.08144462200521008
0.08144462200521008
0.08144462200521008
0.08144462200521008
0.08144462200521008
0.08144462200521008
0.08144462200521008
0.08144462200521008
0.08144462200521008
0.08144462200521008
0.08144462200521008
0.08144462200521008
0.08144462200521008
0.08144462200521008
0.08144462200521008
0.08144462200521008
0.08144462200521008
0.08144462200521008
0.08144462200521008
0.08144462200521008
0.08144462200521008
0.08144462200521008
0.08144462200521008
0.08144462200521008
0.08144462200521008
0.08144462200521008
0.08144462200521008
0.08144462200521008
0.08144462200521008
0.08144462200521008
0.08144462200521008
0.08144462200521008
0.08144462200521008
0.08144462200521008
0.08144462200521008
0.08144462200521008
0.08144462200521008
0.08144462200521008
0.08144462200521008
0.08144462200521008
0.08144462200521008
0.08144462200521008
0.08144462200521008
0.08144462200521008
0.08144462200521008
0.08144462200521008
0.1792698632120443
0.1792698632120443
0.1792698632120443
0.1792698632120443
0.1792698632120443
0.1792698632120443
0.1792698632120443
0.1792698632120443
0.1792698632120443
0.1792698632120443
0.1792698632120443
0.1792698632120443
0.1792698632120443
0.1792698632120443
0.1792698632120443
0.1792698632120443
0.15011361702921086
0.15011361702921086
0.15011361702921086
0.15011361702921086
0.15011361702921086
0.15011361702921086
0.15011361702921086
0.15011361702921086
0.15011361702921086
0.15011361702921086
0.15011361702921086
0.15011361702921086
0.15011361702921086
0.15011361702921086
0.15011361702921086
0.15011361702921086
0.15011361702921086
0.15011361702921086
0.15011361702921086
0.15011361702921086
0.15011361702921086
0.15011361702921086
0.15011361702921086
0.15011361702921086
0.1792698632120443
0.1792698632120443
0.08144462200521008
0.08144462200521008
0.08144462200521008
0.08144462200521008
0.08144462200521008
0.08144462200521008
0.08144462200521008
0.08144462200521008
0.08144462200521008
0.08144462200521008
0.08144462200521008
0.08144462200521008
0.08144462200521008
0.08144462200521008
0.08144462200521008
0.08144462200521008
0.08144462200521008
0.08144462200521008
0.08144462200521008
0.08144462200521008
0.08144462200521008
0.08144462200521008
0.08144462200521008
0.08144462200521008
0.08144462200521008
0.08144462200521008
0.08144462200521008
0.08144462200521008
0.08144462200521008
0.08144462200521008
0.08144462200521008
0.08144462200521008
0.08144462200521008
0.08144462200521008
0.08144462200521008
0.08144462200521008
0.08144462200521008
0.08144462200521008
0.08144462200521008
0.08144462200521008
0.08144462200521008
0.08144462200521008
0.08144462200521008
0.08144462200521008
0.08144462200521008
0.08144462200521008
0.08144462200521008
0.08144462200521008
0.08144462200521008
0.08144462200521008
0.08144462200521008
0.08144462200521008
0.08144462200521008
0.08144462200521008
0.1792698632120443
0.1792698632120443
0.1792698632120443
0.1792698632120443
0.1792698632120443
0.1792698632120443
0.1792698632120443
0.1792698632120443
0.1792698632120443
0.1792698632120443
0.1792698632120443
0.1792698632120443
0.1792698632120443
0.1792698632120443
0.1792698632120443
0.1792698632120443
0.15011361702921086
0.38075663543719396
0.39031397757542724
0.3622305294817874
0.38075663543719396
0.39031397757542724
0.363894022578299
0.3840836216302172
0.39530445686496213
0.368884501867834
0.38907410091975214
0.40029493615449707
0.37387498115736895
0.3940645802092871
0.4721021505139759
0.4492587056743478
0.42243422576041834
0.5652873469353706
0.555086449629231
0.5914951063721376
0.6382315192174062
0.6473271418308015
0.7030323184932433
0.7497687313385119
0.7560815326817171
0.7798476418911353
0.7946449872833803
0.673976301236918
0.6977424104463363
0.7125397558385812
0.6844563077449413
0.7029824137003479
0.7125397558385812
0.6844563077449413
0.7029824137003479
0.7125397558385812
0.7174367860141205
0.7208693354276448
0.7218250471846459
0.7240460769198966
0.7254200289874252
0.7269166347083267
0.728543983418616
0.7155740435173823
0.702063644639779
0.6872746895126373
0.6720542768263144
0.6853092908414713
0.700076095797077
0.713618334715957
0.7275898469825895
0.7313234842831715
0.736562048267678
0.7464192288769536
0.7573038018748984
0.7663364438451438
0.7746663506311684
0.7835309202887543
0.7919366175748841
0.7994130787833946
0.8053709727901297
0.8093299285667629
0.8128546726547139
0.8169482361517157
0.819588172727926
0.8200767826700658
0.821385119286954
0.8179621328903689
0.8147112988578472
0.8092035665723935
0.7527273314567838
0.6938171431587663
0.6338853616849571
0.6133040772876027
0.5684102734062588
0.5193467744858629
0.5376484112582531
0.37734137912769056
0.35349643555041105
0.39701662766591783
0.47183963414150154
0.4446677043711988
0.48486091029368233
0.4618586755624317
0.4346867457921289
0.4748799517146124
0.4518777169833618
0.42470578721305907
0.4682259793285658
0.4485507307903385
0.41871721206561713
0.45624882903368197
0.4557370209672688
0.45104842960619573
0.49124163552867917
0.46823940079742865
0.4119112248442924
0.36832509791726387
0.37473896072430385
0.3652372655836583
0.36832509791726387
0.37473896072430385
0.3669007586801699
0.37165208411028716
0.3797294400138388
0.3718912379697049
0.37664256339982205
0.38471991930337374
0.3768817172592398
0.381633042689357
0.4064026144490173
0.40214092256238343
0.41801030029778535
0.5497123300842472
0.5580931857311019
0.5790635688522076
0.6226565023662829
0.6503338779326725
0.6906007809733132
0.7341937144873885
0.759088268783588
0.7674161043712052
0.779069970432257
0.676983037338789
0.6853108729264061
0.6969647389874578
0.6874630438468122
0.6905508761804177
0.6969647389874578
0.6874630438468122
0.6905508761804177
0.6969647389874578
0.7046739333068744
0.7120963107561684
0.7201668180527306
0.7267554150314796
0.7328307776928433
0.73820945065748
0.7428802177020569
0.7354312822139975
0.7283023419319976
0.7229452977828832
0.7178030122248986
0.7361701919730089
0.7536886853381543
0.7680356898530637
0.7818418650001127
0.7848489268173646
0.7887382569219841
0.7937297684294308
0.7993952864440609
0.8017164219720604
0.802572790475145
0.8020809666950779
0.8010263102457049
0.8047106848767792
0.8103112831265448
0.8177479602475275
0.8266329300095641
0.8258777986551823
0.8229769973370064
0.8132763925559007
0.8023745438504419
0.7904773656428583
0.7771441968052755
0.7599588006518786
0.6913412353802967
0.628003509482757
0.5665392563755683
0.5474904436115934
0.5010641680968702
0.45786888952854554
0.47183477758224385
0.3099952738183018
0.2920185505930938
0.42902823519674277
0.40449352883211276
0.38318981941388147
0.41904727661767294
0.39451257025304287
0.37320886083481164
0.40906631803860305
0.38453161167397304
0.36322790225574175
0.4024123456525565
0.38120462548094974
0.3572393271082998
0.3904351953576726
0.38839091565788
0.3895705446488784
0.4254280018526699
0.4008932954880399
0.35043333988697506
0.4031742341199061
0.4197892114789951
0.3865266048962628
0.4031742341199061
0.4197892114789951
0.38819009799277443
0.4065012203129294
0.42477969076853006
0.3931805772823093
0.4114916996024643
0.4297701700580649
0.39817105657184426
0.41648217889199923
0.4383371595051
0.4103145561763793
0.44485182444313054
0.5947625808389385
0.5793825250437064
0.6139127050548497
0.6677067531209742
0.671623217245277
0.7254499171759555
0.7792439652420797
0.7803776080961925
0.8022652405738475
0.8241202211869483
0.6982723766513934
0.7201600091290484
0.7420149897421491
0.7087523831594167
0.72540001238306
0.7420149897421491
0.7087523831594167
0.72540001238306
0.7420149897421491
0.7614436740028439
0.7756304082839045
0.7891562393627297
0.8003360802657357
0.8096424681017
0.81160872493564
0.8127969155241661
0.8014778257823536
0.7902938663760011
0.7773841743230158
0.7644721458328645
0.7762738621875783
0.7877982075071408
0.8038583619600118
0.8212607463276625
0.8245084918340511
0.8284968065581659
0.8287421284249634
0.8289043920505506
0.8309748271480318
0.8332182386980452
0.8197871634068088
0.8062484385971302
0.7905078951945578
0.772378987401311
0.7774549460167403
0.7826755452970143
0.793512832269828
0.8055003227906272
0.8081568234356533
0.80909753240556
0.8016729336520247
0.7897158202671264
0.7728679858506725
0.7038670669407654
0.6397614822311359
0.5772730947145539
0.5592484163599724
0.5117980064358557
0.46623966996090854
0.48359275033062277
0.3207291121572873
0.3003893310254567
0.44078620794512174
0.41522736717109826
0.39156059984624436
0.43080524936605197
0.40524640859202843
0.38157964126717453
0.420824290786982
0.3952654500129586
0.37159868268810464
0.4141703184009355
0.3919384638199353
0.36561010754066275
0.40219316810605166
0.39912475399686553
0.3979413250812414
0.43718597460104885
0.4116271338270255
0.35880412031933806
0.32827744340794635
0.3369050347530222
0.318746990006623
0.32827744340794635
0.3369050347530222
0.3204104831031345
0.33160442960096964
0.3418955140425571
0.3254009623926696
0.33659490889050453
0.3468859933320919
0.3303914416822044
0.3415853881800395
0.355452982779127
0.3425349412867394
0.3699550337311708
0.5118784041129656
0.5116029101540664
0.5390159143428901
0.5848225763950011
0.603843602355637
0.6505531264639958
0.6963597885161067
0.7125979932065527
0.7273684498618879
0.7412360444609752
0.6304927617617535
0.6452632184170886
0.659130813016176
0.6409727682697769
0.6505032216711003
0.659130813016176
0.6409727682697769
0.6505032216711003
0.659130813016176
0.6671165040540261
0.6753608968051811
0.6834926332360539
0.6911826938377444
0.6986066518021591
0.703254546511806
0.7073074500303836
0.6980629924079621
0.6877277754428083
0.6783328105450083
0.6687471187384997
0.6836913100014272
0.6994881752206963
0.7151263801434399
0.7313426185747681
0.7366172596772526
0.7417866331654539
0.7455791823637861
0.7493590023094038
0.7529526606983542
0.7562887582502044
0.7587047978464683
0.7599184324030601
0.7598629894636988
0.7590171732471237
0.7589196353871583
0.7593519084194552
0.7598027124582373
0.7603398143611234
0.7572865585745016
0.7533971726916859
0.7481937249209385
0.7422922158818883
0.7346631550550258
0.6790779396965447
0.6211342375668313
0.5622779720736024
0.5406211716956677
0.4968028837949041
0.45214572836306877
0.46496550566631806
0.3057339895163358
0.28629538942761695
0.4221589632808171
0.4002322445301468
0.37746665824840464
0.4121780047017473
0.39025128595107694
0.3674856996693348
0.40219704612267737
0.380270327372007
0.357504741090265
0.3955430737366308
0.37694334117898376
0.351516165942823
0.38356592344174695
0.38412963135591405
0.38384738348340164
0.41855872993674414
0.3966320111860739
0.3447101787214983
0.3182404522148513
0.33495989445966434
0.30091697287881086
0.3182404522148513
0.33495989445966434
0.3025804659753225
0.32156743840787455
0.3399503737491993
0.3075709452648574
0.3265579176974095
0.3449408530387341
0.31256142455439234
0.33154839698694444
0.3535078424857692
0.3247049241589274
0.3599180425380757
0.5099332638196078
0.49377289302625443
0.528978923149795
0.5828774361016433
0.5860135852278251
0.6405161352709007
0.6944146482227489
0.6947679760787406
0.7173314586687928
0.7392909041676174
0.6126627446339414
0.6352262272239936
0.6571856727228182
0.6231427511419647
0.6404662304780053
0.6571856727228182
0.6231427511419647
0.6404662304780053
0.6571856727228182
0.6736440715199226
0.6846309922461992
0.6948521908503463
0.7036356119907492
0.7108848509792511
0.7153154729461814
0.7190660152311368
0.7096171097047322
0.6992301766447162
0.6891826000588964
0.6781389425275994
0.6918735733245055
0.7067210676101832
0.7225724658199694
0.740744336574815
0.7484504164772242
0.7569570517803609
0.7632574424506325
0.7685783641342994
0.7730475052632895
0.7766299639836847
0.7790885860114358
0.7810405570302826
0.78215686349612
0.7826520758543783
0.7820367185193501
0.7803405354057875
0.7775111654375955
0.7736659611125782
0.7689160443723848
0.7640260158881985
0.75847889951255
0.7527655527120217
0.7442761270849285
0.6880157585146495
0.6294242344614142
0.5698634789032028
0.5489111685902506
0.5043883906245045
0.45715177974593935
0.47325550256090104
0.31331949634593614
0.2913014408104876
0.4304489601754
0.4078177513597471
0.3824727096312753
0.4204680015963302
0.3978367927806773
0.3724917510522054
0.41048704301726024
0.3878558342016074
0.3625107924731355
0.40383307063121365
0.3845288480085841
0.3565222173256936
0.39185592033632993
0.39171513818551446
0.3888534348662722
0.42684872683132713
0.4042175180156743
0.3497162301043689
0.15011361702921086
0.15011361702921086
0.15011361702921086
0.15011361702921086
0.15011361702921086
0.15011361702921086
0.15011361702921086
0.15011361702921086
0.15011361702921086
0.15011361702921086
0.15011361702921086
0.15011361702921086
0.15011361702921086
0.15011361702921086
0.15011361702921086
0.15011361702921086
0.15011361702921086
0.15011361702921086
0.15011361702921086
0.15011361702921086
0.15011361702921086
0.15011361702921086
0.15011361702921086
0.1792698632120443
0.1792698632120443
0.1792698632120443
0.08144462200521008
0.08144462200521008
0.08144462200521008
0.08144462200521008
0.08144462200521008
0.08144462200521008
0.08144462200521008
0.08144462200521008
0.08144462200521008
0.08144462200521008
0.08144462200521008
0.08144462200521008
0.08144462200521008
0.08144462200521008
0.08144462200521008
0.08144462200521008
0.08144462200521008
0.08144462200521008
0.08144462200521008
0.08144462200521008
0.08144462200521008
0.08144462200521008
0.08144462200521008
0.08144462200521008
0.08144462200521008
0.08144462200521008
0.08144462200521008
0.08144462200521008
0.08144462200521008
0.08144462200521008
0.08144462200521008
0.08144462200521008
0.08144462200521008
0.08144462200521008
0.08144462200521008
0.08144462200521008
0.10145666971174867
0.09951922273629986
0.08144462200521008
0.10103217240124321
0.09858711094544599
0.08144462200521008
0.08144462200521008
0.08144462200521008
0.08144462200521008
0.08144462200521008
0.08144462200521008
0.08144462200521008
0.08144462200521008
0.08144462200521008
0.08144462200521008
0.08144462200521008
0.1792698632120443
0.1792698632120443
0.1792698632120443
0.1792698632120443
0.1792698632120443
0.1792698632120443
0.1792698632120443
0.1792698632120443
0.1792698632120443
0.1792698632120443
0.1792698632120443
0.1792698632120443
0.1792698632120443
0.1792698632120443
0.1792698632120443
0.1792698632120443
0.1792698632120443
0.15011361702921086
0.15011361702921086
0.15011361702921086
0.15011361702921086
0.15011361702921086
0.15011361702921086
0.15011361702921086
0.15011361702921086
0.15011361702921086
0.15011361702921086
0.15011361702921086
0.15011361702921086
0.15011361702921086
0.15011361702921086
0.15011361702921086
0.15011361702921086
0.15011361702921086
0.15011361702921086
0.15011361702921086
0.15011361702921086
0.15011361702921086
0.15011361702921086
0.15011361702921086
0.15011361702921086
0.1792698632120443
0.1792698632120443
0.1792698632120443
0.08144462200521008
0.08144462200521008
0.08144462200521008
0.08144462200521008
0.08144462200521008
0.08144462200521008
0.08144462200521008
0.08144462200521008
0.08144462200521008
0.08144462200521008
0.08144462200521008
0.08144462200521008
0.08144462200521008
0.08144462200521008
0.08144462200521008
0.08144462200521008
0.08144462200521008
0.08144462200521008
0.08144462200521008
0.08144462200521008
0.08144462200521008
0.08144462200521008
0.08144462200521008
0.08144462200521008
0.08144462200521008
0.08144462200521008
0.08144462200521008
0.08144462200521008
0.08144462200521008
0.08144462200521008
0.08144462200521008
0.08144462200521008
0.08144462200521008
0.08144462200521008
0.08144462200521008
0.08144462200521008
0.10145666971174867
0.09951922273629986
0.08144462200521008
0.10103217240124321
0.09858711094544599
0.08144462200521008
0.08144462200521008
0.08144462200521008
0.08144462200521008
0.08144462200521008
0.08144462200521008
0.08144462200521008
0.08144462200521008
0.08144462200521008
0.08144462200521008
0.08144462200521008
0.1792698632120443
0.1792698632120443
0.1792698632120443
0.1792698632120443
0.1792698632120443
0.1792698632120443
0.1792698632120443
0.1792698632120443
0.1792698632120443
0.1792698632120443
0.1792698632120443
0.1792698632120443
0.1792698632120443
0.1792698632120443
0.1792698632120443
0.1792698632120443
0.1792698632120443
0.15011361702921086
0.45085319152708
0.4722060760111195
0.4292462949264152
0.45085319152708
0.4722060760111195
0.4309097880229268
0.4541801777201032
0.4771965553006544
0.4359002673124618
0.45917065700963816
0.48218703459018936
0.4408907466019967
0.4641611362991731
0.5817646760409962
0.5440448982103036
0.5056633071443
0.6471794453710629
0.6221022150738588
0.6615916624620236
0.7201236176530985
0.7143429072754294
0.7731288745831293
0.8316608297742041
0.8230972981263448
0.8499441979810214
0.8765370857190726
0.7409920666815457
0.7678389665362223
0.7944318542742734
0.751472073189569
0.7730789697902338
0.7944318542742734
0.751472073189569
0.7730789697902338
0.7944318542742734
0.8163551003870747
0.831281425469467
0.8457422384639016
0.8588094600085953
0.8710697518086951
0.8791276736667046
0.8864635714698706
0.8790263388432765
0.870142613137472
0.860412160506553
0.8495830485603022
0.8656509119734621
0.8822979150643698
0.8995112150913733
0.9186552847090856
0.9258679055181984
0.9326122129455143
0.9358760941292663
0.9376834495582245
0.9389256981126921
0.9400253529745799
0.9412496811586727
0.9420257629433813
0.9410726844112636
0.9389151528022218
0.9309882879744077
0.9211868764548398
0.9095987455932371
0.8969730252296537
0.8914041401813675
0.8863530076284225
0.8790062521328464
0.8722849391179722
0.8659833608787612
0.8096462137893826
0.7519080882663959
0.6931956060600124
0.6713950223952324
0.6277205177813142
0.5777296455610775
0.5957393563658828
0.43665162350274583
0.41187930662562566
0.5529328139803817
0.5311498785165568
0.5030505754464133
0.542951855401312
0.5211689199374869
0.49306961686734346
0.5329708968222421
0.5111879613584172
0.48308865828827363
0.5263169244361955
0.5078609751653939
0.47710008314083174
0.5143397741413117
0.5150472653423241
0.5094313006814104
0.5493325806363089
0.5275496451724839
0.47029409591950705
0.46018014919658895
0.48133737034058555
0.4390720036016347
0.46018014919658895
0.48133737034058555
0.4407354966981462
0.46350713538961225
0.48632784963012043
0.4457259759876812
0.46849761467914713
0.4913183289196553
0.45071645527721615
0.4734880939686821
0.6021660213219137
0.5651406578369744
0.510612756382477
0.6563107397005289
0.6319279237490782
0.6709186201315326
0.7292549119825644
0.7241686159506487
0.7824558322526384
0.84079212410367
0.8329230068015644
0.8592711556505304
0.8856683800485385
0.7508177753567652
0.7771659242057313
0.8035631486037393
0.7612977818647885
0.7824059274597428
0.8035631486037393
0.7612977818647885
0.7824059274597428
0.8035631486037393
0.8254007271179681
0.8421683144413856
0.8585143678593252
0.8732752242972055
0.8875094944592126
0.8947425858181156
0.9012599259627041
0.8925045097623491
0.8821220943881396
0.8724937176116142
0.8618154756806775
0.8779304956473337
0.8946256070390559
0.9106984465087956
0.9283066567542055
0.933788116397945
0.9388825871393162
0.942919242775202
0.9466036678082067
0.9493386505942729
0.9515609806420483
0.9552683194979175
0.9586736812978107
0.960133973350854
0.9604707633679994
0.9556597007388915
0.9494715948298815
0.9365499560140593
0.9192921028232115
0.8960468370592102
0.8739173428237338
0.8584277158478619
0.846597326891406
0.8409132763397776
0.7859756059330939
0.731523690030774
0.6757026427978481
0.6510106241596105
0.6102275545191497
0.5654273366129084
0.5753549581302609
0.41915866024058146
0.39957699767745664
0.5325484157447599
0.5136569152543924
0.49074826649824427
0.5225674571656901
0.5036759566753226
0.48076730791917444
0.5125864985866202
0.4936949980962527
0.47078634934010455
0.5059325262005736
0.49036801190322943
0.4647977741926627
0.4939553759056898
0.49755430208015966
0.4971289917332412
0.528948182400687
0.5100566819103195
0.45799178697133797
0.46225201196335436
0.47861875032090423
0.44480944123479627
0.46225201196335436
0.47861875032090423
0.4464729343313079
0.4655789981563776
0.4836092296104392
0.45146341362084286
0.47056947744591254
0.4885997088999741
0.4564538929103778
0.4755599567354475
0.612579926596228
0.5840106207641316
0.5039296022865788
0.6535921196808476
0.6376653613822398
0.672990482898298
0.7265362919628832
0.7299060535838104
0.7845276950194038
0.8380735040839888
0.8386604444347261
0.8613430184172958
0.8829497600288575
0.7565552129899269
0.7792377869724967
0.8008445285840582
0.7670352194979502
0.7844777902265082
0.8008445285840582
0.7670352194979502
0.7844777902265082
0.8008445285840582
0.8169627465432671
0.8327091734767782
0.8482897256181278
0.8629152380838426
0.8769933487035453
0.8852146409729843
0.8923897195675543
0.8842588461644677
0.874504917716829
0.8685107161431515
0.8616327349405616
0.8812920799033704
0.9010929329315097
0.9123504304231147
0.9247890274276817
0.9241052538360107
0.9231084604140044
0.9266191630272431
0.929831183786178
0.9348984514408272
0.9410523718567116
0.9465870486376357
0.951901393152272
0.9553035542169453
0.9575752105426713
0.9579702841842014
0.9573094126554935
0.9553123976490802
0.9524015704082602
0.9465586439280517
0.9398279430644481
0.9312147744960309
0.9204959803114552
0.9091728023937151
0.8464769801166825
0.7812225594408411
0.7163465580010615
0.7007094935696776
0.6508714697223632
0.5979650921671213
0.625053827540328
0.4598025754437949
0.43211475323166953
0.5822472851548269
0.5543008304576058
0.5232860220524572
0.5722663265757572
0.544319871878536
0.5133050634733873
0.5622853679966873
0.5343389132994661
0.5033241048943174
0.5556313956106407
0.5310119271064428
0.4973355297468756
0.5436542453157569
0.5381982172833731
0.5296667472874541
0.578647051810754
0.550700597113533
0.4905295425255509
0.47836848190585274
0.4986978435219239
0.4573211726935611
0.47836848190585274
0.4986978435219239
0.4589846657900727
0.481695468098876
0.5036883228114588
0.4639751450796077
0.4866859473884109
0.5086788021009937
0.4689656243691426
0.49167642667794587
0.6326590197972475
0.5965223522228964
0.5200460722290772
0.6736712128818673
0.6501770928410046
0.6891069528407964
0.7466153851639029
0.7424177850425752
0.800644164961902
0.8581525972850085
0.8511721758934909
0.8774594883597941
0.903028853229877
0.7690669444486917
0.7953542569149951
0.8209236217850778
0.779546950956715
0.8005942601690066
0.8209236217850778
0.779546950956715
0.8005942601690066
0.8209236217850778
0.8414951085028918
0.8575632015095668
0.8730143310119275
0.8864516656965414
0.8986320297796427
0.9021967591183567
0.903453609461422
0.89218635678245
0.8809269356974883
0.8714352661065035
0.8615925650377572
0.8793109704656984
0.8973711853723513
0.9174517735228459
0.9392579246522603
0.9451667820554012
0.9481230490603089
0.9453420002779929
0.9389202006686289
0.9361257837789778
0.9341874717411699
0.9255914488600738
0.9165316693368615
0.9135032306933814
0.9133604296917571
0.9221476877821533
0.932026891938417
0.9342698931031534
0.9337143495863715
0.93018522624027
0.9240782434855614
0.9167249551628098
0.90918129227964
0.8992456442118713
0.8377415010681334
0.7753409036549469
0.7127933008856229
0.6948278377837833
0.6473182126069247
0.5938849903365869
0.6191721717544338
0.4562493183283564
0.4280346514011351
0.5763656293689328
0.5507475733421673
0.5192059202219228
0.5663846707898629
0.5407666147630975
0.5092249616428529
0.556403712210793
0.5307856561840276
0.4992440030637831
0.5497497398247464
0.5274586699910043
0.4932554279163412
0.5377725895298626
0.5346449601679347
0.5255866454569198
0.5727653960248599
0.5471473399980945
0.4864494406950165
0.42954825124796414
0.44462065185688016
0.4146968563615851
0.42954825124796414
0.44462065185688016
0.4163603494580967
0.43287523744098744
0.4496111311464151
0.4213508287476317
0.4378657167305223
0.45460161043595004
0.42634130803716663
0.44285619602005727
0.5541792518867569
0.5294954596454735
0.4712258415711886
0.6195940212168236
0.6075527765090287
0.6402867221829078
0.6925381934988591
0.6997934687105992
0.7518239343040135
0.8040754056199648
0.8085478595615148
0.8286392577019056
0.8489516615648334
0.7264426281167158
0.7465340262571065
0.7668464301200342
0.7369226346247391
0.751774029511118
0.7668464301200342
0.7369226346247391
0.751774029511118
0.7668464301200342
0.7816705421936246
0.7935791643572776
0.8052346046980161
0.8158401532377975
0.8258144877265617
0.832656215230547
0.8389495623020267
0.8308772027357637
0.8216150680863558
0.8147264731416988
0.8074618252289611
0.8267599249571786
0.8470741434382166
0.8647884239482165
0.8845533633267497
0.8916223746996157
0.8985837843898187
0.9058116269593116
0.9127500060373588
0.9189951461329359
0.9246927500428841
0.9313896987167006
0.9375347053473344
0.94237686125146
0.9463974305303959
0.9448289877129533
0.9420589222368958
0.9353556606243442
0.9275203986797457
0.91946100816963
0.9108218579726269
0.9026703272845962
0.894764886224124
0.8827387769993802
0.8197713913529949
0.7565864182650076
0.6928680023793123
0.676073352393844
0.627392914100614
0.5769214388530787
0.6004176863644946
0.4363240198220457
0.41107109991762686
0.5576111439789935
0.5308222748358566
0.5022423687384145
0.5476301853999237
0.5208413162567869
0.49226141015934466
0.5376492268208538
0.510860357677717
0.4822804515802748
0.5309952544348072
0.5075333714846937
0.47629187643283294
0.5190181041399233
0.514719661661624
0.5086230939734114
0.5540109106349206
0.5272220414917838
0.4694858892115082
0.15011361702921086
0.15011361702921086
0.15011361702921086
0.15011361702921086
0.15011361702921086
0.15011361702921086
0.15011361702921086
0.15011361702921086
0.15011361702921086
0.15011361702921086
0.15011361702921086
0.15011361702921086
0.15011361702921086
0.15011361702921086
0.15011361702921086
0.15011361702921086
0.15011361702921086
0.15011361702921086
0.15011361702921086
0.15011361702921086
0.15011361702921086
0.15011361702921086
0.15011361702921086
0.1792698632120443
0.1792698632120443
0.1792698632120443
0.08144462200521008
0.08144462200521008
0.08144462200521008
0.08144462200521008
0.08144462200521008
0.08144462200521008
0.08144462200521008
0.08144462200521008
0.08144462200521008
0.08144462200521008
0.08144462200521008
0.08144462200521008
0.08144462200521008
0.08144462200521008
0.08144462200521008
0.08144462200521008
0.08144462200521008
0.08144462200521008
0.08144462200521008
0.08144462200521008
0.08144462200521008
0.08144462200521008
0.08144462200521008
0.08144462200521008
0.08144462200521008
0.08144462200521008
0.08144462200521008
0.08144462200521008
0.08144462200521008
0.08144462200521008
0.10697038626413456
0.10423650313281715
0.08144462200521008
0.08144462200521008
0.08144462200521008
0.08144462200521008
0.08144462200521008
0.08144462200521008
0.08144462200521008
0.08144462200521008
0.08144462200521008
0.08144462200521008
0.08144462200521008
0.08144462200521008
0.08144462200521008
0.08144462200521008
0.08144462200521008
0.08144462200521008
0.08144462200521008
0.08144462200521008
0.08144462200521008
0.08144462200521008
0.1792698632120443
0.1792698632120443
0.1792698632120443
0.1792698632120443
0.1792698632120443
0.1792698632120443
0.1792698632120443
0.1792698632120443
0.1792698632120443
0.1792698632120443
0.1792698632120443
0.1792698632120443
0.1792698632120443
0.1792698632120443
0.1792698632120443
0.1792698632120443
0.1792698632120443
0.15011361702921086
0.15011361702921086
0.15011361702921086
0.15011361702921086
0.15011361702921086
0.15011361702921086
0.15011361702921086
0.15011361702921086
0.15011361702921086
0.15011361702921086
0.15011361702921086
0.15011361702921086
0.15011361702921086
0.15011361702921086
0.15011361702921086
0.15011361702921086
0.15011361702921086
0.15011361702921086
0.15011361702921086
0.15011361702921086
0.15011361702921086
0.15011361702921086
0.15011361702921086
0.15011361702921086
0.1792698632120443
0.1792698632120443
0.1792698632120443
0.08144462200521008
0.08144462200521008
0.08144462200521008
0.08144462200521008
0.08144462200521008
0.08144462200521008
0.08144462200521008
0.08144462200521008
0.08144462200521008
0.08144462200521008
0.08144462200521008
0.08144462200521008
0.08144462200521008
0.08144462200521008
0.08144462200521008
0.08144462200521008
0.08144462200521008
0.08144462200521008
0.08144462200521008
0.08144462200521008
0.08144462200521008
0.08144462200521008
0.08144462200521008
0.08144462200521008
0.08144462200521008
0.08144462200521008
0.08144462200521008
0.08144462200521008
0.08144462200521008
0.08144462200521008
0.10697038626413456
0.10423650313281715
0.08144462200521008
0.08144462200521008
0.08144462200521008
0.08144462200521008
0.08144462200521008
0.08144462200521008
0.08144462200521008
0.08144462200521008
0.08144462200521008
0.08144462200521008
0.08144462200521008
0.08144462200521008
0.08144462200521008
0.08144462200521008
0.08144462200521008
0.08144462200521008
0.08144462200521008
0.08144462200521008
0.08144462200521008
0.08144462200521008
0.1792698632120443
0.1792698632120443
0.1792698632120443
0.1792698632120443
0.1792698632120443
0.1792698632120443
0.1792698632120443
0.1792698632120443
0.1792698632120443
0.1792698632120443
0.1792698632120443
0.1792698632120443
0.1792698632120443
0.1792698632120443
0.1792698632120443
0.1792698632120443
0.1792698632120443
0.15011361702921086
0.4347088226049389
0.4539314702728247
0.41436926382419226
0.4347088226049389
0.4539314702728247
0.4160327569207039
0.43803580879796217
0.45892194956235965
0.42102323621023885
0.4430262880874971
0.4639124288518945
0.4260137154997738
0.44801676737703205
0.4855951239975382
0.45127292080291737
0.4763864129281634
0.6289048396327681
0.6072251839716358
0.6454472935398826
0.7018490119148038
0.6994658761732064
0.7569845056609884
0.8133862240359093
0.808220267024122
0.8337998290588804
0.8582624799807779
0.7261150355793229
0.7516945976140812
0.7761572485359787
0.7365950420873462
0.7569346008680929
0.7761572485359787
0.7365950420873462
0.7569346008680929
0.7761572485359787
0.795445035822157
0.8096370560729156
0.8230931824762368
0.835367282980965
0.846928945651218
0.8521609364414486
0.8564303122151539
0.8456528936442854
0.833620480655315
0.8198296350642292
0.8057052450553814
0.8178144728120776
0.8296243536259842
0.8473125311936286
0.8665555240588203
0.8710512701297759
0.8740952634892231
0.8725482362431796
0.8696654268884505
0.8719912405381299
0.8765315809229551
0.8818892626538426
0.8868172538852062
0.8871153106651957
0.8848866860850194
0.882350412687201
0.8791873320802539
0.8740792994165009
0.8678106532621441
0.8613031324553767
0.8542632057139791
0.8480194316981275
0.8418483578883662
0.836627709966605
0.7810375019534417
0.7212533329076809
0.66056715711312
0.6407402670365173
0.5950920688344218
0.5405107472805819
0.5650846010071678
0.4040231745558534
0.47248564955196437
0.5222780586216668
0.49852142956966433
0.4658316771659178
0.512297100042597
0.48854047099059456
0.45585071858684795
0.5023161414635271
0.47855951241152467
0.44586976000777806
0.4956621690774805
0.47523252621850137
0.43988118486033617
0.4836850187825967
0.48241881639543166
0.47221240240091483
0.5186778252775939
0.49492119622559155
0.4330751976390115
0.45635594607557534
0.4767867351605493
0.43488082472144635
0.45635594607557534
0.4767867351605493
0.4365443178179579
0.4596829322685986
0.48177721445008426
0.44153479710749294
0.4646734115581335
0.4867676937396191
0.4465252763970278
0.46966389084766846
0.5319295343271998
0.4952636271421085
0.4980335363987998
0.6517601045204927
0.62773674486889
0.6670944170105191
0.7247042768025282
0.7199774370704605
0.7786316291316248
0.8362414889236338
0.8287318279213761
0.8554469525295169
0.8811177448685024
0.7466265964765769
0.7733417210847175
0.7990125134237032
0.7571066029846002
0.7785817243387293
0.7990125134237032
0.7571066029846002
0.7785817243387293
0.7990125134237032
0.8192852669619661
0.8324094571707097
0.8458926221399576
0.8575732546232514
0.8679020058025197
0.8714532822597131
0.8752535584552622
0.8653818854192185
0.8548006394414535
0.843763355583078
0.8324753771116342
0.8467880990602951
0.8615189063214511
0.8792529361173813
0.8989811241084924
0.9064189264719495
0.915279345902512
0.918496802648254
0.9215586049156813
0.9217809564592018
0.9196012263585441
0.9167028824997203
0.9122766427549623
0.907378476629337
0.9018434335746905
0.8958421861948149
0.8899282238647749
0.8767818705870902
0.8602649001056283
0.8456928864401053
0.8307151566926416
0.8217657683103383
0.8148252210817905
0.8035133098593442
0.7414351287274656
0.6800632348297212
0.6187550027684744
0.5995501689585576
0.5532799144897761
0.510085119772528
0.5238945029292081
0.3622110202112078
0.4420600220439105
0.481087960543707
0.4567092752250188
0.4354060496578639
0.47110700196463723
0.4467283166459489
0.42542509107879406
0.46112604338556734
0.4367473580668791
0.41544413249972423
0.45447207099952075
0.4334203718738558
0.40945555735228234
0.4424949207046369
0.440606662050786
0.44178677489286095
0.4774877271996341
0.45310904188094586
0.4026495701309576
0.4396098517021668
0.4577610166820196
0.4199108023970558
0.4396098517021668
0.4577610166820196
0.42157429549356745
0.44293683789519006
0.4627514959715545
0.4265647747831024
0.447927317184725
0.4677419752610894
0.4315552540726373
0.45291779647425995
0.5230940071094854
0.4904837960785333
0.4812874420253913
0.632734386041963
0.6127667225444994
0.6503483226371105
0.7056785583239985
0.70500741474607
0.7618855347582162
0.8172157704451042
0.8137618055969855
0.8387008581561082
0.8620920263899728
0.7316565741521864
0.7565956267113091
0.7799867949451735
0.7421365806602097
0.7618356299653207
0.7799867949451735
0.7421365806602097
0.7618356299653207
0.7799867949451735
0.7974607569053027
0.8099673147595047
0.8222416100130431
0.8342493447920463
0.8453444942916607
0.8494779673657091
0.8531115730132407
0.8431737647922808
0.8328863834841398
0.8247221360570328
0.815841135820835
0.8326369875451123
0.8497985309264351
0.8629518670256064
0.8785653923407855
0.8821459423102938
0.886580152831944
0.8913861039989451
0.8958110869410206
0.898629371511906
0.9002647091474412
0.8973316225980927
0.8933361054223484
0.8893282576939888
0.8841055001029524
0.8827707473984335
0.8809443659613645
0.8784968240129866
0.8754536209565437
0.8709290122051456
0.8656683501201109
0.8584494163404872
0.8506356467068757
0.8362782414459249
0.7720467102285029
0.7041625600958255
0.6353578762155949
0.6236494942246619
0.5698827879368967
0.519684788440237
0.5479938281953124
0.37881389365832835
0.4516596907116194
0.5051872858098113
0.47331214867213933
0.44500571832557284
0.4952063272307415
0.46333119009306956
0.43502475974650295
0.4852253686516716
0.4533502315139996
0.4250438011674331
0.47857139626562506
0.4500232453209763
0.41905522601999123
0.46659424597074123
0.45720953549790666
0.4513864435605698
0.5015870524657384
0.4697119153280665
0.41224923879866654
0.4464848120743737
0.4664996000305725
0.4254259371780883
0.4464848120743737
0.4664996000305725
0.4270894302745999
0.449811798267397
0.4714900793201074
0.4320799095641349
0.45480227755693187
0.47648055860964234
0.43707038885366983
0.4597927568464668
0.5376576233118172
0.5018239637133447
0.4881624023975981
0.6414729693905159
0.6182818573255319
0.6572232830093173
0.7144171416725514
0.7105225495271024
0.768760495130423
0.8259543537936571
0.819276940378018
0.845575818528315
0.8708306097385257
0.7371717089332189
0.7634705870835159
0.7887253782937265
0.7476517154412422
0.7687105903375275
0.7887253782937265
0.7476517154412422
0.7687105903375275
0.7887253782937265
0.8087714056316299
0.8217329983980534
0.8338871233609639
0.8433523820345283
0.8510508486607183
0.8532043075128289
0.8540960329248717
0.8413836164001913
0.827918774827814
0.8193489304952527
0.8106015834932864
0.8283738396382863
0.8469048986855913
0.8661610817432158
0.8882975552988679
0.8981015580879986
0.9086014592646393
0.9160879439409885
0.9231217302868037
0.929098545814154
0.9340283211175222
0.9319799906107514
0.9285468333799021
0.9222403160453823
0.9141962324940851
0.9127292687052304
0.9094529294552355
0.9045569294658624
0.8988611878569855
0.8879155579475005
0.875034968376155
0.8630522062032044
0.8507841138811355
0.8367227069293621
0.7719914372031546
0.7106498241896299
0.6503488789548494
0.6301367583184663
0.584873790676151
0.5406879677760533
0.5544810922891168
0.39380489639758276
0.4726628700474358
0.5116745499036157
0.48830315141139374
0.4660088976613892
0.5016935913245458
0.47832219283232386
0.45602793908231937
0.491712632745476
0.468341234253254
0.44604698050324953
0.48505866035942946
0.46501424806023073
0.44005840535580765
0.47308151006454563
0.47220053823716096
0.47238962289638625
0.5080743165595428
0.4847029180673208
0.4332524181344829
0.44561853312151306
0.4642580720507952
0.42635079886970634
0.44561853312151306
0.4642580720507952
0.4280142919662179
0.44894551931453636
0.46924855134033017
0.4330047712557529
0.45393599860407124
0.4742390306298651
0.4379952505452878
0.4589264778936062
0.5599614899885581
0.5272942200614809
0.48729612344473755
0.6392314414107385
0.6192067190171499
0.6563570040564568
0.7121756136927743
0.7114474112187203
0.7678942161775625
0.8237128258138798
0.820201802069636
0.8447095395754546
0.8685890817587484
0.7380965706248369
0.7626043081306553
0.7864838503139492
0.7485765771328602
0.767844311384667
0.7864838503139492
0.7485765771328602
0.767844311384667
0.7864838503139492
0.8046725638445305
0.8212737671529992
0.8377402826231115
0.8508656580272378
0.8624476322770517
0.8658628299538274
0.8674295138000835
0.8568163788750143
0.8459570373268758
0.8293545284721088
0.8126175560124022
0.8207278891183928
0.8290038511812431
0.8491979782187877
0.8719428986013663
0.8855183176758951
0.9011852950892171
0.9088949400832086
0.9164108101955983
0.9207167142554691
0.9229661911668923
0.9216041770849285
0.9187475774958863
0.907920350116038
0.8945105772544688
0.872401917420596
0.8487549673990529
0.8241667100759383
0.7984613173847734
0.7880241001387254
0.7771679031645741
0.7709557006040452
0.7528598298636413
0.7566766020068366
0.703210428462913
0.649100121602816
0.5941258068382417
0.5685870557316524
0.5286507185595434
0.48812323863371326
0.49293138970230294
0.3375818242809751
0.4200981409050957
0.45012484731680186
0.4320800792947861
0.4134441685190491
0.44014388873773197
0.42209912071571626
0.40346320993997925
0.4301629301586621
0.41211816213664637
0.3934822513609094
0.4235089577726155
0.40879117594362313
0.38749367621346753
0.4115318074777317
0.41597746612055336
0.41982489375404614
0.4465246139727289
0.4284798459507132
0.3806876889921428
0.15011361702921086
0.15011361702921086
0.15011361702921086
0.15011361702921086
0.15011361702921086
0.15011361702921086
0.15011361702921086
0.15011361702921086
0.15011361702921086
0.15011361702921086
0.15011361702921086
0.15011361702921086
0.15011361702921086
0.15011361702921086
0.15011361702921086
0.15011361702921086
0.15011361702921086
0.15011361702921086
0.15011361702921086
0.15011361702921086
0.15011361702921086
0.15011361702921086
0.15011361702921086
0.1792698632120443
0.1792698632120443
0.1792698632120443
0.1792698632120443
0.08144462200521008
0.08144462200521008
0.08144462200521008
0.08144462200521008
0.08144462200521008
0.08144462200521008
0.08144462200521008
0.08144462200521008
0.08144462200521008
0.08144462200521008
0.08144462200521008
0.08144462200521008
0.08144462200521008
0.08144462200521008
0.08144462200521008
0.08144462200521008
0.08144462200521008
0.08144462200521008
0.08144462200521008
0.08144462200521008
0.08144462200521008
0.08144462200521008
0.08144462200521008
0.08144462200521008
0.08144462200521008
0.08144462200521008
0.08144462200521008
0.08144462200521008
0.08144462200521008
0.08144462200521008
0.08144462200521008
0.08144462200521008
0.08144462200521008
0.08144462200521008
0.08144462200521008
0.08144462200521008
0.08144462200521008
0.08144462200521008
0.08144462200521008
0.08144462200521008
0.08144462200521008
0.08144462200521008
0.08144462200521008
0.08144462200521008
0.08144462200521008
0.08144462200521008
0.08144462200521008
0.08144462200521008
0.08144462200521008
0.08144462200521008
0.1792698632120443
0.1792698632120443
0.1792698632120443
0.1792698632120443
0.1792698632120443
0.1792698632120443
0.1792698632120443
0.1792698632120443
0.1792698632120443
0.1792698632120443
0.1792698632120443
0.1792698632120443
0.1792698632120443
0.1792698632120443
0.1792698632120443
0.1792698632120443
0.1792698632120443
0.1792698632120443
0.15011361702921086
0.15011361702921086
0.15011361702921086
0.15011361702921086
0.15011361702921086
0.15011361702921086
0.15011361702921086
0.15011361702921086
0.15011361702921086
0.15011361702921086
0.15011361702921086
0.15011361702921086
0.15011361702921086
0.15011361702921086
0.15011361702921086
0.15011361702921086
0.15011361702921086
0.15011361702921086
0.15011361702921086
0.15011361702921086
0.15011361702921086
0.15011361702921086
0.15011361702921086
0.15011361702921086
0.1792698632120443
0.1792698632120443
0.1792698632120443
0.1792698632120443
0.08144462200521008
0.08144462200521008
0.08144462200521008
0.08144462200521008
0.08144462200521008
0.08144462200521008
0.08144462200521008
0.08144462200521008
0.08144462200521008
0.08144462200521008
0.08144462200521008
0.08144462200521008
0.08144462200521008
0.08144462200521008
0.08144462200521008
0.08144462200521008
0.08144462200521008
0.08144462200521008
0.08144462200521008
0.08144462200521008
0.08144462200521008
0.08144462200521008
0.08144462200521008
0.08144462200521008
0.08144462200521008
0.08144462200521008
0.08144462200521008
0.08144462200521008
0.08144462200521008
0.08144462200521008
0.08144462200521008
0.08144462200521008
0.08144462200521008
0.08144462200521008
0.08144462200521008
0.08144462200521008
0.08144462200521008
0.08144462200521008
0.08144462200521008
0.08144462200521008
0.08144462200521008
0.08144462200521008
0.08144462200521008
0.08144462200521008
0.08144462200521008
0.08144462200521008
0.08144462200521008
0.08144462200521008
0.08144462200521008
0.08144462200521008
0.1792698632120443
0.1792698632120443
0.1792698632120443
0.1792698632120443
0.1792698632120443
0.1792698632120443
0.1792698632120443
0.1792698632120443
0.1792698632120443
0.1792698632120443
0.1792698632120443
0.1792698632120443
0.1792698632120443
0.1792698632120443
0.1792698632120443
0.1792698632120443
0.1792698632120443
0.1792698632120443
0.15011361702921086
0.22495187873861305
0.2316629134823626
0.2174667931585134
0.22495187873861305
0.2316629134823626
0.21913028625502504
0.22827886493163635
0.23665339277189754
0.22412076554455995
0.23326934422117127
0.2416438720614324
0.2291112448340949
0.2382598235107062
0.2502108615084674
0.2412547444386299
0.2666294690618375
0.406636282842306
0.410322713305957
0.4356903496735568
0.47958045512434155
0.5025634055075276
0.5472275617946625
0.5911176672454471
0.6113177963584432
0.6240428851925546
0.6359939231903157
0.6270378061204782
0.5419376537477554
0.5538886917455165
0.5396925714216673
0.547177657001767
0.5538886917455165
0.5396925714216673
0.547177657001767
0.5538886917455165
0.5589272758903807
0.5657300921776904
0.5713521143216483
0.5775793170350603
0.5836900421390576
0.589500297202448
0.59537191433779
0.5845632646478081
0.5726241377502931
0.5619302432133033
0.5504431664179563
0.5679918105726669
0.5861510075470326
0.6025922601365725
0.619202452878443
0.6228302978473955
0.6267413199867058
0.6324260061908272
0.638439931650219
0.6479259375769555
0.660267758356481
0.6724303175130827
0.685779867005584
0.691301492984911
0.6935135228775982
0.6928143934529618
0.6902967216629614
0.689847046356258
0.6896896652007753
0.69102981656725
0.691171353100799
0.6883091762460668
0.6846056948988023
0.6780279652586411
0.6212547822127367
0.5635941347888819
0.5051518005609221
0.48308106891771835
0.4396767122822239
0.3965691868029476
0.4074254028883688
0.24860781800365553
0.32854408907433
0.36461886050286774
0.3431060730174665
0.3218901166882835
0.35463790192379785
0.3331251144383966
0.3119091581092136
0.344656943344728
0.32314415585932676
0.3019281995301437
0.3380029709586814
0.31981716966630347
0.2959396243827019
0.3260258206637976
0.32700345984323376
0.3282708419232805
0.36101862715879485
0.3395058396733937
0.2891336371613772
0.3174435371107408
0.3249837503400671
0.30973701267383236
0.3174435371107408
0.3249837503400671
0.311400505770344
0.3207705233037641
0.32997422962960193
0.31639098505987895
0.32576100259329904
0.3349647089191369
0.32138146434941384
0.33075148188283393
0.34353169836617187
0.33352496395394887
0.35912112743396524
0.4999571197000105
0.5025929328212759
0.5281820080456845
0.572901291982046
0.5948336250228465
0.6397192201667902
0.6844385041031515
0.7035880158737622
0.7165345435646823
0.7293147600480202
0.7193080256357972
0.6344293121198832
0.6472095286032209
0.6319627909369863
0.6396693153738947
0.6472095286032209
0.6319627909369863
0.6396693153738947
0.6472095286032209
0.6548878107185052
0.6631609706977935
0.6720250181036901
0.6799870631122055
0.6876251154930892
0.6912073368637405
0.6951046843866622
0.6866358917278232
0.6787087396340791
0.6736213754923628
0.6688089755990603
0.6923204182505649
0.7170927227602377
0.7400097511277043
0.7639317482829845
0.7741726127724006
0.7838002114660602
0.7920931413783658
0.8003185184782446
0.8073493206772071
0.8128966154761128
0.8176233499535048
0.8214540764499951
0.8234214150779999
0.8257713312145093
0.8262241744777644
0.8259336900982568
0.8238905547799465
0.8209762947605442
0.8174383661543385
0.8136000051885591
0.8093387696836915
0.8047428517019104
0.7936274609766433
0.7311773923176674
0.6648988247558423
0.5980652885526202
0.5843857588846788
0.5325902002739219
0.48228221130238896
0.5087300928553293
0.34152130599535363
0.41425711357377143
0.4659235504698282
0.4360195610091646
0.4076031411877249
0.45594259189075836
0.4260386024300948
0.397622182608655
0.4459616333116885
0.4160576438510249
0.3876412240295851
0.43930766092564194
0.41273065765800165
0.38165264888214323
0.4273305106307581
0.4199169478349319
0.41398386642272184
0.4623233171257553
0.4324193276650917
0.3748466616608185
0.33409919166100993
0.33819773716879337
0.33126576930013346
0.33409919166100993
0.33819773716879337
0.3329292623966451
0.33742617785403317
0.34318821645832825
0.33791974168618005
0.3424166571435682
0.3481786957478632
0.342910220975715
0.34740713643310306
0.3567456851948982
0.35505372058025
0.3757767819842344
0.5131711065287368
0.5241216894475771
0.5448376625959537
0.5861152788107723
0.6163623816491477
0.6563748747170594
0.6976524909318779
0.7251167725000632
0.7331901981149515
0.7425287468767465
0.7408367822620983
0.6510849666701521
0.6604235154319472
0.6534915475632874
0.6563249699241639
0.6604235154319472
0.6534915475632874
0.6563249699241639
0.6604235154319472
0.6653027151795502
0.6701568947778208
0.6748945477858161
0.6809001148258984
0.6875511001829322
0.6932667451668476
0.6991974368829492
0.6915493560074603
0.6831370655803053
0.6778670743213671
0.6725169687651682
0.6943564451006868
0.7165602073202431
0.7297256227530706
0.7431099226477522
0.7459742321123647
0.7512878512018427
0.7663555689238899
0.7832828131130124
0.7967436956228482
0.8082865587184844
0.8157077679399426
0.8217663325768109
0.8243435630805556
0.825277087566672
0.8225985070863554
0.8190345087951449
0.8136769128092594
0.8063243126487222
0.8000135783554496
0.7937473673786071
0.789477046936313
0.785461910943005
0.7805372974798875
0.7234863146975465
0.6609093917214751
0.5972898429155525
0.5803963258503115
0.5318147546368542
0.478550628893641
0.504740659820962
0.4385711015651202
0.41052553116502344
0.461934117435461
0.4352441153720969
0.4038715587789769
0.45195315885639115
0.42526315679302706
0.393890600199907
0.4419722002773212
0.4152821982139572
0.38390964162083707
0.4353182278912746
0.41195521202093394
0.37792106647339524
0.4233410775963909
0.4191415021978642
0.41025228401397384
0.4583338840913881
0.43164388202802406
0.3711150792520705
0.33078693426178524
0.33337132452451224
0.33279752579406524
0.33078693426178524
0.33337132452451224
0.3344610188905769
0.33411392045480853
0.3383618038140472
0.3394514981801119
0.3391043997443434
0.3433522831035821
0.3444419774696467
0.34409487903387836
0.3519192725506171
0.35658547707418176
0.37246452458500967
0.5083446938844558
0.5256534459415089
0.5415254051967289
0.5812888661664913
0.6178941381430795
0.6530626173178347
0.6928260782875969
0.7266485289939949
0.7298779407157266
0.7377023342324653
0.7423685387560301
0.6477727092709276
0.6555971027876663
0.6550233040572192
0.6530127125249392
0.6555971027876663
0.6550233040572192
0.6530127125249392
0.6555971027876663
0.6595139551853049
0.6658752247815449
0.6729072569306452
0.6792649907269895
0.685520320200102
0.6881383979110887
0.6905706996834438
0.6811526325513545
0.6714916614657095
0.6682396126600638
0.6660256349384414
0.691857266740603
0.718837562874755
0.739531918967748
0.7609262302677795
0.7635587079174453
0.7627741600107425
0.7610845648404554
0.7581234398956498
0.7588524331458905
0.7612223681218597
0.7687003895076294
0.7763726515352531
0.7807665479561491
0.7838686321243014
0.7792743961204254
0.7726091015923429
0.7663520526078016
0.7599378705999046
0.7559693097185326
0.7518725118695226
0.7473442061835879
0.7426629039209436
0.7371957851706047
0.6805046177370679
0.6231252737504775
0.5659544091937877
0.542612207879314
0.5004793209150894
0.45524035814774755
0.4669565418499644
0.4072356678433554
0.38721526041912996
0.4241499994644633
0.4039086816503321
0.38056128803308337
0.41416904088539347
0.3939277230712623
0.37058032945401354
0.40418808230632364
0.38394676449219234
0.36059937087494365
0.39753410992027705
0.38061977829916904
0.35461079572750176
0.3855569596253932
0.3878060684760994
0.3869420132680804
0.4205497661203904
0.4003084483062592
0.34780480850617707
0.345009507329355
0.34652027973644234
0.34674837374243345
0.345009507329355
0.34652027973644234
0.34841186683894504
0.3483364935223783
0.3515107590259773
0.35340234612848
0.35332697281191316
0.35650123831551217
0.3583928254180149
0.3583174521014481
0.3650682277625472
0.3705363250225499
0.38668709765257947
0.5214936490963857
0.539604293889877
0.5557479782642987
0.5944378213784214
0.6318449860914476
0.6672851903854045
0.705975033499527
0.7405993769423631
0.7441005137832964
0.7508512894443955
0.7563193867043982
0.6619952823384972
0.6687460579995963
0.6689741520055873
0.667235285592509
0.6687460579995963
0.6689741520055873
0.667235285592509
0.6687460579995963
0.6710584058452941
0.670353518937413
0.6698761462823427
0.6684556054566014
0.6666498610711155
0.6683111785763907
0.6698284008125581
0.6580820069723508
0.6463575517430629
0.6366100695336748
0.6270538997822985
0.6458096652956831
0.6653808788178711
0.6862006415809919
0.7075024553096083
0.715067787996564
0.722606367267371
0.7254644822699602
0.7280840151758822
0.7295331594170456
0.7304350321228034
0.734171725383004
0.7377545353572141
0.7382554304031383
0.7374284951354023
0.7300864617659091
0.7221252140570559
0.7171645695362971
0.7140637154849232
0.7131030320242451
0.7125318918306157
0.7086852944648223
0.703752713184066
0.6946910671726032
0.6333395363936637
0.5735818507380851
0.5114564561795081
0.49306878486692146
0.4459813679008097
0.4034568507510327
0.417413118837572
0.3527377148290757
0.3354317530224151
0.37460657645207085
0.3494107286360524
0.3287777806363686
0.364625617873001
0.3394297700569825
0.3187968220572987
0.3546446592939311
0.3294488114779126
0.3088158634782288
0.34799068690788454
0.32612182528488937
0.3028272883307869
0.3360135366130007
0.33330811546181965
0.3351585058713656
0.37100634310799796
0.3458104952919795
0.2960213011094623
0.15011361702921086
0.15011361702921086
0.15011361702921086
0.15011361702921086
0.15011361702921086
0.15011361702921086
0.15011361702921086
0.15011361702921086
0.15011361702921086
0.15011361702921086
0.15011361702921086
0.15011361702921086
0.15011361702921086
0.15011361702921086
0.15011361702921086
0.15011361702921086
0.15011361702921086
0.15011361702921086
0.15011361702921086
0.15011361702921086
0.15011361702921086
0.15011361702921086
0.15011361702921086
0.1792698632120443
0.1792698632120443
0.1792698632120443
0.1792698632120443
0.08144462200521008
0.08144462200521008
0.08144462200521008
0.08144462200521008
0.08144462200521008
0.08144462200521008
0.08144462200521008
0.08144462200521008
0.08144462200521008
0.08144462200521008
0.08144462200521008
0.08144462200521008
0.08144462200521008
0.08144462200521008
0.08144462200521008
0.08144462200521008
0.08144462200521008
0.08144462200521008
0.08144462200521008
0.08144462200521008
0.08144462200521008
0.08144462200521008
0.08144462200521008
0.08144462200521008
0.08144462200521008
0.08144462200521008
0.08144462200521008
0.08144462200521008
0.08144462200521008
0.08144462200521008
0.08144462200521008
0.08144462200521008
0.08144462200521008
0.08144462200521008
0.08144462200521008
0.08144462200521008
0.08144462200521008
0.08144462200521008
0.08144462200521008
0.08144462200521008
0.08144462200521008
0.08144462200521008
0.08144462200521008
0.08144462200521008
0.08144462200521008
0.08144462200521008
0.08144462200521008
0.08144462200521008
0.08144462200521008
0.1792698632120443
0.1792698632120443
0.1792698632120443
0.1792698632120443
0.1792698632120443
0.1792698632120443
0.1792698632120443
0.1792698632120443
0.1792698632120443
0.1792698632120443
0.1792698632120443
0.1792698632120443
0.1792698632120443
0.1792698632120443
0.1792698632120443
0.1792698632120443
0.1792698632120443
0.1792698632120443
0.1792698632120443
0.15011361702921086
0.15011361702921086
0.15011361702921086
0.15011361702921086
0.15011361702921086
0.15011361702921086
0.15011361702921086
0.15011361702921086
0.15011361702921086
0.15011361702921086
0.15011361702921086
0.15011361702921086
0.15011361702921086
0.15011361702921086
0.15011361702921086
0.15011361702921086
0.15011361702921086
0.15011361702921086
0.15011361702921086
0.15011361702921086
0.15011361702921086
0.15011361702921086
0.15011361702921086
0.15011361702921086
0.1792698632120443
0.1792698632120443
0.1792698632120443
0.1792698632120443
0.08144462200521008
0.08144462200521008
0.08144462200521008
0.08144462200521008
0.08144462200521008
0.08144462200521008
0.08144462200521008
0.08144462200521008
0.08144462200521008
0.08144462200521008
0.08144462200521008
0.08144462200521008
0.08144462200521008
0.08144462200521008
0.08144462200521008
0.08144462200521008
0.08144462200521008
0.08144462200521008
0.08144462200521008
0.08144462200521008
0.08144462200521008
0.08144462200521008
0.08144462200521008
0.08144462200521008
0.08144462200521008
0.08144462200521008
0.08144462200521008
0.08144462200521008
0.08144462200521008
0.08144462200521008
0.08144462200521008
0.08144462200521008
0.08144462200521008
0.08144462200521008
0.08144462200521008
0.08144462200521008
0.08144462200521008
0.08144462200521008
0.08144462200521008
0.08144462200521008
0.08144462200521008
0.08144462200521008
0.08144462200521008
0.08144462200521008
0.08144462200521008
0.08144462200521008
0.08144462200521008
0.08144462200521008
0.08144462200521008
0.1792698632120443
0.1792698632120443
0.1792698632120443
0.1792698632120443
0.1792698632120443
0.1792698632120443
0.1792698632120443
0.1792698632120443
0.1792698632120443
0.1792698632120443
0.1792698632120443
0.1792698632120443
0.1792698632120443
0.1792698632120443
0.1792698632120443
0.1792698632120443
0.1792698632120443
0.1792698632120443
0.1792698632120443
0.15011361702921086
0.3225421893891676
0.32565219782899163
0.3254044519184082
0.3225421893891676
0.32565219782899163
0.32706794501491987
0.3258691755821909
0.3306426771185265
0.3320584243044548
0.3308596548717258
0.33563315640806146
0.33704890359398976
0.3358501341612607
0.34420014585509645
0.34919240319852474
0.36421977971239206
0.500625567188935
0.5182603720658518
0.5332806603241113
0.5735697394709707
0.6105010642674225
0.644817872445217
0.6851069515920762
0.719255455118338
0.7216331958431089
0.7299832075369448
0.7349754648803731
0.6395279643983098
0.6478779760921455
0.6476302301815622
0.6447679676523215
0.6478779760921455
0.6476302301815622
0.6447679676523215
0.6478779760921455
0.6515362640528872
0.6610321543423631
0.6720513685869381
0.6887437435984611
0.7064544195946741
0.7224267987500158
0.737440125320852
0.7348330750138751
0.728642502409796
0.7224553266419732
0.7147004473215993
0.7335030118722463
0.7520071628717647
0.7731523558045497
0.7963446620571122
0.8090796159804922
0.8238331598570424
0.8350612097437091
0.8461922649184566
0.8535443551926858
0.858532253800967
0.8600917536082084
0.86077363335053
0.8601103418557495
0.858749270837219
0.8567497028917395
0.8539687770939071
0.8512240446485407
0.8481887890520685
0.8409972917113475
0.8336771492094893
0.8238115922238468
0.8131053562158201
0.7997416590761083
0.7357282838571277
0.6689201518032308
0.6015535923693677
0.5884070859320673
0.5360785040906695
0.4810907547260658
0.5127514199027177
0.4428348510189354
0.41306565699744824
0.46994487751721664
0.4395078648259121
0.4064116846114017
0.45996391893814687
0.42952690624684225
0.3964307260323318
0.4499829603590769
0.41954594766777237
0.3864497674532619
0.44332898797303033
0.41621896147474907
0.38046119230582004
0.4313518376781465
0.4234052516516794
0.41279240984639864
0.4663446441731437
0.43590763148183925
0.3736552050844953
0.3370618497981754
0.346362002468634
0.33012626558015007
0.3370618497981754
0.346362002468634
0.3317897586766617
0.3403888359911987
0.3513524817581689
0.33678023796619666
0.3453793152807336
0.35634296104770385
0.3417707172557316
0.3503697945702685
0.36490995049473884
0.3539142168602666
0.3787394401213998
0.5213353718285775
0.5229821857275937
0.5478003207331191
0.594279544110613
0.6152228779291643
0.6593375328542248
0.7058167562317186
0.7239772687800797
0.7361528562521169
0.7506930121765871
0.739697278542115
0.6540476248073177
0.6685877807317879
0.652352043843304
0.6592876280613293
0.6685877807317879
0.652352043843304
0.6592876280613293
0.6685877807317879
0.6786550756962845
0.6881156296513383
0.6979580461069164
0.7085970425811343
0.720955621357879
0.7291487745386546
0.7371100458490433
0.7302370467801329
0.7223940726858552
0.7219189835867121
0.7207854606514943
0.7458181823319814
0.7719281355613586
0.7854025282334368
0.7996642766494213
0.7979615972215602
0.7939178066143364
0.7953178162725556
0.7960250703298897
0.7994212261184829
0.8030395761644928
0.803513661934386
0.804434877987723
0.8070690814594815
0.8085086718450273
0.8161406077956176
0.8240354529840955
0.8305996704705911
0.8365800828673612
0.8321900652034344
0.8266456531564985
0.8180484935188828
0.8084917613018611
0.7948726003085375
0.7307503116051718
0.6629446338806747
0.5938393384978501
0.5824315680095111
0.5283642502191518
0.4667577214477207
0.5067759019801616
0.43512059714741774
0.3987326237191032
0.46396935959466057
0.43179361095439445
0.39207865133305664
0.45398840101559074
0.4218126523753246
0.38209769275398675
0.44400744243652085
0.4118316937962548
0.3721167341749169
0.4373534700504743
0.4085047076032315
0.366128159027475
0.4253763197555904
0.4156909977801617
0.3984593765680536
0.4603691262505877
0.42819337761032156
0.3593221718061502
0.365307150808347
0.3817081405652028
0.3484248500130459
0.365307150808347
0.3817081405652028
0.35008834310955744
0.3686341370013703
0.38669861985473775
0.35507882239909244
0.37362461629090526
0.3916890991442727
0.3600693016886274
0.3786150955804402
0.4002560885913077
0.3722128012931624
0.40698474113157146
0.5566815099251462
0.5412807701604895
0.5760456217432908
0.6296256822071818
0.63352146236206
0.6875828338643964
0.7411628943282874
0.7422758532129756
0.7643981572622884
0.786039150273156
0.7579958629750108
0.6822929258174893
0.7039339188283568
0.6706506282761998
0.6875329290715009
0.7039339188283568
0.6706506282761998
0.6875329290715009
0.7039339188283568
0.722069923645834
0.7388127081812279
0.7554474708467336
0.7705840536366964
0.7850664704716196
0.7925123980259864
0.7990529342506041
0.7909992463164006
0.7816012542921555
0.7722952612428283
0.7621452085659407
0.7773615843558528
0.7933214259276974
0.8101702089426434
0.8294503492482032
0.8366417740046556
0.8438653553076851
0.8502870329513096
0.8563555347728715
0.8616849888463479
0.8662497981859613
0.8703106841494787
0.87391272966154
0.875973699316612
0.8771537996867602
0.8742741036883016
0.8704839711256466
0.8648146567663273
0.8583591767259867
0.8531127363957912
0.8472143317334516
0.8391077884274801
0.8305455667874446
0.8135208379758433
0.7467751499113363
0.6776065481779787
0.6073367092889663
0.597093482306815
0.541861621010268
0.48383860755338765
0.5214378162774657
0.448617967938534
0.41581350982477006
0.4786312738919645
0.4452909817455107
0.40915953743872346
0.4686503153128947
0.43531002316644085
0.39917857885965363
0.45866935673382475
0.42532906458737096
0.3891976202805838
0.45201538434777816
0.4220020783943477
0.3832090451331419
0.44003823405289444
0.42918836857127796
0.4155402626737205
0.47503104054789164
0.4416907484014378
0.37640305791181716
0.400412464774754
0.41992685469890356
0.37983834770201025
0.400412464774754
0.41992685469890356
0.38150184079852184
0.4037394509677773
0.4249173339884385
0.38649232008805684
0.4087299302573122
0.4299078132779734
0.39148279937759173
0.41372040954684713
0.4633144508888202
0.4284659471459385
0.4420900550979785
0.594900224058847
0.5726942678494539
0.6111509357096977
0.6678443963408824
0.6649349600510244
0.7226881478308035
0.7793816084619882
0.7736893509019399
0.7995034712286955
0.8242578644068567
0.7894093606639752
0.7173982397838963
0.7421526329620576
0.7020641259651642
0.722638243037908
0.7421526329620576
0.7020641259651642
0.722638243037908
0.7421526329620576
0.761570517756069
0.7748529921361027
0.7876576376901964
0.7984019488221427
0.8081658082314713
0.815172889293707
0.8215867083098843
0.8135467297362075
0.8044384007577041
0.7953091364329612
0.7852414876531048
0.8010490759956898
0.8177321826255725
0.8363688089710045
0.8576515402539432
0.8666569968789206
0.8757955443461567
0.8807406600794343
0.8847214818336314
0.8871549918151905
0.8884827376028231
0.8903690797501631
0.8917101702084799
0.891853473040846
0.8911213449048411
0.8858674612364653
0.8794182646359398
0.8714469832329552
0.8623510122385031
0.8547000387721267
0.8468100602615576
0.8366106487679587
0.8271768810404911
0.8127273826868452
0.7480070281137075
0.6804020373054147
0.6113447431190222
0.5998889714342511
0.5458696548403239
0.4872609802585108
0.5242333054049015
0.4526260017685899
0.4192358825298933
0.4814267630194005
0.4492990155755667
0.4125819101438467
0.47144580444033063
0.4393180569964968
0.4026009515647769
0.4614648458612608
0.42933709841742684
0.392619992985707
0.45481087347521426
0.4260101122244036
0.38663141783826505
0.4428337231803304
0.433196402401334
0.41896263537884365
0.4778265296753276
0.44569878223149373
0.37982543061694035
0.3788155397460873
0.3927174781271867
0.36944324993122934
0.3788155397460873
0.3927174781271867
0.371106743027741
0.3821425259391106
0.39770795741672166
0.37609722231727594
0.3871330052286455
0.4026984367062565
0.3810877016068108
0.3921234845181804
0.4504602777128062
0.4324260527708605
0.42049313006931177
0.5676908474871302
0.5622991700786729
0.5895540106810311
0.6406350197691657
0.6545398622802435
0.7010912228021368
0.7521722318902713
0.7632942531311592
0.7779065462000287
0.7970484878351398
0.7790142628931941
0.6958013147552295
0.7149432563903406
0.6916690281943834
0.7010413180092413
0.7149432563903406
0.6916690281943834
0.7010413180092413
0.7149432563903406
0.7322931277925391
0.7430145357559151
0.7532413940710756
0.761534835888923
0.7676608788355729
0.7772792613975713
0.7869424779280021
0.7819162912501697
0.7761572271180146
0.7720641357957018
0.7675776543881788
0.7894208923457452
0.8125094710357643
0.8278881384942142
0.8442473100582137
0.8466040584660685
0.8479487945831766
0.8525964422088825
0.8570415323142568
0.8608068179351749
0.8640207825119778
0.865876418051006
0.866814395998444
0.866249243639947
0.8647539684090777
0.8603642719036103
0.8556784482668339
0.8498715300672163
0.8433858949687901
0.8371040821798343
0.8303772571252436
0.8210619904712093
0.8120127508029864
0.7986186484430159
0.7350605762605937
0.6693334585667323
0.6018224613628214
0.5888203926955686
0.5363473730841232
0.47920128681029617
0.5131647266662192
0.44310372001238907
0.4111761890816787
0.4703581842807181
0.4397767338193658
0.4045222166956321
0.46037722570164824
0.429795775240296
0.39454125811656227
0.4503962671225783
0.41981481666122605
0.3845602995374923
0.44374229473653176
0.41648783046820276
0.37857172439005043
0.431765144441648
0.4236741206451331
0.41090294193062904
0.4667579509366452
0.43617650047529294
0.37176573716872574
0.15011361702921086
0.15011361702921086
0.15011361702921086
0.15011361702921086
0.15011361702921086
0.15011361702921086
0.15011361702921086
0.15011361702921086
0.15011361702921086
0.15011361702921086
0.15011361702921086
0.15011361702921086
0.15011361702921086
0.15011361702921086
0.15011361702921086
0.15011361702921086
0.15011361702921086
0.15011361702921086
0.15011361702921086
0.15011361702921086
0.15011361702921086
0.15011361702921086
0.15011361702921086
0.1792698632120443
0.1792698632120443
0.1792698632120443
0.1792698632120443
0.08144462200521008
0.08144462200521008
0.08144462200521008
0.08144462200521008
0.08144462200521008
0.08144462200521008
0.08144462200521008
0.08144462200521008
0.08144462200521008
0.08144462200521008
0.08144462200521008
0.08144462200521008
0.08144462200521008
0.08144462200521008
0.08144462200521008
0.08144462200521008
0.08144462200521008
0.08144462200521008
0.08144462200521008
0.08144462200521008
0.08144462200521008
0.08144462200521008
0.08144462200521008
0.08144462200521008
0.08144462200521008
0.08144462200521008
0.08144462200521008
0.08144462200521008
0.08144462200521008
0.08144462200521008
0.08144462200521008
0.08144462200521008
0.08144462200521008
0.08144462200521008
0.08144462200521008
0.08144462200521008
0.08144462200521008
0.08144462200521008
0.08144462200521008
0.08144462200521008
0.08144462200521008
0.08144462200521008
0.08144462200521008
0.08144462200521008
0.08144462200521008
0.08144462200521008
0.08144462200521008
0.08144462200521008
0.1792698632120443
0.1792698632120443
0.1792698632120443
0.1792698632120443
0.1792698632120443
0.1792698632120443
0.1792698632120443
0.1792698632120443
0.1792698632120443
0.1792698632120443
0.1792698632120443
0.1792698632120443
0.1792698632120443
0.1792698632120443
0.1792698632120443
0.1792698632120443
0.1792698632120443
0.1792698632120443
0.1792698632120443
0.1792698632120443
0.15011361702921086
0.15011361702921086
0.15011361702921086
0.15011361702921086
0.15011361702921086
0.15011361702921086
0.15011361702921086
0.15011361702921086
0.15011361702921086
0.15011361702921086
0.15011361702921086
0.15011361702921086
0.15011361702921086
0.15011361702921086
0.15011361702921086
0.15011361702921086
0.15011361702921086
0.15011361702921086
0.15011361702921086
0.15011361702921086
0.15011361702921086
0.15011361702921086
0.15011361702921086
0.15011361702921086
0.1792698632120443
0.1792698632120443
0.1792698632120443
0.1792698632120443
0.08144462200521008
0.08144462200521008
0.08144462200521008
0.08144462200521008
0.08144462200521008
0.08144462200521008
0.08144462200521008
0.08144462200521008
0.08144462200521008
0.08144462200521008
0.08144462200521008
0.08144462200521008
0.08144462200521008
0.08144462200521008
0.08144462200521008
0.08144462200521008
0.08144462200521008
0.08144462200521008
0.08144462200521008
0.08144462200521008
0.08144462200521008
0.08144462200521008
0.08144462200521008
0.08144462200521008
0.08144462200521008
0.08144462200521008
0.08144462200521008
0.08144462200521008
0.08144462200521008
0.08144462200521008
0.08144462200521008
0.08144462200521008
0.08144462200521008
0.08144462200521008
0.08144462200521008
0.08144462200521008
0.08144462200521008
0.08144462200521008
0.08144462200521008
0.08144462200521008
0.08144462200521008
0.08144462200521008
0.08144462200521008
0.08144462200521008
0.08144462200521008
0.08144462200521008
0.08144462200521008
0.08144462200521008
0.1792698632120443
0.1792698632120443
0.1792698632120443
0.1792698632120443
0.1792698632120443
0.1792698632120443
0.1792698632120443
0.1792698632120443
0.1792698632120443
0.1792698632120443
0.1792698632120443
0.1792698632120443
0.1792698632120443
0.1792698632120443
0.1792698632120443
0.1792698632120443
0.1792698632120443
0.1792698632120443
0.1792698632120443
0.1792698632120443
0.15011361702921086
0.200417648267723
0.2016782393263275
0.200417648267723
0.200417648267723
0.2016782393263275
0.2020811413642346
0.20374463446074625
0.20666871861586245
0.20707162065376955
0.2087351137502812
0.21165919790539736
0.21206209994330447
0.21372559303981611
0.22022618735243232
0.22420559954783947
0.2420952385909474
0.3766516086862709
0.39327356841516653
0.4111561192026667
0.44959578096830644
0.4855142606167372
0.5226933313237724
0.5611329930894121
0.5942686514676527
0.5995086547216644
0.6060092490342807
0.6099886612296879
0.5174034232768653
0.5239040175894815
0.5226434265308769
0.5226434265308769
0.5239040175894815
0.5226434265308769
0.5226434265308769
0.5239040175894815
0.5331180367735261
0.5371657856270067
0.5426827585426749
0.5507224074068369
0.5560359444222875
0.5610552239263974
0.5654249891437801
0.5565042103520974
0.5471946724767789
0.5366862064254276
0.5263448616040266
0.542851540826998
0.55929818745829
0.5761024266353877
0.5928479676056821
0.5953291039383589
0.5972707485192702
0.5976481134255607
0.5976930289353667
0.5973300949717782
0.5967485840400755
0.5969026876055632
0.5969940698890482
0.5965659950402077
0.5956499470855152
0.595937962518545
0.5959752377834003
0.5964342322148601
0.5969257912172397
0.5935644426803988
0.5901460714141197
0.5894249950109094
0.5891430298447714
0.5908078482714874
0.541225060248382
0.4865489146358143
0.42884379561509844
0.4060358487646507
0.3633687073364002
0.319692865436083
0.42820542394213545
0.2701250542646661
0.25166776770746546
0.2875736403498001
0.2667980680716428
0.24501379532141887
0.27759268177073027
0.25681710949257297
0.23503283674234898
0.2676117231916603
0.24683615091350306
0.22505187816327912
0.2609577508056138
0.2435091647204798
0.2190633030158372
0.24898060051072998
0.25069545489741013
0.25139452055641587
0.2839734070057272
0.26319783472756997
0.21225731579451257
0.271622468867493
0.27866445291052805
0.2617430954126673
0.271622468867493
0.27866445291052805
0.263406588509179
0.2749494550605163
0.283654932200063
0.26839706779871386
0.2799399343500513
0.2886454114895979
0.2733875470882488
0.28493041363958616
0.2972124009366329
0.28553104669278384
0.3133000591907175
0.45363782227047145
0.4545990155601109
0.4823609398024368
0.526581994552507
0.5468397077616816
0.5938981519235426
0.6381192066736127
0.6555940986125971
0.6707134753214345
0.6829954626184811
0.6713141083746321
0.5886082438766354
0.600890231173682
0.5839688736758213
0.593848247130647
0.600890231173682
0.5839688736758213
0.593848247130647
0.600890231173682
0.6065984938034779
0.6136746018415186
0.6199360185112562
0.6256485426713655
0.6311672084264062
0.6352784594970928
0.6390321101248457
0.6304121214889231
0.6224108427534254
0.616510851415673
0.6115307739904746
0.6333815049873305
0.6563927340480983
0.6787071729811025
0.7016051390961281
0.7132718640281842
0.7261675208122247
0.7371821854741558
0.7486294868029034
0.7563862620515681
0.7624540445220345
0.7710237273634207
0.7784454025182739
0.7837142291840271
0.7877641103540896
0.7844230486748867
0.7802948961351155
0.7742472232854289
0.7676322014436393
0.7623403304054881
0.7565859992898696
0.7496279580341279
0.7422485566515403
0.7296724604939191
0.6668645019994632
0.6004536310816663
0.5315410428628178
0.5199405652105027
0.4660659545841196
0.4118868684776254
0.5421101403879874
0.3728223015123855
0.34386177074900776
0.4014783567956521
0.3694953153193622
0.3372077983629612
0.3914973982165823
0.3595143567402924
0.32722683978389133
0.38151643963751236
0.3495333981612225
0.3172458812048215
0.3748624672514658
0.3462064119681992
0.3112573060573796
0.36288531695658194
0.3533927021451295
0.3435885235979583
0.39787812345157925
0.36589508197528936
0.3044513188360549
0.3523862375574458
0.36862927335231527
0.3348027018869921
0.3523862375574458
0.36862927335231527
0.3364661949835037
0.3557132237504691
0.3736197526418502
0.3414566742730387
0.36070370304000404
0.3786102319313851
0.34644715356257366
0.36569418232953893
0.38717722137842014
0.35859065316710864
0.3940638278806703
0.5436026427122587
0.5276586220344357
0.5631247084923896
0.6165468149942943
0.6198993142360063
0.6746619206134952
0.7280840271153999
0.7286537050869217
0.7514772440113873
0.7729602830602684
0.744373714848957
0.6693720125665882
0.6908550516154692
0.657028480150146
0.6746120158205997
0.6908550516154692
0.657028480150146
0.6746120158205997
0.6908550516154692
0.7080920088474528
0.720934938564283
0.733644762945695
0.7448546756077088
0.7552857860716273
0.7619115584659696
0.7677971306364428
0.7557705454189841
0.7409379009904868
0.7270079010201635
0.7135921350334357
0.7291578470422568
0.7470658671454985
0.7579966373529471
0.768665577740895
0.7696336876259275
0.7710382040143972
0.7798341271741495
0.7896070745670026
0.8006572392395263
0.8126164912270191
0.8213355910153678
0.8303334768186097
0.8337010759258362
0.8349291552738917
0.8301203676567803
0.8251733630696731
0.8123259058485308
0.7948821687091819
0.7790991242181107
0.761232626546439
0.7514096382461899
0.7439945824898648
0.7147520985396011
0.6432137748057558
0.5740704862355694
0.5075473174259159
0.4935574203644058
0.44207222914721767
0.399270107568376
0.5157269955418905
0.3488285760754835
0.3312450098397584
0.3750952119495552
0.3455015898824602
0.3245910374537118
0.36511425337048536
0.33552063130339044
0.31461007887464193
0.35513329479141553
0.32553967272432055
0.3046291202955721
0.3484793224053689
0.32221268653129725
0.2986405451481302
0.33650217211048505
0.3293989767082276
0.33097176268870887
0.3714949786054823
0.34190135653838744
0.2918345579268055
0.30397386924227976
0.3065899365582409
0.30115162245607213
0.30397386924227976
0.3065899365582409
0.3028151155525838
0.30730085543530306
0.31158041584777585
0.3078055948421187
0.31229133472483794
0.3165708951373107
0.31279607413165367
0.31728181401437283
0.32513788458434567
0.32493957373618865
0.3456514595655042
0.4815633059181843
0.49400754260351576
0.5147123401772234
0.5545074782002198
0.5862482348050864
0.6262495522983291
0.6660446903213254
0.6950026256560019
0.7030648756962212
0.710920946266194
0.710722635418037
0.6209596442514219
0.6288157148213948
0.6233774007192261
0.6261996475054337
0.6288157148213948
0.6233774007192261
0.6261996475054337
0.6288157148213948
0.6317473218727285
0.6345915711017927
0.6377974319607786
0.6414464960987644
0.6452963007291781
0.6513268245514018
0.6575187738839154
0.6490291400797251
0.6399251157411066
0.6310149411750037
0.6223091314988626
0.6406940752154208
0.6602981297082982
0.6787352989176997
0.697318948149251
0.7005098509600362
0.7026424426025669
0.7038773537600242
0.7042524214234593
0.7092707418577369
0.7173018486518975
0.7260542236090229
0.7358368391889679
0.7386420089504007
0.7388181780511918
0.7351605708897622
0.7301432466412244
0.7207307626438145
0.7110940022790844
0.7023792283690191
0.6926388953006059
0.6904382801559222
0.6897807767459234
0.6782464578410408
0.6185482789561054
0.5524648972377002
0.4850622430860693
0.4719518313665366
0.4195871548073711
0.3688554330434695
0.4941214065440213
0.326343501735637
0.3008303353148519
0.35348962295168596
0.32301651554261374
0.29417636292880533
0.3435086643726161
0.31303555696354385
0.2841954043497355
0.33352770579354624
0.30305459838447396
0.2742144457706656
0.3268737334074997
0.29972761219145067
0.2682258706232238
0.31489658311261587
0.306913902368381
0.3005570881638024
0.34988938960761307
0.31941628219854085
0.2614198834018991
0.3104318453748028
0.31795361986037834
0.3031868892883085
0.3104318453748028
0.31795361986037834
0.30485038238482015
0.3137588315678261
0.32294409914991323
0.3098408616743551
0.3187493108573611
0.3279345784394481
0.31483134096389
0.3237397901468959
0.3365015678864831
0.326974840568425
0.3521094356980273
0.49292698922032174
0.4960428094357521
0.5211703163097465
0.5658711615023573
0.5882835016373227
0.6327075284308522
0.6774083736234628
0.6970378924882382
0.7095228518287443
0.7222846295683314
0.7127579022502734
0.7252428615907793
0.6401793981235322
0.6254126675514624
0.6326576236379567
0.6401793981235322
0.6254126675514624
0.6326576236379567
0.6401793981235322
0.6485118163088675
0.6586650583764109
0.6689758597659666
0.676371292180336
0.6827618067717061
0.6867686873180691
0.6898175070948047
0.6804951142684496
0.6713627137853925
0.6643769668720779
0.6574131441414408
0.6737933738819176
0.6892424129515116
0.7009004530456163
0.71189443719701
0.7117687664507423
0.7121929204590093
0.7150382942522681
0.7181684635517591
0.7238192434350526
0.7291857623395546
0.7344858445124957
0.7386789710121937
0.7387315290797135
0.7367297573303677
0.73350692401403
0.7277937740362278
0.7254044196036981
0.7219420608441992
0.7177328179933091
0.7133137670098155
0.7058413263478323
0.6977139781024014
0.6850095115033822
0.6242310201038842
0.5657552298732614
0.5065561693317363
0.4852421640020979
0.441081081053038
0.39310330875912775
0.5074117391795826
0.34783742798130385
0.32507821103051016
0.3667799555872473
0.3445104417882806
0.3184242386444636
0.35679899700817747
0.3345294832092108
0.30844328006539373
0.3468180384291076
0.3245485246301409
0.29846232148632384
0.340164066043061
0.3212215384371176
0.292473746338882
0.32818691574817715
0.32840782861404794
0.3248049638794606
0.3631797222431744
0.3409102084442078
0.2856677591175573
0.15011361702921086
0.15011361702921086
0.15011361702921086
0.15011361702921086
0.15011361702921086
0.15011361702921086
0.15011361702921086
0.15011361702921086
0.15011361702921086
0.15011361702921086
0.15011361702921086
0.15011361702921086
0.15011361702921086
0.15011361702921086
0.15011361702921086
0.15011361702921086
0.15011361702921086
0.15011361702921086
0.15011361702921086
0.15011361702921086
0.15011361702921086
0.15011361702921086
0.15011361702921086
0.1792698632120443
0.1792698632120443
0.1792698632120443
0.1792698632120443
0.1792698632120443
0.08144462200521008
0.08144462200521008
0.08144462200521008
0.08144462200521008
0.08144462200521008
0.08144462200521008
0.08144462200521008
0.08144462200521008
0.08144462200521008
0.08144462200521008
0.08144462200521008
0.08144462200521008
0.08144462200521008
0.08144462200521008
0.08144462200521008
0.08144462200521008
0.08144462200521008
0.08144462200521008
0.08144462200521008
0.08144462200521008
0.08144462200521008
0.08144462200521008
0.08144462200521008
0.08144462200521008
0.08144462200521008
0.08144462200521008
0.08144462200521008
0.08144462200521008
0.08144462200521008
0.08144462200521008
0.08144462200521008
0.08144462200521008
0.08144462200521008
0.08144462200521008
0.08144462200521008
0.08144462200521008
0.08144462200521008
0.08144462200521008
0.08144462200521008
0.08144462200521008
0.08144462200521008
0.08144462200521008
0.08144462200521008
0.08144462200521008
0.08144462200521008
0.08144462200521008
0.08144462200521008
0.1792698632120443
0.1792698632120443
0.1792698632120443
0.1792698632120443
0.1792698632120443
0.1792698632120443
0.1792698632120443
0.1792698632120443
0.1792698632120443
0.1792698632120443
0.1792698632120443
0.1792698632120443
0.1792698632120443
0.1792698632120443
0.1792698632120443
0.1792698632120443
0.1792698632120443
0.1792698632120443
0.1792698632120443
0.1792698632120443
0.15011361702921086
0.15011361702921086
0.15011361702921086
0.15011361702921086
0.15011361702921086
0.15011361702921086
0.15011361702921086
0.15011361702921086
0.15011361702921086
0.15011361702921086
0.15011361702921086
0.15011361702921086
0.15011361702921086
0.15011361702921086
0.15011361702921086
0.15011361702921086
0.15011361702921086
0.15011361702921086
0.15011361702921086
0.15011361702921086
0.15011361702921086
0.15011361702921086
0.15011361702921086
0.15011361702921086
0.1792698632120443
0.1792698632120443
0.1792698632120443
0.1792698632120443
0.1792698632120443
0.08144462200521008
0.08144462200521008
0.08144462200521008
0.08144462200521008
0.08144462200521008
0.08144462200521008
0.08144462200521008
0.08144462200521008
0.08144462200521008
0.08144462200521008
0.08144462200521008
0.08144462200521008
0.08144462200521008
0.08144462200521008
0.08144462200521008
0.08144462200521008
0.08144462200521008
0.08144462200521008
0.08144462200521008
0.08144462200521008
0.08144462200521008
0.08144462200521008
0.08144462200521008
0.08144462200521008
0.08144462200521008
0.08144462200521008
0.08144462200521008
0.08144462200521008
0.08144462200521008
0.08144462200521008
0.08144462200521008
0.08144462200521008
0.08144462200521008
0.08144462200521008
0.08144462200521008
0.08144462200521008
0.08144462200521008
0.08144462200521008
0.08144462200521008
0.08144462200521008
0.08144462200521008
0.08144462200521008
0.08144462200521008
0.08144462200521008
0.08144462200521008
0.08144462200521008
0.08144462200521008
0.1792698632120443
0.1792698632120443
0.1792698632120443
0.1792698632120443
0.1792698632120443
0.1792698632120443
0.1792698632120443
0.1792698632120443
0.1792698632120443
0.1792698632120443
0.1792698632120443
0.1792698632120443
0.1792698632120443
0.1792698632120443
0.1792698632120443
0.1792698632120443
0.1792698632120443
0.1792698632120443
0.1792698632120443
0.1792698632120443
0.15011361702921086
0.2779583731281854
0.29550074404925974
0.2649951474292201
0.2779583731281854
0.29550074404925974
0.26665864052573174
0.2812853593212087
0.3004912233387947
0.2716491198152667
0.28627583861074357
0.30548170262832963
0.2766395991048016
0.2912663179002785
0.3140486920753646
0.2887830987093366
0.3196359634514098
0.4704741134092032
0.4578510675766637
0.488696844063129
0.5434182856912387
0.5500917597782343
0.6002340561842348
0.6549554978123444
0.6588461506291499
0.6770493795821269
0.699831753757213
0.674566160391185
0.692769389344162
0.6177265223124138
0.587220925692374
0.6001841513913393
0.6177265223124138
0.587220925692374
0.6001841513913393
0.6177265223124138
0.6316617235297575
0.6460797580160214
0.6588927462797429
0.6698654496648633
0.6793115037152845
0.6857992444447785
0.6916587234377127
0.6832670710724318
0.6743736759470421
0.6665011335964481
0.6580640896450479
0.6749359127759135
0.6921508639174658
0.7106281009274208
0.7306787813264773
0.7385021545596033
0.7463210018131201
0.7508726051454717
0.7550479316464511
0.7584064841270999
0.7613802798736257
0.7631984403480928
0.7641661060949209
0.7635236302069989
0.7618415407531086
0.7596385842192215
0.7568281044783004
0.7539595581977004
0.750764775262103
0.7452082693986811
0.7390832637912933
0.7300466938452683
0.7202419075359576
0.7046142626836878
0.6391439373225065
0.5724256159688685
0.5043136006115801
0.491912550097705
0.4388385123328819
0.38825403002917797
0.5140821252751898
0.3455948592611478
0.32022893230056043
0.3734503416828544
0.34226787306812456
0.31357495991451384
0.3634693831037846
0.33228691448905473
0.30359400133544395
0.3534884245247147
0.32230595590998484
0.2936130427563741
0.3468344521386681
0.3189789697169615
0.28762446760893223
0.3348573018437843
0.3261652598938919
0.31995568514951084
0.36985010833878157
0.33866763972405173
0.28081848038760754
0.27883737880519277
0.2977086303669033
0.25954683657407773
0.27883737880519277
0.2977086303669033
0.2612103296705894
0.28216436499821607
0.30269910965643826
0.26620080896012427
0.287154844287751
0.3076895889459731
0.2711912882496592
0.2921453235772859
0.3162565783930081
0.28333478785419425
0.3205149691284172
0.4726819997268467
0.4524027567215213
0.4895758497401365
0.5456261720088823
0.5446434489230919
0.6011130618612421
0.6571633841299879
0.6533978397740074
0.6779283852591342
0.7020396400748564
0.6691178495360426
0.6936483950211693
0.6199344086300572
0.5817726148372317
0.6010631570683468
0.6199344086300572
0.5817726148372317
0.6010631570683468
0.6199344086300572
0.6360858566773864
0.6490672196201133
0.6608359518102085
0.671100813483595
0.6813239316928946
0.6880594196461767
0.6933704730093263
0.686267687403266
0.6777052211365143
0.6713147297517059
0.6644729170405892
0.6828896651559452
0.701781661030781
0.7171662383509948
0.7331476330033418
0.7364023080646752
0.7393144271619199
0.7431331222657426
0.7456064303804277
0.7472100923815294
0.7480725388008235
0.7469770366684806
0.7453545939228399
0.7433988435445461
0.7410470121017447
0.7382396631287343
0.7351499879362117
0.7345531070923128
0.7358321613292125
0.733860654646534
0.7316956588821867
0.7225590793813371
0.7118043342114105
0.696368747987839
0.6321791505803034
0.5681165766256305
0.4974147083141794
0.4876035107544669
0.4319396200354811
0.4840453936160369
0.5097730859319516
0.338695966963747
0.3181950546805851
0.36914130233961634
0.33536898077072375
0.31154108229453853
0.35916034376054645
0.3253880221916539
0.30156012371546864
0.34917938518147656
0.315407063612584
0.2915791651363988
0.34252541279543003
0.3120800774195607
0.2855905899889569
0.33054826250054614
0.3192663675964911
0.3179218075295355
0.3655410689955434
0.3317687474266509
0.27878460276763223
0.3149842368363278
0.33326085433651
0.293474449450637
0.3149842368363278
0.33326085433651
0.2951379425471486
0.3183112230293511
0.3382513336260449
0.30012842183668353
0.32330170231888605
0.34324181291557976
0.3051189011262185
0.32829218160842094
0.35180880236261486
0.31726240073075346
0.35666182715955225
0.5082342236964534
0.48633036959808057
0.5257227077712715
0.581178395978489
0.5785710617996511
0.6372599198923772
0.6927156080995944
0.6873254526505668
0.7140752432902693
0.7375918640444631
0.7030454624126018
0.7297952530523044
0.6554866325996638
0.6157002277137908
0.6372100150994817
0.6554866325996638
0.6157002277137908
0.6372100150994817
0.6554866325996638
0.6767741136965689
0.6887305433988717
0.6996858401533833
0.7091357508094365
0.7178234028138353
0.724605402242427
0.7304755355368036
0.7221211928749982
0.7127879771350654
0.7070451798050565
0.7008403172648462
0.7206477285474449
0.7410776221531039
0.7602406329552067
0.7809917243424233
0.7887613469250816
0.7954388327348675
0.794992821369876
0.7928171050964181
0.7897372698686711
0.7858587538100545
0.78125193812953
0.7747728114873844
0.7728777217932169
0.7705953368088949
0.7684090647793604
0.7677981853618516
0.765088376375049
0.7615297774703746
0.7579428300797113
0.7542512105849265
0.7452951182383651
0.7358357298034078
0.7234808453469738
0.6614874318907864
0.5971643148077955
0.5263026599824485
0.516651248936632
0.4608275717037503
0.5104393011601328
0.5388208241141166
0.3675839186320162
0.34458896222468105
0.39818904052178133
0.36425693243899293
0.33793498983863446
0.3882080819427115
0.35427597385992304
0.32795403125956457
0.37822712336364167
0.3442950152808532
0.31797307268049474
0.3715731509775951
0.3409680290878299
0.31198449753305285
0.35959600068271125
0.3481543192647602
0.34431571507363146
0.39458880717770844
0.3606566990949201
0.30517851031172816
0.32416732613552457
0.34266842680745097
0.30430336087754245
0.32416732613552457
0.34266842680745097
0.3059668539740541
0.3274943123285478
0.3476589060969859
0.31095733326358904
0.33248479161808275
0.3526493853865208
0.315947812553124
0.3374752709076177
0.36121637483355584
0.32809131215765897
0.36584491645874895
0.5176417961673945
0.497159281024986
0.5349057970704683
0.59058596844943
0.5893999732265567
0.6464430091915739
0.7021231805705356
0.6981543640774722
0.7232583325894659
0.7469994365154041
0.7138743738395074
0.7389783423515012
0.6648942050706049
0.6265291391406964
0.6463931043986785
0.6648942050706049
0.6265291391406964
0.6463931043986785
0.6648942050706049
0.6844453774758452
0.701674467670006
0.7184423852964912
0.7337901982378927
0.7482637786377386
0.7555262495764113
0.7621902584391527
0.753826720746549
0.7445599080304152
0.736009852560292
0.7269672507618353
0.7444311188578904
0.7627937135885294
0.7825869286835796
0.8038537156166035
0.8119763625188078
0.819660649037368
0.8206115516270934
0.8212751501891814
0.8210184930476215
0.8202060029023412
0.8183194672852518
0.816525312283845
0.813974991812756
0.8109075715463406
0.8097051283869516
0.8078463091500219
0.803238225767248
0.7977113294019533
0.790656265285963
0.783265058577243
0.7755733901962208
0.7674512546647816
0.753953587660868
0.6897338982317148
0.6196649186096554
0.5426855749816883
0.5391518527384919
0.4772104867029901
0.5245436257155619
0.5613214279159765
0.383966833631256
0.3586932867801102
0.42068964432364125
0.3806398474382327
0.3520393143940636
0.4107086857445715
0.37065888885916287
0.3420583558149937
0.4007277271655016
0.360677930280093
0.3320773972359239
0.394073754779455
0.35735094408706974
0.32608882208848194
0.38209660448457117
0.36453723426400003
0.3584200396290606
0.41708941097956836
0.37703961409415987
0.3192828348671573
0.36546576832141314
0.3855235508591463
0.3450486938228851
0.36546576832141314
0.3855235508591463
0.3467121869193967
0.3687927545144364
0.39051403014868125
0.3517026662089317
0.3737832338039713
0.3955045094382161
0.3566931454984666
0.37877371309350627
0.4040714988852512
0.3688366451030016
0.4071433586446375
0.5604969202190897
0.5379046139703287
0.5762042392563569
0.6334410925011253
0.6301453061718992
0.6877414513774625
0.7449783046222309
0.7388996970228148
0.7645567747753547
0.7898545605670995
0.75461970678485
0.7802767845373896
0.7077493291223003
0.6672744720860391
0.6876915465845671
0.7077493291223003
0.6672744720860391
0.6876915465845671
0.7077493291223003
0.7280749198448595
0.7399248263874767
0.751123847889512
0.7604572759098387
0.7690864125871392
0.7777487701675273
0.7861661148956424
0.7799762712495212
0.7729465465228266
0.76310009509959
0.7523772512536907
0.7677498155724264
0.7834764855556613
0.8000594607739834
0.8193683902332763
0.8258958159988636
0.8323291543441322
0.8381872134711933
0.8434984763475353
0.847374022248477
0.8504303764357114
0.8554174113650785
0.8600429676204683
0.8600013001619113
0.8579046448954492
0.8435030293587613
0.8284019672852515
0.8144293550553786
0.8021135257561434
0.7965765944582279
0.7912925742387508
0.7815853292873757
0.7708519686763978
0.7549493534078515
0.6902111626803791
0.6257447656521259
0.5550932426334931
0.5452316997809623
0.48961815435479483
0.5398317182578818
0.5674012749584469
0.39637450128306073
0.37398137932243
0.4267694913661117
0.3930475150900375
0.3673274069363834
0.4167885327870419
0.3830665565109677
0.35734644835731355
0.406807574207972
0.37308559793189777
0.34736548977824366
0.4001536018219254
0.3697586117388745
0.3413769146308018
0.38817645152704155
0.3769449019158048
0.37370813217138044
0.42316925802203875
0.38944728174596466
0.3345709274094771
0.15011361702921086
0.15011361702921086
0.15011361702921086
0.15011361702921086
0.15011361702921086
0.15011361702921086
0.15011361702921086
0.15011361702921086
0.15011361702921086
0.15011361702921086
0.15011361702921086
0.15011361702921086
0.15011361702921086
0.15011361702921086
0.15011361702921086
0.15011361702921086
0.15011361702921086
0.15011361702921086
0.15011361702921086
0.15011361702921086
0.15011361702921086
0.15011361702921086
0.15011361702921086
0.1792698632120443
0.1792698632120443
0.1792698632120443
0.1792698632120443
0.1792698632120443
0.08144462200521008
0.08144462200521008
0.08144462200521008
0.08144462200521008
0.08144462200521008
0.08144462200521008
0.08144462200521008
0.08144462200521008
0.08144462200521008
0.08144462200521008
0.08144462200521008
0.08144462200521008
0.08144462200521008
0.08144462200521008
0.08144462200521008
0.08144462200521008
0.08144462200521008
0.08144462200521008
0.08144462200521008
0.08144462200521008
0.08144462200521008
0.08144462200521008
0.08144462200521008
0.08144462200521008
0.08144462200521008
0.08144462200521008
0.08144462200521008
0.08144462200521008
0.08144462200521008
0.08144462200521008
0.08144462200521008
0.08144462200521008
0.08144462200521008
0.08144462200521008
0.08144462200521008
0.08144462200521008
0.08144462200521008
0.08144462200521008
0.08144462200521008
0.08144462200521008
0.08144462200521008
0.08144462200521008
0.08144462200521008
0.08144462200521008
0.08144462200521008
0.08144462200521008
0.1792698632120443
0.1792698632120443
0.1792698632120443
0.1792698632120443
0.1792698632120443
0.1792698632120443
0.1792698632120443
0.1792698632120443
0.1792698632120443
0.1792698632120443
0.1792698632120443
0.1792698632120443
0.1792698632120443
0.1792698632120443
0.1792698632120443
0.1792698632120443
0.1792698632120443
0.1792698632120443
0.1792698632120443
0.1792698632120443
0.1792698632120443
0.15011361702921086
0.15011361702921086
0.15011361702921086
0.15011361702921086
0.15011361702921086
0.15011361702921086
0.15011361702921086
0.15011361702921086
0.15011361702921086
0.15011361702921086
0.15011361702921086
0.15011361702921086
0.15011361702921086
0.15011361702921086
0.15011361702921086
0.15011361702921086
0.15011361702921086
0.15011361702921086
0.15011361702921086
0.15011361702921086
0.15011361702921086
0.15011361702921086
0.15011361702921086
0.15011361702921086
0.1792698632120443
0.1792698632120443
0.1792698632120443
0.1792698632120443
0.1792698632120443
0.08144462200521008
0.08144462200521008
0.08144462200521008
0.08144462200521008
0.08144462200521008
0.08144462200521008
0.08144462200521008
0.08144462200521008
0.08144462200521008
0.08144462200521008
0.08144462200521008
0.08144462200521008
0.08144462200521008
0.08144462200521008
0.08144462200521008
0.08144462200521008
0.08144462200521008
0.08144462200521008
0.08144462200521008
0.08144462200521008
0.08144462200521008
0.08144462200521008
0.08144462200521008
0.08144462200521008
0.08144462200521008
0.08144462200521008
0.08144462200521008
0.08144462200521008
0.08144462200521008
0.08144462200521008
0.08144462200521008
0.08144462200521008
0.08144462200521008
0.08144462200521008
0.08144462200521008
0.08144462200521008
0.08144462200521008
0.08144462200521008
0.08144462200521008
0.08144462200521008
0.08144462200521008
0.08144462200521008
0.08144462200521008
0.08144462200521008
0.08144462200521008
0.08144462200521008
0.1792698632120443
0.1792698632120443
0.1792698632120443
0.1792698632120443
0.1792698632120443
0.1792698632120443
0.1792698632120443
0.1792698632120443
0.1792698632120443
0.1792698632120443
0.1792698632120443
0.1792698632120443
0.1792698632120443
0.1792698632120443
0.1792698632120443
0.1792698632120443
0.1792698632120443
0.1792698632120443
0.1792698632120443
0.1792698632120443
0.1792698632120443
0.15011361702921086
0.3510064759819869
0.3673514040681403
0.33068393331181706
0.3510064759819869
0.3673514040681403
0.3323474264083287
0.3543334621750102
0.37234188335767526
0.33733790569786365
0.35932394146454516
0.3773323626472102
0.3423283849873986
0.36431442075408005
0.3858993520942452
0.3544718845919336
0.39268406630521135
0.5423247734280838
0.5235398534592607
0.5617449469169307
0.6152689457101194
0.6157805456608313
0.6732821590380363
0.7268061578312249
0.7245349365117467
0.7500974824359283
0.7716824137760935
0.740254946273782
0.7658174921979636
0.6895771823312943
0.652909711574971
0.6732322542451409
0.6895771823312943
0.652909711574971
0.6732322542451409
0.6895771823312943
0.7076552315058913
0.7126992024512878
0.7171814985022905
0.7162693010166208
0.7124575975216698
0.7097435330797238
0.7044303715932451
0.6863450831102564
0.6670182013583384
0.6495311319928946
0.632656694024506
0.6488815699991844
0.6673929960964534
0.6901871452231737
0.7145144184476735
0.7229505522807094
0.7290166972317785
0.7321904980668265
0.7345340335759931
0.7382597361290104
0.7436088717393828
0.7459463610880811
0.7480808499425646
0.7521473941518959
0.7584988802946655
0.7607194090059068
0.7630768735067355
0.7595024657809066
0.7541011753435083
0.748906222650162
0.743250230517501
0.7372025759316114
0.7308763058870128
0.7194895478215702
0.6556675829971989
0.5774678907470898
0.5116550129910429
0.4969548248759262
0.4461799247123445
0.49838551624694133
0.5191244000534109
0.3529362716406105
0.33253517731148957
0.37849261646107557
0.3496092854475872
0.325881204925443
0.36851165788200574
0.3396283268685173
0.31590024634637315
0.3585306993029359
0.3296473682894474
0.3059192877673033
0.35187672691688926
0.32632038209642417
0.2999307126198614
0.33989957662200543
0.33350667227335445
0.33226193016044
0.3748923831170027
0.3460090521035143
0.29312472539853673
0.2985345944850332
0.30387980928441877
0.280778789148486
0.2985345944850332
0.30387980928441877
0.2824422822449976
0.3018615806780565
0.30887028857395366
0.28743276153453257
0.3068520599675915
0.3138607678634885
0.2924232408240675
0.3118425392571264
0.32242775731052353
0.3045667404286025
0.34021218480825777
0.47885317864436217
0.4736347092959296
0.509273065419977
0.5517973509263977
0.5658754014975002
0.6208102775410828
0.6633345630475033
0.6746297923484158
0.6976256009389747
0.7082108189923718
0.6903498021104508
0.7133456107010098
0.6261055875475726
0.6030045674116399
0.6207603727481872
0.6261055875475726
0.6030045674116399
0.6207603727481872
0.6261055875475726
0.6306418376478544
0.6321129399144698
0.6325544544513675
0.6373685169820327
0.642832656654174
0.6483961152177882
0.6542046573228768
0.6455469955928022
0.636756015837902
0.6289693126226491
0.6209737007268783
0.6401684211867827
0.65964036551994
0.6763824871872904
0.6932527794002854
0.700247824524589
0.7079504785160117
0.7188600369938135
0.730043475371103
0.7356662140440401
0.7392051496334172
0.7370467377023822
0.7336814771560677
0.729286607405386
0.722623117792308
0.7166373984205977
0.7104329376519984
0.7034645230247282
0.6963960978234587
0.68985311769079
0.6831954090440779
0.6767417392216641
0.6703509975177896
0.6641846312860828
0.605828915882351
0.5413324466820353
0.4808126731881854
0.46081938081087176
0.41533758490948713
0.47045455806742303
0.48298895598835656
0.32209393183775303
0.3046042191319712
0.34235717239602115
0.31876694564472974
0.2979502467459247
0.3323762138169513
0.30878598706565996
0.2879692881668548
0.32239525523788143
0.2988050284865901
0.2779883295877849
0.31574128285183484
0.2954780422935668
0.271999754440343
0.30376413255695106
0.30266433247049707
0.3043309719809216
0.3387569390519483
0.31516671230065696
0.26519376721901833
0.24890805514436984
0.2554873833301004
0.23841317838357284
0.24890805514436984
0.2554873833301004
0.2400766714800845
0.2522350413373931
0.26047786261963535
0.2450671507696194
0.25722552062692805
0.2654683419091702
0.2500576300591543
0.2622159999164629
0.2740353313562052
0.26220112966368936
0.29058564546759424
0.4304607526900438
0.4312690985310164
0.4596465260793135
0.5034049249720793
0.5235097907325871
0.5711837382004192
0.6149421370931849
0.6322641815835025
0.6479990615983112
0.6598183930380535
0.6479841913455376
0.6637190713603464
0.5777131615932543
0.5606389566467268
0.5711338334075237
0.5777131615932543
0.5606389566467268
0.5711338334075237
0.5777131615932543
0.584819213765063
0.5925191970314476
0.5998180712350323
0.605020757855584
0.6093089080226713
0.6103202670636763
0.6107936512143314
0.5974903145421341
0.584430001588263
0.5723288761705343
0.5604857016651165
0.5776979244312415
0.5953072598434835
0.6113775092816072
0.6272833535541718
0.6281340779909794
0.6285971307382169
0.6291735767140713
0.6296397689913695
0.6299303220707791
0.6301330989626585
0.6322802331354982
0.6344131872190202
0.636555105509714
0.6387012096344659
0.6389953342488753
0.639209807165217
0.638378923999777
0.6371412316083013
0.6355937904725192
0.6338539504907679
0.6326722407047759
0.6316716102840583
0.6290297713884251
0.5744647053485165
0.5192004442467523
0.46327060619585864
0.43868737837558874
0.3977955179171604
0.4520501345689697
0.46085695355307343
0.30455186484542623
0.2861997956335179
0.32022516996073813
0.30122487865240294
0.2795458232474713
0.3102442113816683
0.2912439200733331
0.2695648646684014
0.30026325280259836
0.2812629614942633
0.2595839060893316
0.2936092804165518
0.27793597530124
0.2535953309418897
0.281632130121668
0.28512226547817027
0.2859265484824683
0.3166249366166653
0.29762464530833016
0.246789343720565
0.27207371035287337
0.27402854368906443
0.2699561470661304
0.27207371035287337
0.27402854368906443
0.27161964016264206
0.2754006965458966
0.2790190229785993
0.27661011945217706
0.28039117583543155
0.28400950226813426
0.28160059874171195
0.2853816551249665
0.29257649171516925
0.29374409834624693
0.31375130067609774
0.44900191304900783
0.462812067213574
0.4828121812878171
0.5219460853310435
0.5550527594151446
0.5943493934089227
0.633483297452149
0.6638071502660602
0.6711647168068149
0.6783595533970176
0.6795271600280953
0.6868847265688498
0.5962543219522183
0.5921819253292844
0.5942994886160273
0.5962543219522183
0.5921819253292844
0.5942994886160273
0.5962543219522183
0.5980925614047921
0.5998616247773493
0.6016216872629971
0.6027816054767285
0.6035804880369292
0.6039114925559022
0.6041112476389767
0.5885954051178971
0.5728989069456923
0.5572734083366386
0.5415189951485483
0.5574783952160686
0.5742383428136351
0.5915405846899453
0.6084983852918324
0.6090795368586741
0.6089420815584228
0.605553550546027
0.6019411633229823
0.5982756922070067
0.5945244906227442
0.5790754993610936
0.5619509125653125
0.5433977344814556
0.5293140999178447
0.52778653019505
0.5273696156997851
0.5271038806296987
0.526925681114212
0.5270162684565015
0.5280732678153031
0.5274244249619984
0.5290212234972026
0.5309237795601068
0.4881741328137243
0.4421303606597133
0.4018738277241315
0.3616172947885497
0.33639873944543325
0.40900542530915096
0.38378686996603445
0.2431550863736991
0.2431550863736991
0.2431550863736991
0.2398281001806758
0.23650111398765253
0.2331741277946293
0.229847141601606
0.22652015540858267
0.2231931692155594
0.2198661830225361
0.2165391968295128
0.2165391968295128
0.2165391968295128
0.21055062168207095
0.20456204653462903
0.22372548700644318
0.24288183922264958
0.23955485302962626
0.23622786683660302
0.20374463446074625
0.20370961352893738
0.2107677745810757
0.20235623682025722
0.20370961352893738
0.2107677745810757
0.20401972991676887
0.20703659972196067
0.21575825387061062
0.2090102092063038
0.2120270790114956
0.22074873316014557
0.21400068849583873
0.2170175583010305
0.3315964255624037
0.32842489105559697
0.2453872038521618
0.3857411439410191
0.3952121569677008
0.41444808446388115
0.45868531622305464
0.48745284916927134
0.5259852965849867
0.5702225283441603
0.596207240020187
0.6028006199828788
0.6150987842890289
0.6119272497822221
0.6185206297449138
0.5329935528442297
0.5245820150834112
0.5259353917920913
0.5329935528442297
0.5245820150834112
0.5259353917920913
0.5329935528442297
0.5360084439987106
0.5394445963810308
0.5455365461683958
0.5512193086796846
0.5563572454931727
0.5591988406472295
0.5610874285666398
0.5524503740518301
0.541975484230887
0.5352553529779137
0.527883328313599
0.5445187164409482
0.5628242356660961
0.580230489338943
0.5985216057081205
0.605314826565091
0.612071797529384
0.6167045636357977
0.6206125595133798
0.6237475644058463
0.6262295151180248
0.6300271622141502
0.6335375587389912
0.6363127135312956
0.6383609220473935
0.6374731047755283
0.6358572900080387
0.631866530345508
0.6265117723310566
0.6206272087616279
0.6144375583969659
0.6063865419720075
0.5980490839315216
0.5868428351081826
0.5277095725513208
0.4656930258746779
0.41166483499675705
0.38517996000351434
0.3461897467180588
0.41361930420253296
0.40734953518099903
0.2529460936463247
0.2477689652670811
0.2667177515886637
0.2496191074533014
0.24111499288103452
0.25673679300959384
0.2396381488742316
0.23113403430196466
0.24675583443052398
0.22965719029516168
0.22115307572289483
0.24010186204447742
0.22633020410213836
0.2151645005754529
0.2281247117495936
0.23351649427906873
0.24749571811603155
0.26311751824459084
0.24601887410922857
0.20835851335412825
0.15011361702921086
0.15011361702921086
0.15011361702921086
0.15011361702921086
0.15011361702921086
0.15011361702921086
0.15011361702921086
0.15011361702921086
0.15011361702921086
0.15011361702921086
0.15011361702921086
0.15011361702921086
0.15011361702921086
0.15011361702921086
0.15011361702921086
0.15011361702921086
0.15011361702921086
0.15011361702921086
0.15011361702921086
0.15011361702921086
0.15011361702921086
0.15011361702921086
0.15011361702921086
0.1792698632120443
0.1792698632120443
0.1792698632120443
0.1792698632120443
0.1792698632120443
0.08144462200521008
0.08144462200521008
0.08144462200521008
0.08144462200521008
0.08144462200521008
0.08144462200521008
0.08144462200521008
0.08144462200521008
0.08144462200521008
0.08144462200521008
0.08144462200521008
0.08144462200521008
0.08144462200521008
0.08144462200521008
0.08144462200521008
0.08144462200521008
0.08144462200521008
0.08144462200521008
0.08144462200521008
0.08144462200521008
0.08144462200521008
0.08144462200521008
0.08144462200521008
0.08144462200521008
0.08144462200521008
0.08144462200521008
0.08144462200521008
0.08144462200521008
0.08144462200521008
0.08144462200521008
0.08144462200521008
0.08144462200521008
0.08144462200521008
0.08144462200521008
0.08144462200521008
0.08144462200521008
0.08144462200521008
0.08144462200521008
0.08144462200521008
0.08144462200521008
0.08144462200521008
0.08144462200521008
0.08144462200521008
0.08144462200521008
0.08144462200521008
0.1792698632120443
0.1792698632120443
0.1792698632120443
0.1792698632120443
0.1792698632120443
0.1792698632120443
0.1792698632120443
0.1792698632120443
0.1792698632120443
0.1792698632120443
0.1792698632120443
0.1792698632120443
0.1792698632120443
0.1792698632120443
0.1792698632120443
0.1792698632120443
0.1792698632120443
0.1792698632120443
0.1792698632120443
0.1792698632120443
0.1792698632120443
0.1792698632120443
0.15011361702921086
0.15011361702921086
0.15011361702921086
0.15011361702921086
0.15011361702921086
0.15011361702921086
0.15011361702921086
0.15011361702921086
0.15011361702921086
0.15011361702921086
0.15011361702921086
0.15011361702921086
0.15011361702921086
0.15011361702921086
0.15011361702921086
0.15011361702921086
0.15011361702921086
0.15011361702921086
0.15011361702921086
0.15011361702921086
0.15011361702921086
0.15011361702921086
0.15011361702921086
0.15011361702921086
0.1792698632120443
0.1792698632120443
0.1792698632120443
0.1792698632120443
0.1792698632120443
0.08144462200521008
0.08144462200521008
0.08144462200521008
0.08144462200521008
0.08144462200521008
0.08144462200521008
0.08144462200521008
0.08144462200521008
0.08144462200521008
0.08144462200521008
0.08144462200521008
0.08144462200521008
0.08144462200521008
0.08144462200521008
0.08144462200521008
0.08144462200521008
0.08144462200521008
0.08144462200521008
0.08144462200521008
0.08144462200521008
0.08144462200521008
0.08144462200521008
0.08144462200521008
0.08144462200521008
0.08144462200521008
0.08144462200521008
0.08144462200521008
0.08144462200521008
0.08144462200521008
0.08144462200521008
0.08144462200521008
0.08144462200521008
0.08144462200521008
0.08144462200521008
0.08144462200521008
0.08144462200521008
0.08144462200521008
0.08144462200521008
0.08144462200521008
0.08144462200521008
0.08144462200521008
0.08144462200521008
0.08144462200521008
0.08144462200521008
0.08144462200521008
0.1792698632120443
0.1792698632120443
0.1792698632120443
0.1792698632120443
0.1792698632120443
0.1792698632120443
0.1792698632120443
0.1792698632120443
0.1792698632120443
0.1792698632120443
0.1792698632120443
0.1792698632120443
0.1792698632120443
0.1792698632120443
0.1792698632120443
0.1792698632120443
0.1792698632120443
0.1792698632120443
0.1792698632120443
0.1792698632120443
0.1792698632120443
0.1792698632120443
0.15011361702921086
0.20091953811185553
0.200417648267723
0.20102216214760762
0.20091953811185553
0.200417648267723
0.2026856552441192
0.20424652430487883
0.2054081275572579
0.2076761345336542
0.20923700359441375
0.21039860684679282
0.21266661382318908
0.21422748288394866
0.33437882454304657
0.34022334167694285
0.24259712843507997
0.37539101762766636
0.3938780822950511
0.4116580090467992
0.4483351899097019
0.4861187744966218
0.523195221167905
0.5598724020308076
0.5948731653475373
0.6000105445657969
0.6047486579756761
0.6105931751095725
0.6157305543278321
0.6204686677377111
0.5232479404107615
0.5231453163750095
0.5226434265308769
0.5232479404107615
0.5231453163750095
0.5226434265308769
0.5247665015438033
0.5268972223573875
0.5285984060091635
0.5246900805210507
0.528541426290691
0.5328748567961628
0.5457863924019707
0.5472781437219738
0.5420155676749453
0.5367742372806036
0.5342023794697366
0.5565343770947079
0.5843020242730244
0.6096520608834382
0.6333053229255933
0.6442908138003202
0.6544333779850858
0.6573935915153217
0.6599039063095935
0.6616467080320876
0.6627703405086994
0.661742704282576
0.6603031625816846
0.6597920478040068
0.6592607746033997
0.6644597286580616
0.6682604148523309
0.670480430115747
0.6720176800452126
0.6679318764303012
0.6632666168826905
0.654751181712359
0.6455418739936678
0.6307298598398322
0.5644610949688921
0.4938928136393615
0.4314500498377073
0.4133797477681979
0.46380020276584333
0.4249961093743239
0.43554932294568266
0.27273130848727495
0.2591457704388721
0.2949175393533473
0.2694043222942517
0.25249179805282557
0.28493658077427747
0.2594233637151819
0.24251083947375565
0.2749556221952076
0.249442405136112
0.2325298808946858
0.268301649809161
0.2461154189430887
0.22654130574724393
0.25632449951427716
0.25330170912001904
0.25887252328782256
0.2913173060092744
0.2658040889501789
0.21973531852591924
0.20207966782019765
0.2053225879007101
0.20138041722212788
0.20207966782019765
0.2053225879007101
0.20304391031863944
0.20540665401322092
0.210313067190245
0.20803438960817447
0.2103971333027559
0.21530354647977995
0.21302486889770936
0.21538761259229075
0.22387053592681488
0.22516836850224436
0.24375725814342206
0.3802959572606535
0.39423633736957137
0.41281813875514134
0.45324012954268905
0.48647702957114203
0.5243553508762471
0.5647773416637947
0.5952314204220576
0.6011706742741391
0.6096535976086632
0.6109514301840927
0.6168906840361742
0.6253736073706982
0.5236061954852818
0.5243054460833515
0.527548366163864
0.5236061954852818
0.5243054460833515
0.527548366163864
0.5296974774527234
0.5335589328559823
0.535890365578499
0.5458348154604031
0.5567770527870975
0.5722501831785809
0.5860358924645661
0.5801819281240647
0.5714969424315028
0.5620612693753732
0.551442849869509
0.5654874690092381
0.5783254158054267
0.5893196979090044
0.5995223083141044
0.5994676522295628
0.5997707516988289
0.6016472545403759
0.6038093369618108
0.6045849520573884
0.6048493529096948
0.6051000173478298
0.6050853715065464
0.6043063771294888
0.6032247916611106
0.6001575300635689
0.5960755505443991
0.5917681753758235
0.587430210268697
0.5826844758680755
0.5775106208622529
0.5740755332046776
0.5705901833956757
0.5661572104359607
0.5115229710881682
0.45629989569105717
0.4069613573114109
0.37578682981989353
0.4393115102395469
0.40974130583323776
0.3979564049973783
0.24824261596097863
0.24389096689778594
0.2573246214050429
0.24491562976795533
0.23723699451173938
0.24734366282597306
0.23493467118888547
0.2272560359326695
0.23736270424690323
0.2249537126098156
0.21727507735359963
0.23070873186085664
0.22162672641679232
0.21128650220615772
0.2187315815659728
0.22881301659372263
0.24361771974673635
0.25372438806097003
0.24131539642388247
0.20448051498483308
0.200417648267723
0.200417648267723
0.200417648267723
0.200417648267723
0.200417648267723
0.2020811413642346
0.20374463446074625
0.2054081275572579
0.20707162065376955
0.2087351137502812
0.21039860684679282
0.21206209994330447
0.21372559303981611
0.21896559629382775
0.22420559954783947
0.2420952385909474
0.37539101762766636
0.39327356841516653
0.4111561192026667
0.4483351899097019
0.4855142606167372
0.5226933313237724
0.5598724020308076
0.5942686514676527
0.5995086547216644
0.6047486579756761
0.6099886612296879
0.6152286644836995
0.6204686677377111
0.5226434265308769
0.5226434265308769
0.5226434265308769
0.5226434265308769
0.5226434265308769
0.5226434265308769
0.5232532631131035
0.5285616851466476
0.5421338070325716
0.5515235071359753
0.5621139407468089
0.5684734402577992
0.5758348952565211
0.5670356543262655
0.5575521707237063
0.5491562459465686
0.5398954949065974
0.5545366631253257
0.5684276826168725
0.5822681687549226
0.5964886961352979
0.6004920387528331
0.6051357405724872
0.6098306373558715
0.6146109265267277
0.6183719414948405
0.6216915224189513
0.624012421456071
0.6257990725788101
0.6264715551835279
0.6265918564538782
0.6249847475892601
0.6232915550766028
0.6210981005105236
0.6183692946841717
0.6151862127314204
0.6116400603117081
0.6057068885412513
0.5995986227685901
0.5861967715485543
0.523886122246909
0.45720879209641735
0.4057766995681594
0.37669572622525377
0.4381268524962954
0.4100174522101741
0.39886530140273846
0.2470579582177271
0.24416711327472224
0.2582335178104031
0.2437309720247038
0.23751314088867564
0.24825255923133327
0.233750013445634
0.2275321823096058
0.2382716006522634
0.22376905486656407
0.21755122373053595
0.23161762826621685
0.2204420686735408
0.21156264858309404
0.21964047797133301
0.22762835885047114
0.24389386612367267
0.25463328446633027
0.24013073868063098
0.2047566613617694
0.20178567909228773
0.20073914472576412
0.20170854758056758
0.20178567909228773
0.20073914472576412
0.20337204067707917
0.20511266528531102
0.20572962401529907
0.20836251996661415
0.210103144574846
0.21072010330483398
0.21335299925614906
0.21509362386438083
0.27808166249818644
0.2842910686070016
0.24346326941551216
0.37571251408570755
0.39456446772801107
0.4125241500272314
0.4486566863677431
0.4868051599295817
0.5240613621483372
0.5601938984888487
0.5955595507804973
0.6008766855462292
0.6050701544337173
0.6112795605425324
0.6165966953082643
0.6207901641957523
0.5239343258437215
0.5240114573554416
0.5229649229889181
0.5239343258437215
0.5240114573554416
0.5229649229889181
0.5250166803209726
0.5260451454369113
0.5270977758446563
0.5282279496703417
0.5306170550194912
0.5343550646180307
0.536487621801805
0.5291897052807197
0.5195871000418611
0.5119018349580167
0.5041523758274711
0.5166538786288919
0.5302966947140121
0.5438114915647018
0.5600734100169383
0.5660995371541238
0.5719381081328909
0.5769042427295104
0.5813716182599514
0.5851172965133753
0.5882413298080302
0.591425760039871
0.5941685025193443
0.5961084465493991
0.5975268599938051
0.5960407423974307
0.5939293309595123
0.5907517854273954
0.5869661023858648
0.5825825693130556
0.578266341544426
0.5714362872210459
0.5651286022128044
0.5576917494072058
0.5033925407097735
0.448866353925904
0.40349319976308134
0.36835328805474044
0.4358433526912173
0.40918568828512925
0.3905228632322252
0.24477445841264905
0.24333534934967738
0.2498910796398898
0.24144747221962576
0.2366813769636308
0.23991012106082
0.23146651364055593
0.22670041838456095
0.22992916248175008
0.22148555506148607
0.2167194598054911
0.2232751900957035
0.21815856886846274
0.21073088465804918
0.21129803980081968
0.22534485904539306
0.24306210219862784
0.24629084629581696
0.23784723887555295
0.20392489743672454
0.2027585411611029
0.20273477571779913
0.20244769894060174
0.2027585411611029
0.20273477571779913
0.20411119203711336
0.2060855273541262
0.20772525500733408
0.2091016713266483
0.21107600664366116
0.212715734296869
0.21409215061618322
0.216066485933196
0.33669595199312274
0.3416488784699371
0.24443613148432733
0.37770814507774253
0.39530361908804523
0.4134970120960466
0.45065231735977807
0.48754431128961584
0.5250342242171523
0.5621895294808837
0.5962987021405315
0.6018495476150444
0.6070657854257523
0.6120187119025665
0.6175695573770794
0.6227857951877873
0.5246734772037557
0.5249843194242568
0.5249605539809531
0.5246734772037557
0.5249843194242568
0.5249605539809531
0.5268660904262747
0.526594001191533
0.530744606246559
0.5325543459462926
0.536473605860574
0.5408048954809993
0.5442723302806053
0.5366699695140478
0.528063023762927
0.5208152971172451
0.5152866042007405
0.5290145594990323
0.5463318121767109
0.5637155423810136
0.5788032715527942
0.583941644860642
0.5893891076049357
0.5931017632235858
0.5959943304409115
0.5977665457111435
0.5986599572055118
0.6008170990554274
0.6026657803888535
0.6038928672581076
0.6048358592786858
0.6032481767045146
0.600923513594779
0.5972912806677875
0.5930471033465745
0.5876648969715175
0.5819689123835758
0.5744511685471241
0.5672735631268119
0.5591050994735718
0.5030137278696403
0.44935400004143233
0.403648796380859
0.36884093417026875
0.4359989493089951
0.40900542530915096
0.39101050934775344
0.24493005503042667
0.2431550863736991
0.2503787257554181
0.2416030688374034
0.23650111398765253
0.24039776717634825
0.23162211025833354
0.22652015540858267
0.2304168085972784
0.22164115167926368
0.2165391968295128
0.22376283621123183
0.21831416548624036
0.21055062168207095
0.211785685916348
0.2255004556631707
0.24288183922264958
0.24677849241134522
0.23800283549333057
0.20374463446074625
0.15011361702921086
0.15011361702921086
0.15011361702921086
0.15011361702921086
0.15011361702921086
0.15011361702921086
0.15011361702921086
0.15011361702921086
0.15011361702921086
0.15011361702921086
0.15011361702921086
0.15011361702921086
0.15011361702921086
0.15011361702921086
0.15011361702921086
0.15011361702921086
0.15011361702921086
0.15011361702921086
0.15011361702921086
0.15011361702921086
0.15011361702921086
0.15011361702921086
0.15011361702921086
0.1792698632120443
0.1792698632120443
0.1792698632120443
0.1792698632120443
0.1792698632120443
0.1792698632120443
0.08144462200521008
0.08144462200521008
0.08144462200521008
0.08144462200521008
0.08144462200521008
0.08144462200521008
0.08144462200521008
0.08144462200521008
0.08144462200521008
0.08144462200521008
0.08144462200521008
0.08144462200521008
0.08144462200521008
0.08144462200521008
0.08144462200521008
0.08144462200521008
0.08144462200521008
0.08144462200521008
0.08144462200521008
0.08144462200521008
0.08144462200521008
0.08144462200521008
0.08144462200521008
0.08144462200521008
0.08144462200521008
0.08144462200521008
0.08144462200521008
0.08144462200521008
0.08144462200521008
0.08144462200521008
0.08144462200521008
0.08144462200521008
0.08144462200521008
0.08144462200521008
0.08144462200521008
0.08144462200521008
0.08144462200521008
0.08144462200521008
0.08144462200521008
0.08144462200521008
0.08144462200521008
0.08144462200521008
0.08144462200521008
0.08144462200521008
0.1792698632120443
0.1792698632120443
0.1792698632120443
0.1792698632120443
0.1792698632120443
0.1792698632120443
0.1792698632120443
0.1792698632120443
0.1792698632120443
0.1792698632120443
0.1792698632120443
0.1792698632120443
0.1792698632120443
0.1792698632120443
0.1792698632120443
0.1792698632120443
0.1792698632120443
0.1792698632120443
0.1792698632120443
0.1792698632120443
0.1792698632120443
0.1792698632120443
0.15011361702921086
0.15011361702921086
0.15011361702921086
0.15011361702921086
0.15011361702921086
0.15011361702921086
0.15011361702921086
0.15011361702921086
0.15011361702921086
0.15011361702921086
0.15011361702921086
0.15011361702921086
0.15011361702921086
0.15011361702921086
0.15011361702921086
0.15011361702921086
0.15011361702921086
0.15011361702921086
0.15011361702921086
0.15011361702921086
0.15011361702921086
0.15011361702921086
0.15011361702921086
0.15011361702921086
0.1792698632120443
0.1792698632120443
0.1792698632120443
0.1792698632120443
0.1792698632120443
0.1792698632120443
0.08144462200521008
0.08144462200521008
0.08144462200521008
0.08144462200521008
0.08144462200521008
0.08144462200521008
0.08144462200521008
0.08144462200521008
0.08144462200521008
0.08144462200521008
0.08144462200521008
0.08144462200521008
0.08144462200521008
0.08144462200521008
0.08144462200521008
0.08144462200521008
0.08144462200521008
0.08144462200521008
0.08144462200521008
0.08144462200521008
0.08144462200521008
0.08144462200521008
0.08144462200521008
0.08144462200521008
0.08144462200521008
0.08144462200521008
0.08144462200521008
0.08144462200521008
0.08144462200521008
0.08144462200521008
0.08144462200521008
0.08144462200521008
0.08144462200521008
0.08144462200521008
0.08144462200521008
0.08144462200521008
0.08144462200521008
0.08144462200521008
0.08144462200521008
0.08144462200521008
0.08144462200521008
0.08144462200521008
0.08144462200521008
0.08144462200521008
0.1792698632120443
0.1792698632120443
0.1792698632120443
0.1792698632120443
0.1792698632120443
0.1792698632120443
0.1792698632120443
0.1792698632120443
0.1792698632120443
0.1792698632120443
0.1792698632120443
0.1792698632120443
0.1792698632120443
0.1792698632120443
0.1792698632120443
0.1792698632120443
0.1792698632120443
0.1792698632120443
0.1792698632120443
0.1792698632120443
0.1792698632120443
0.1792698632120443
0.15011361702921086
0.20162002564100023
0.20240723322706525
0.2014843980620142
0.20162002564100023
0.20240723322706525
0.20314789115852586
0.20494701183402353
0.2073977125166002
0.2081383704480608
0.20993749112355845
0.2123881918061351
0.21312884973759572
0.2149279704130934
0.33636840950238894
0.34068557759134954
0.24329761596422467
0.3773806025870087
0.3943403182094578
0.4123584965759439
0.4503247748690442
0.4865810104110284
0.5238957086970496
0.5618619869901499
0.595335401261944
0.6007110320949417
0.6067382429350184
0.6110554110239791
0.6164310418569767
0.6224582526970535
0.5237101763251681
0.5238458039041541
0.5246330114902192
0.5237101763251681
0.5238458039041541
0.5246330114902192
0.5249435565364156
0.5252311173160917
0.5258545527705387
0.5264403476066115
0.5264806809418543
0.5273113131760363
0.5280923446142669
0.5182365529221672
0.5101316396562191
0.5017620322521669
0.49418219092837795
0.5062611131138836
0.519883527507131
0.5315694788537622
0.543594624784802
0.545402402347114
0.5466496476579119
0.5467017095241716
0.5468436683245927
0.5476387192248522
0.5476656366903989
0.5481043808354219
0.5488742840727145
0.5499598715943355
0.5508009881021777
0.5499545833771566
0.5493614115783303
0.5473239857786008
0.5446096970699881
0.5423822272377471
0.5395675500305545
0.536888453802561
0.5343781723952985
0.5299372995379321
0.4836023940904427
0.4421303606597133
0.4020593735115417
0.3616172947885497
0.4344095264396778
0.40900542530915096
0.38378686996603445
0.24334063216110938
0.25922287912288133
0.2763705315626996
0.2512836969195374
0.23650111398765253
0.2331741277946293
0.23003268738901625
0.22652015540858267
0.2231931692155594
0.2200517288099464
0.2165391968295128
0.2165391968295128
0.21672474261692307
0.21055062168207095
0.20456204653462903
0.2239110327938534
0.24288183922264958
0.23955485302962626
0.23641341262401327
0.20374463446074625
0.20135328162628882
0.20291469097372608
0.20188359338596637
0.20135328162628882
0.20291469097372608
0.203547086482478
0.20468026781931212
0.207905170263261
0.208537565772013
0.20967074710884703
0.21289564955279594
0.21352804506154782
0.21466122639838195
0.3368758672490498
0.34108477291530165
0.24303087194951326
0.3778880603336695
0.3947395135334099
0.4120917525612325
0.4508322326157051
0.4869802057349805
0.5236289646823382
0.5623694447368106
0.5957345965858961
0.6004442880802302
0.6072457006816793
0.6114546063479313
0.6161642978422652
0.6229657104437142
0.5241093716491203
0.5235790598894428
0.52514046923688
0.5241093716491203
0.5235790598894428
0.52514046923688
0.5246720355633302
0.5252338270017923
0.5252828672144202
0.525238116170005
0.5266255691948127
0.5266198414950035
0.5313032255138407
0.5223502875965632
0.5129034423953486
0.5056389784142384
0.49667019671554397
0.5085975568385588
0.5206358021845924
0.5347055910354661
0.5475251962877097
0.5526345704849563
0.5555479764414888
0.5590322578697037
0.5630658077955699
0.5660519232184336
0.5687467588259182
0.5718332641019763
0.574225601748186
0.5772329069213882
0.579532064100345
0.5795667194330385
0.5789812968950343
0.5767331313365277
0.5736310619493356
0.5705765392038592
0.5674381834060505
0.5619745560018041
0.5561705397526151
0.5463546750738554
0.4935219348806114
0.44306127504126497
0.4018738277241315
0.3625482091701014
0.43422398065226747
0.4094299124858875
0.3847177843475861
0.2431550863736991
0.2435795735504356
0.24408600075525072
0.2398281001806758
0.23692560116438904
0.23410504217618086
0.229847141601606
0.22694464258531918
0.22412408359711103
0.2198661830225361
0.21696368400624935
0.21747011121106447
0.2165391968295128
0.21097510885880746
0.2054929609161806
0.22372548700644318
0.24330632639938612
0.24048576741117786
0.23622786683660302
0.20416912163748277
0.20163292227720092
0.2007458820881872
0.20226311521913273
0.20163292227720092
0.2007458820881872
0.20392660831564435
0.2049599084702242
0.20573636137772214
0.20891708760517935
0.20995038775975913
0.21072684066725703
0.2139075668947142
0.21494086704929405
0.3215745330695152
0.32833176945447246
0.24331051260042533
0.3757192514481305
0.3951190353665763
0.4123713932121446
0.44866342373016616
0.4873597275681469
0.5239086053332503
0.5602006358512718
0.5961141184190625
0.6007239287311423
0.6050768917961402
0.6118341281810976
0.6164439384931775
0.6207969015581754
0.5244888934822867
0.5238587005403549
0.5229716603513411
0.5244888934822867
0.5238587005403549
0.5229716603513411
0.5252282510813305
0.5252598570146318
0.5260616758897879
0.5271928726765631
0.5287467967642933
0.5293650956752061
0.5331117896776838
0.5245151684520684
0.5173184346733712
0.5094490202035002
0.5022867373008746
0.5135801439639437
0.5267175056655283
0.5406220034717801
0.5537166422029847
0.5581134137141456
0.5633172295499567
0.5668862154192102
0.5697068747200404
0.573695232136133
0.5764841468965198
0.5800780796363708
0.5832534476777708
0.5858051628385574
0.5878827194013303
0.5878835846032655
0.5871336561073417
0.584975700137692
0.5819478054126547
0.5773214190579604
0.572764927425427
0.5657115326448646
0.5589185890576169
0.5490505212803317
0.48999111922946925
0.4438939402767704
0.4018738277241315
0.4612061156124411
0.43422398065226747
0.409430463233051
0.3855504495830916
0.2431550863736991
0.24358012429759918
0.24491866599075623
0.2398281001806758
0.2369261519115526
0.23493770741168638
0.229847141601606
0.22694519333248273
0.2249567488326165
0.2198661830225361
0.21696423475341287
0.21830277644656992
0.2165391968295128
0.21097565960597098
0.20632562615168606
0.22372548700644318
0.24330687714654964
0.24131843264668335
0.23622786683660302
0.2041696723846463
0.200417648267723
0.20076195764662286
0.200417648267723
0.200417648267723
0.20076195764662286
0.2020811413642346
0.20374463446074625
0.2057524369361578
0.20707162065376955
0.2087351137502812
0.21074291622569272
0.21206209994330447
0.21372559303981611
0.33472313392194647
0.33961882779705826
0.2420952385909474
0.3757353270065662
0.39327356841516653
0.4111561192026667
0.4486794992886018
0.4855142606167372
0.5226933313237724
0.5602167114097074
0.5942686514676527
0.5995086547216644
0.605092967354576
0.6099886612296879
0.6152286644836995
0.620812977116611
0.5226434265308769
0.5226434265308769
0.5229877359097768
0.5226434265308769
0.5226434265308769
0.5229877359097768
0.5239167499263553
0.5243554739215842
0.5248590932086732
0.5250654471157467
0.5253654153637878
0.5255770337458794
0.5267103354146422
0.5176531753090321
0.5069972601429575
0.49698397112983134
0.48849800276077954
0.497136226353939
0.5097391367491204
0.5212350505042701
0.5295675071773008
0.5295846302633287
0.5274998389560984
0.527656723886018
0.5277065616205473
0.5284670609548102
0.5293172724574643
0.5304961340994079
0.5315256000545531
0.5323085032326954
0.5329108774509829
0.5334895088830844
0.5344678072250028
0.5339356252931824
0.5330938211928385
0.5317701285727477
0.5302678448365127
0.5278638549045219
0.5251788881796459
0.523121904091348
0.48238689359529513
0.44229111014077477
0.4018738277241315
0.4596032854764454
0.43422398065226747
0.40900542530915096
0.3839476194470959
0.24655181679397087
0.2651004806112483
0.2663410897829457
0.25109815113212713
0.23650111398765253
0.23333487727569066
0.229847141601606
0.22652015540858267
0.22335391869662083
0.2198661830225361
0.2165391968295128
0.21669994631057427
0.2165391968295128
0.21055062168207095
0.2047227960156904
0.22372548700644318
0.24288183922264958
0.23971560251068766
0.23622786683660302
0.20374463446074625
0.200417648267723
0.200417648267723
0.200417648267723
0.200417648267723
0.200417648267723
0.2020811413642346
0.20374463446074625
0.2054081275572579
0.20707162065376955
0.2087351137502812
0.21039860684679282
0.21206209994330447
0.21372559303981611
0.33437882454304657
0.3396188277970583
0.2420952385909474
0.37539101762766636
0.39327356841516653
0.4111561192026667
0.4483351899097019
0.4855142606167372
0.5226933313237724
0.5598724020308076
0.5942686514676527
0.5995086547216644
0.6047486579756761
0.6099886612296879
0.6152286644836995
0.6204686677377111
0.5226434265308769
0.5226434265308769
0.5226434265308769
0.5226434265308769
0.5226434265308769
0.5226434265308769
0.5226434265308769
0.5226434265308769
0.5226434265308769
0.5226434265308769
0.5226434265308769
0.5226434265308769
0.5226434265308769
0.5134742525829048
0.5043050786349326
0.4951359046869602
0.48596673073898816
0.4951359046869602
0.5043050786349326
0.5134742525829048
0.5226434265308769
0.5226434265308769
0.5226434265308769
0.5226434265308769
0.5226434265308769
0.5226434265308769
0.5226434265308769
0.5226434265308769
0.5226434265308769
0.5226434265308769
0.5226434265308769
0.5226434265308769
0.5226434265308769
0.5226434265308769
0.5226434265308769
0.5226434265308769
0.5226434265308769
0.5226434265308769
0.5226434265308769
0.5226434265308769
0.48238689359529513
0.4421303606597133
0.4018738277241315
0.459442535995384
0.43422398065226747
0.40900542530915096
0.38378686996603445
0.3169537777943066
0.34543578932892227
0.2431550863736991
0.2398281001806758
0.23650111398765253
0.2331741277946293
0.229847141601606
0.22652015540858267
0.2231931692155594
0.2198661830225361
0.2165391968295128
0.2165391968295128
0.2165391968295128
0.21055062168207095
0.20456204653462903
0.22372548700644318
0.24288183922264958
0.23955485302962626
0.23622786683660302
0.20374463446074625
0.15011361702921086
0.15011361702921086
0.15011361702921086
0.15011361702921086
0.15011361702921086
0.15011361702921086
0.15011361702921086
0.15011361702921086
0.15011361702921086
0.15011361702921086
0.15011361702921086
0.15011361702921086
0.15011361702921086
0.15011361702921086
0.15011361702921086
0.15011361702921086
0.15011361702921086
0.15011361702921086
0.15011361702921086
0.15011361702921086
0.15011361702921086
0.15011361702921086
0.15011361702921086
0.1792698632120443
0.1792698632120443
0.1792698632120443
0.1792698632120443
0.1792698632120443
0.1792698632120443
0.08144462200521008
0.08144462200521008
0.08144462200521008
0.08144462200521008
0.08144462200521008
0.08144462200521008
0.08144462200521008
0.08144462200521008
0.08144462200521008
0.08144462200521008
0.08144462200521008
0.08144462200521008
0.08144462200521008
0.08144462200521008
0.08144462200521008
0.08144462200521008
0.08144462200521008
0.08144462200521008
0.08144462200521008
0.08144462200521008
0.08144462200521008
0.08144462200521008
0.08144462200521008
0.08144462200521008
0.08144462200521008
0.08144462200521008
0.08144462200521008
0.08144462200521008
0.08144462200521008
0.08144462200521008
0.08144462200521008
0.08144462200521008
0.08144462200521008
0.08144462200521008
0.08144462200521008
0.08144462200521008
0.08144462200521008
0.08144462200521008
0.08144462200521008
0.08144462200521008
0.08144462200521008
0.08144462200521008
0.08144462200521008
0.1792698632120443
0.1792698632120443
0.1792698632120443
0.1792698632120443
0.1792698632120443
0.1792698632120443
0.1792698632120443
0.1792698632120443
0.1792698632120443
0.1792698632120443
0.1792698632120443
0.1792698632120443
0.1792698632120443
0.1792698632120443
0.1792698632120443
0.1792698632120443
0.1792698632120443
0.1792698632120443
0.1792698632120443
0.1792698632120443
0.1792698632120443
0.1792698632120443
0.1792698632120443
0.15011361702921086
0.15011361702921086
0.15011361702921086
0.15011361702921086
0.15011361702921086
0.15011361702921086
0.15011361702921086
0.15011361702921086
0.15011361702921086
0.15011361702921086
0.15011361702921086
0.15011361702921086
0.15011361702921086
0.15011361702921086
0.15011361702921086
0.15011361702921086
0.15011361702921086
0.15011361702921086
0.15011361702921086
0.15011361702921086
0.15011361702921086
0.15011361702921086
0.15011361702921086
0.15011361702921086
0.1792698632120443
0.1792698632120443
0.1792698632120443
0.1792698632120443
0.1792698632120443
0.1792698632120443
0.08144462200521008
0.08144462200521008
0.08144462200521008
0.08144462200521008
0.08144462200521008
0.08144462200521008
0.08144462200521008
0.08144462200521008
0.08144462200521008
0.08144462200521008
0.08144462200521008
0.08144462200521008
0.08144462200521008
0.08144462200521008
0.08144462200521008
0.08144462200521008
0.08144462200521008
0.08144462200521008
0.08144462200521008
0.08144462200521008
0.08144462200521008
0.08144462200521008
0.08144462200521008
0.08144462200521008
0.08144462200521008
0.08144462200521008
0.08144462200521008
0.08144462200521008
0.08144462200521008
0.08144462200521008
0.08144462200521008
0.08144462200521008
0.08144462200521008
0.08144462200521008
0.08144462200521008
0.08144462200521008
0.08144462200521008
0.08144462200521008
0.08144462200521008
0.08144462200521008
0.08144462200521008
0.08144462200521008
0.08144462200521008
0.1792698632120443
0.1792698632120443
0.1792698632120443
0.1792698632120443
0.1792698632120443
0.1792698632120443
0.1792698632120443
0.1792698632120443
0.1792698632120443
0.1792698632120443
0.1792698632120443
0.1792698632120443
0.1792698632120443
0.1792698632120443
0.1792698632120443
0.1792698632120443
0.1792698632120443
0.1792698632120443
0.1792698632120443
0.1792698632120443
0.1792698632120443
0.1792698632120443
0.1792698632120443
0.15011361702921086
0.20244599899530472
0.20229010300848838
0.2011426921089369
0.20244599899530472
0.20229010300848838
0.20280618520544855
0.205772985188328
0.20728058229802332
0.20779666449498352
0.21076346447786298
0.21227106158755824
0.2127871437845184
0.21575394376739782
0.33625127928381204
0.34034387163827223
0.24412358931852915
0.3772634723684318
0.3939986122563805
0.41318446993024843
0.4502076446504674
0.4862393044579511
0.5247216820513542
0.561744856771573
0.5949936953088667
0.6015370054492462
0.6066211127164415
0.6107137050709017
0.6172570152112813
0.6223411224784766
0.5233684703720908
0.5246717772584586
0.5245158812716424
0.5233684703720908
0.5246717772584586
0.5245158812716424
0.5247960537198351
0.5238145828337135
0.5258247178516051
0.524618373262065
0.5252259796967077
0.5257389548843621
0.5265283130541519
0.5186850100570741
0.5099856206517459
0.5019531069118573
0.4936572915717603
0.5053112702793742
0.5175244371596799
0.5306720928957915
0.5429590552830004
0.5453365561297475
0.5470340966401213
0.5483634661264585
0.549504494797763
0.5508563812935227
0.5537235286350476
0.555210081902094
0.5580087066575701
0.5587332356114504
0.5603261554938849
0.5605644568106064
0.5599728377421511
0.5585702607693154
0.5567580107365774
0.5548836352454637
0.5523617974770835
0.5485302726749319
0.5439014112511276
0.5373255329286294
0.48583807598956824
0.4426396744627267
0.4018738277241315
0.45995184979839737
0.43422398065226747
0.40900542530915096
0.38429618376904784
0.2431550863736991
0.2533452776345145
0.25385459143752787
0.2398281001806758
0.23650111398765253
0.2336834415976427
0.229847141601606
0.22652015540858267
0.22370248301857276
0.2198661830225361
0.2165391968295128
0.2170485106325262
0.2165391968295128
0.21055062168207095
0.2050713603376424
0.22372548700644318
0.24288183922264958
0.24006416683263967
0.23622786683660302
0.20374463446074625
0.20276975135465666
0.2034006023398521
0.20128493958837868
0.20276975135465666
0.2034006023398521
0.20294843268489027
0.20609673754767993
0.20839108162938705
0.2079389119744253
0.21108721683721487
0.21338156091892196
0.21292939126396013
0.2160776961267498
0.3373617786151757
0.3404861191177139
0.24444734167788107
0.37837397169979553
0.3941408597358222
0.4135082222896003
0.45131814398183107
0.48638155193739285
0.5250454344107061
0.5628553561029368
0.5951359427883084
0.601860757808598
0.6077316120478052
0.6108559525503435
0.6175807675706332
0.6234516218098403
0.5235107178515326
0.5249955296178106
0.525626380603006
0.5235107178515326
0.5249955296178106
0.525626380603006
0.5258204906579323
0.5278002123758969
0.5289614385203327
0.5318483176754345
0.5350098908210735
0.5410846308963422
0.543662629211316
0.5358052718586803
0.5261299631512977
0.518551747477355
0.5108215997982438
0.5230551832295959
0.5365322706613673
0.5484483504924145
0.5610072934074797
0.564428352587098
0.5661198550237188
0.5681638045766026
0.5698289825475983
0.5715577192288713
0.5728823876869588
0.5748459081503661
0.5766342815693115
0.5778142860754624
0.57893747170018
0.5787655550245112
0.578123378347726
0.5742781610018384
0.5697688489277477
0.5640432608080895
0.5577859142601411
0.5529161322348152
0.5474107036703689
0.539882398609242
0.4900218812263724
0.445267337785504
0.4022294768144997
0.4625795131211746
0.4345796297426357
0.40900542530915096
0.3869238470918251
0.24351073546406737
0.2431550863736991
0.2462920634994898
0.2401837492710441
0.23650111398765253
0.23631110492041993
0.23020279069197427
0.22652015540858267
0.22633014634135004
0.22022183211290436
0.2165391968295128
0.21967617395530348
0.21689484591988106
0.21055062168207095
0.20769902366041967
0.22408113609681143
0.24288183922264958
0.24269183015541695
0.23658351592697127
0.20374463446074625
0.20264728957635647
0.20299192987830922
0.20116030109770958
0.20264728957635647
0.20299192987830922
0.20282379419422114
0.20597427576937977
0.20798240916784413
0.20781427348375614
0.21096475505891474
0.21297288845737902
0.21280475277329103
0.21595523434844963
0.33695310615363283
0.3403614806270448
0.24432487989958093
0.37796529923825256
0.39401622124515306
0.4133857605113002
0.45090947152028815
0.48625691344672367
0.5249229726324058
0.5624466836413938
0.5950113042976393
0.6017382960302979
0.6073229395862624
0.6107313140596744
0.617458305792333
0.6230429493482974
0.5233860793608635
0.5248730678395104
0.5252177081414631
0.5233860793608635
0.5248730678395104
0.5252177081414631
0.5253657179154787
0.5252257589407074
0.5255132525499681
0.5260915870140456
0.530480732986242
0.5336043381274872
0.5353008219703262
0.5291308504080309
0.5199153322526063
0.5145662634762843
0.5077583818435899
0.521787936180009
0.5374656322811693
0.5511512163362048
0.5672275702093137
0.5735079719485617
0.5784614065266814
0.5834232898923599
0.5882268131256589
0.5922386763105868
0.5944426062653336
0.5951214963062875
0.5951276602122201
0.5946268660198858
0.5936012739104427
0.591069185908224
0.589141675514544
0.585805100847204
0.5821258616624622
0.57648180519947
0.5698935268193973
0.5647195860247968
0.5601517604656041
0.5521054819205539
0.49546424995832083
0.44787179678450595
0.4029005170745187
0.4651839721201766
0.43525067000265466
0.40900542530915096
0.3895283060908271
0.24418177572408636
0.2431550863736991
0.24889652249849173
0.24085478953106307
0.23650111398765253
0.23891556391942192
0.2308738309519932
0.22652015540858267
0.22893460534035204
0.22089287237292332
0.2165391968295128
0.22228063295430547
0.21756588617990005
0.21055062168207095
0.21030348265942167
0.22475217635683037
0.24288183922264958
0.2452962891544189
0.2372545561869902
0.20374463446074625
0.200417648267723
0.200417648267723
0.200417648267723
0.200417648267723
0.200417648267723
0.2020811413642346
0.20374463446074625
0.2054081275572579
0.20707162065376955
0.2087351137502812
0.21039860684679282
0.21206209994330447
0.21372559303981611
0.2937753901547395
0.3121310991073598
0.255210944289556
0.37539101762766636
0.3932735684151665
0.4111561192026667
0.4483351899097019
0.4855142606167372
0.5226933313237724
0.5598724020308076
0.5942686514676527
0.5995086547216644
0.6047486579756761
0.6099886612296879
0.6152286644836995
0.6204686677377111
0.6204686677377111
0.5226434265308769
0.5226434265308769
0.5226434265308769
0.5226434265308769
0.5226434265308769
0.5226434265308769
0.5226434265308769
0.5226434265308769
0.5226434265308769
0.5226434265308769
0.5247080737086792
0.5236893452205095
0.5172142067893535
0.5043050786349326
0.4951359046869602
0.4864645787648343
0.4951359046869602
0.5072384201424085
0.5230653015729788
0.5365183521284592
0.5384623451223478
0.5412921144139362
0.5449136648564457
0.5477781859112246
0.5515380758243156
0.5551050313345262
0.5581095888443659
0.5606220932977862
0.5629221018852899
0.5633598745663156
0.5635935122177123
0.5633050760784206
0.5637210603293566
0.5643902551379635
0.5636437473153222
0.5639339263479031
0.5610585486273201
0.5577627077769676
0.5519438534612483
0.49322544115584466
0.44398474264292287
0.4018738277241315
0.4612969179785935
0.43422398065226747
0.40900542530915096
0.385641251949244
0.2431550863736991
0.2431550863736991
0.24500946835690862
0.2398281001806758
0.23650111398765253
0.23502850977783876
0.229847141601606
0.22652015540858267
0.22504755119876887
0.2198661830225361
0.2165391968295128
0.2183935788127223
0.2165391968295128
0.21055062168207095
0.20641642851783848
0.22372548700644318
0.24288183922264958
0.24140923501283576
0.23622786683660302
0.20374463446074625
0.200417648267723
0.200417648267723
0.200417648267723
0.200417648267723
0.200417648267723
0.2020811413642346
0.20374463446074625
0.2054081275572579
0.20707162065376955
0.2087351137502812
0.21039860684679282
0.21206209994330447
0.21372559303981611
0.24091099053137693
0.24615099378538866
0.2420952385909474
0.37539101762766636
0.39327356841516653
0.4111561192026667
0.4483351899097019
0.4855142606167372
0.5226933313237724
0.5598724020308076
0.5942686514676527
0.5995086547216644
0.6047486579756761
0.6099886612296879
0.6152286644836995
0.6204686677377111
0.6204686677377111
0.5226434265308769
0.5226434265308769
0.5226434265308769
0.5226434265308769
0.5226434265308769
0.5226434265308769
0.5226434265308769
0.5226434265308769
0.5226434265308769
0.5226434265308769
0.5226434265308769
0.5226434265308769
0.5134742525829048
0.5043050786349326
0.4951359046869602
0.48596673073898816
0.4951359046869602
0.5043050786349326
0.5142746942981054
0.5233787900193106
0.5232629461493804
0.5226434265308769
0.5226434265308769
0.5226434265308769
0.5226434265308769
0.5226434265308769
0.5226434265308769
0.5226434265308769
0.5226434265308769
0.5226434265308769
0.5226434265308769
0.5226434265308769
0.5226434265308769
0.5226434265308769
0.5226434265308769
0.5226434265308769
0.5226434265308769
0.5226434265308769
0.5226434265308769
0.48238689359529513
0.4421303606597133
0.4018738277241315
0.459442535995384
0.43422398065226747
0.40900542530915096
0.38378686996603445
0.2431550863736991
0.2431550863736991
0.2431550863736991
0.2398281001806758
0.23650111398765253
0.2331741277946293
0.229847141601606
0.22652015540858267
0.2231931692155594
0.2198661830225361
0.2165391968295128
0.2165391968295128
0.2165391968295128
0.21055062168207095
0.20456204653462903
0.22372548700644318
0.24288183922264958
0.23955485302962626
0.23622786683660302
0.20374463446074625
0.15011361702921086
0.15011361702921086
0.15011361702921086
0.15011361702921086
0.15011361702921086
0.15011361702921086
0.15011361702921086
0.15011361702921086
0.15011361702921086
0.15011361702921086
0.15011361702921086
0.15011361702921086
0.15011361702921086
0.15011361702921086
0.15011361702921086
0.15011361702921086
0.15011361702921086
0.15011361702921086
0.15011361702921086
0.15011361702921086
0.15011361702921086
0.15011361702921086
0.15011361702921086
0.1792698632120443
0.1792698632120443
0.1792698632120443
0.1792698632120443
0.1792698632120443
0.1792698632120443
0.1792698632120443
0.08144462200521008
0.08144462200521008
0.08144462200521008
0.08144462200521008
0.08144462200521008
0.08144462200521008
0.08144462200521008
0.08144462200521008
0.08144462200521008
0.08144462200521008
0.08144462200521008
0.08144462200521008
0.08144462200521008
0.08144462200521008
0.08144462200521008
0.08144462200521008
0.08144462200521008
0.08144462200521008
0.08144462200521008
0.08144462200521008
0.08144462200521008
0.08144462200521008
0.08144462200521008
0.08144462200521008
0.08144462200521008
0.08144462200521008
0.08144462200521008
0.08144462200521008
0.08144462200521008
0.08144462200521008
0.08144462200521008
0.08144462200521008
0.08144462200521008
0.08144462200521008
0.08144462200521008
0.08144462200521008
0.08144462200521008
0.08144462200521008
0.08144462200521008
0.08144462200521008
0.08144462200521008
0.08144462200521008
0.1792698632120443
0.1792698632120443
0.1792698632120443
0.1792698632120443
0.1792698632120443
0.1792698632120443
0.1792698632120443
0.1792698632120443
0.1792698632120443
0.1792698632120443
0.1792698632120443
0.1792698632120443
0.1792698632120443
0.1792698632120443
0.1792698632120443
0.1792698632120443
0.1792698632120443
0.1792698632120443
0.1792698632120443
0.1792698632120443
0.1792698632120443
0.1792698632120443
0.1792698632120443
0.15011361702921086
0.15011361702921086
0.15011361702921086
0.15011361702921086
0.15011361702921086
0.15011361702921086
0.15011361702921086
0.15011361702921086
0.15011361702921086
0.15011361702921086
0.15011361702921086
0.15011361702921086
0.15011361702921086
0.15011361702921086
0.15011361702921086
0.15011361702921086
0.15011361702921086
0.15011361702921086
0.15011361702921086
0.15011361702921086
0.15011361702921086
0.15011361702921086
0.15011361702921086
0.15011361702921086
0.1792698632120443
0.1792698632120443
0.1792698632120443
0.1792698632120443
0.1792698632120443
0.1792698632120443
0.1792698632120443
0.08144462200521008
0.08144462200521008
0.08144462200521008
0.08144462200521008
0.08144462200521008
0.08144462200521008
0.08144462200521008
0.08144462200521008
0.08144462200521008
0.08144462200521008
0.08144462200521008
0.08144462200521008
0.08144462200521008
0.08144462200521008
0.08144462200521008
0.08144462200521008
0.08144462200521008
0.08144462200521008
0.08144462200521008
0.08144462200521008
0.08144462200521008
0.08144462200521008
0.08144462200521008
0.08144462200521008
0.08144462200521008
0.08144462200521008
0.08144462200521008
0.08144462200521008
0.08144462200521008
0.08144462200521008
0.08144462200521008
0.08144462200521008
0.08144462200521008
0.08144462200521008
0.08144462200521008
0.08144462200521008
0.08144462200521008
0.08144462200521008
0.08144462200521008
0.08144462200521008
0.08144462200521008
0.08144462200521008
0.1792698632120443
0.1792698632120443
0.1792698632120443
0.1792698632120443
0.1792698632120443
0.1792698632120443
0.1792698632120443
0.1792698632120443
0.1792698632120443
0.1792698632120443
0.1792698632120443
0.1792698632120443
0.1792698632120443
0.1792698632120443
0.1792698632120443
0.1792698632120443
0.1792698632120443
0.1792698632120443
0.1792698632120443
0.1792698632120443
0.1792698632120443
0.1792698632120443
0.1792698632120443
0.15011361702921086
0.21372559303981611
0.21039860684679282
0.20707162065376955
0.20374463446074625
0.200417648267723
0.200417648267723
0.200417648267723
0.200417648267723
0.200417648267723
0.2020811413642346
0.20374463446074625
0.2054081275572579
0.20707162065376955
0.2087351137502812
0.21039860684679282
0.21206209994330447
0.21372559303981611
0.33437882454304657
0.3396188277970583
0.2420952385909474
0.37539101762766636
0.39327356841516653
0.4111561192026667
0.4483351899097019
0.4855142606167372
0.5226933313237724
0.5598724020308076
0.5942686514676527
0.5995086547216644
0.6047486579756761
0.5121634200228536
0.5174034232768653
0.5226434265308769
0.5226434265308769
0.5226434265308769
0.5226434265308769
0.5226434265308769
0.5226434265308769
0.5226434265308769
0.5226434265308769
0.5226434265308769
0.5226434265308769
0.5226434265308769
0.5226434265308769
0.5226434265308769
0.5226434265308769
0.5143289873108472
0.5043050786349326
0.4951359046869602
0.48596673073898816
0.4951359046869602
0.5043050786349326
0.5134742525829048
0.5226434265308769
0.5253124323279487
0.5226434265308769
0.5226434265308769
0.5226434265308769
0.5226434265308769
0.5226434265308769
0.5226434265308769
0.5226434265308769
0.5226434265308769
0.5226434265308769
0.5226434265308769
0.5226434265308769
0.5226434265308769
0.5226434265308769
0.5226434265308769
0.5226434265308769
0.5226434265308769
0.5226434265308769
0.6204686677377111
0.5802121348021294
0.5399556018665476
0.4996990689309657
0.459442535995384
0.43422398065226747
0.40900542530915096
0.38378686996603445
0.2543781986079499
0.3012101797265114
0.28940363717316997
0.26969850638738385
0.23650111398765253
0.2331741277946293
0.229847141601606
0.22652015540858267
0.2231931692155594
0.2198661830225361
0.2165391968295128
0.2165391968295128
0.2165391968295128
0.21055062168207095
0.20456204653462903
0.22372548700644318
0.24468349770366288
0.24100647859579788
0.2375882520372408
0.20554629294175955
0.20186927383389458
0.20177803346836076
0.20221930674873625
0.20186927383389458
0.20177803346836076
0.2038827998452479
0.20519626002691788
0.20676851275789568
0.20887327913478282
0.21018673931645282
0.21175899204743057
0.21386375842431776
0.21517721860598768
0.3357392097436843
0.3414204862780716
0.24354686415711901
0.37675140282830405
0.39507522689617985
0.41260774476883827
0.4496955751103397
0.48731591909775046
0.524144956889944
0.5612327872314453
0.596070309948666
0.600960280287836
0.6061090431763139
0.5139650785038669
0.5188550488430369
0.5240038117315147
0.5244450850118901
0.5240950520970484
0.5238078451371351
0.5233239468770311
0.5237870336246163
0.5232661810308602
0.5226434265308769
0.5232815379332372
0.5226434265308769
0.5226434265308769
0.5226434265308769
0.5226434265308769
0.5226434265308769
0.5134742525829048
0.5043050786349326
0.4951359046869602
0.48596673073898816
0.4951359046869602
0.5043050786349326
0.5134742525829048
0.5226434265308769
0.5226434265308769
0.5226434265308769
0.5226434265308769
0.5232732373516267
0.5257565228742873
0.5226434265308769
0.5226434265308769
0.5226434265308769
0.5226434265308769
0.5226434265308769
0.5226434265308769
0.5226434265308769
0.5226434265308769
0.5226434265308769
0.5226434265308769
0.5226434265308769
0.5226434265308769
0.5226434265308769
0.6204686677377111
0.5802121348021294
0.5399556018665476
0.4996990689309657
0.459442535995384
0.43422398065226747
0.40900542530915096
0.38378686996603445
0.2431550863736991
0.27752030469315414
0.28994012877506004
0.2398281001806758
0.23650111398765253
0.2331741277946293
0.229847141601606
0.22652015540858267
0.2231931692155594
0.2198661830225361
0.2165391968295128
0.2165391968295128
0.2165391968295128
0.21055062168207095
0.20456204653462903
0.22372548700644318
0.24671607104067805
0.2434306748631833
0.23794286412866356
0.20757886627877478
0.20429347010127996
0.20213264555978352
0.20425188008575149
0.20429347010127996
0.20213264555978352
0.20591537318226313
0.20762045629430323
0.20712312484931844
0.21090585247179805
0.2126109355838382
0.21211360413885336
0.215896331761333
0.2176014148733731
0.3360938218351071
0.3434530596150868
0.24597106042450442
0.3771060149197269
0.3971078002331951
0.4150319410362237
0.45005018720176243
0.48934849243476564
0.5265691531573294
0.561587399322868
0.5981028832856813
0.6033844765552214
0.6064636552677366
0.5159976518408821
0.5212792451104223
0.5243584238229374
0.5264776583489054
0.5265192483644339
0.5267989440429971
0.5283878137049874
0.5293287991849146
0.5287979608622158
0.5368302279547785
0.539491878256089
0.5451551286082632
0.5481449902966677
0.5510125699748358
0.5550963853196506
0.5600871142261625
0.5532259111503273
0.5477657145682857
0.5394869444940324
0.5318348979512904
0.546755104183793
0.564195378089188
0.5804995639065861
0.5966716761777511
0.600047169297234
0.6027476895384732
0.6042820461435771
0.6051114171626468
0.6048224746504486
0.6037234951125182
0.5998092289156621
0.5954770795745796
0.5874492176585214
0.5782983115924445
0.5705471794727867
0.562931661785301
0.5579355066260075
0.5527510658547667
0.5458834331627243
0.5372818756382369
0.5322877651190836
0.5294352152312994
0.6301130063259178
0.5870039235025519
0.5457832683645489
0.5093434075191725
0.46623432469580645
0.4400516471502689
0.41864976389735764
0.39057865866645697
0.24898275287170052
0.2527994249619058
0.24994687507412158
0.24565576667867722
0.24614545257585926
0.23996591649505178
0.23567480809960742
0.2361644939967894
0.2299849579159819
0.22569384952053753
0.22618353541771957
0.22333098552993533
0.22236686332751424
0.22019496027027766
0.2113538352350515
0.2295531535044446
0.2438651845258158
0.24200476215303246
0.2380699105156277
0.20472797976391247
0.20286755739112913
0.20225969194674764
0.2014009935708892
0.20286755739112913
0.20225969194674764
0.20306448666740082
0.20619454358415243
0.20725017123628256
0.20805496595693576
0.21118502287368743
0.2122406505258175
0.21304544524647068
0.21617550216322226
0.30873313953237286
0.31311444441052605
0.2445451477143536
0.37723306130669104
0.39425691371833277
0.4136060283260729
0.4501772335887266
0.4864976059199034
0.5251432404471786
0.5617144457098323
0.595251996770819
0.6019585638450706
0.6065907016547007
0.5131467653260198
0.5198533324002714
0.5244854702099015
0.523626771834043
0.5250933356542832
0.5242197851605114
0.5270131401513128
0.5265547780944224
0.5271335616134035
0.5287359697176511
0.5298790228631902
0.5314266093805641
0.5342095121564754
0.5366205711310718
0.539291786483233
0.5435194188081438
0.5358061045246522
0.5274244123044786
0.5190238804252442
0.5099656030578675
0.5195692869122992
0.5303272085358864
0.5399133272433722
0.5503332034259317
0.5483474203905707
0.5461113442870402
0.5434399411075657
0.5411620971170045
0.5395789190088773
0.5370809365942083
0.5347072114608772
0.532340269284705
0.5298771855281439
0.528143950606452
0.52703957838559
0.5255247995987826
0.524303864132751
0.5235717954482928
0.5226434265308769
0.5226434265308769
0.5226434265308769
0.6204686677377111
0.6204686677377111
0.5802121348021294
0.5399556018665476
0.4996990689309657
0.459442535995384
0.43422398065226747
0.40900542530915096
0.38378686996603445
0.2431550863736991
0.2651004806112483
0.2651004806112483
0.2398281001806758
0.23650111398765253
0.2331741277946293
0.229847141601606
0.22652015540858267
0.2231931692155594
0.2198661830225361
0.2165391968295128
0.2165391968295128
0.2165391968295128
0.21055062168207095
0.20456204653462903
0.22372548700644318
0.24288183922264958
0.23955485302962626
0.23622786683660302
0.20374463446074625
0.200417648267723
0.200417648267723
0.200417648267723
0.200417648267723
0.200417648267723
0.2020811413642346
0.20374463446074625
0.2054081275572579
0.20707162065376955
0.2087351137502812
0.21039860684679282
0.21206209994330447
0.21372559303981611
0.33437882454304657
0.3396188277970583
0.2420952385909474
0.37539101762766636
0.39327356841516653
0.4111561192026667
0.4483351899097019
0.4855142606167372
0.5226933313237724
0.5598724020308076
0.5942686514676527
0.5995086547216644
0.6047486579756761
0.5121634200228536
0.5174034232768653
0.5226434265308769
0.5226434265308769
0.5226434265308769
0.5226434265308769
0.5226434265308769
0.5226434265308769
0.5226434265308769
0.5226434265308769
0.5226434265308769
0.5226434265308769
0.5226434265308769
0.5226434265308769
0.5226434265308769
0.5226434265308769
0.5134742525829048
0.5043050786349326
0.4951359046869602
0.48596673073898816
0.4951359046869602
0.5043050786349326
0.5134742525829048
0.5226434265308769
0.5226434265308769
0.5226434265308769
0.5226434265308769
0.5226434265308769
0.5226434265308769
0.5226434265308769
0.5226434265308769
0.5226434265308769
0.5226434265308769
0.5226434265308769
0.5226434265308769
0.5226434265308769
0.5226434265308769
0.5226434265308769
0.5226434265308769
0.5226434265308769
0.5226434265308769
0.6204686677377111
0.6204686677377111
0.5802121348021294
0.5399556018665476
0.4996990689309657
0.459442535995384
0.43422398065226747
0.40900542530915096
0.38378686996603445
0.29978178641069797
0.34543578932892227
0.2431550863736991
0.2398281001806758
0.23650111398765253
0.2331741277946293
0.229847141601606
0.22652015540858267
0.2231931692155594
0.2198661830225361
0.2165391968295128
0.2165391968295128
0.2165391968295128
0.21055062168207095
0.20456204653462903
0.22372548700644318
0.1792698632120443
0.1792698632120443
0.1792698632120443
0.15011361702921086
0.15011361702921086
0.15011361702921086
0.15011361702921086
0.15011361702921086
0.15011361702921086
0.15011361702921086
0.15011361702921086
0.15011361702921086
0.15011361702921086
0.15011361702921086
0.15011361702921086
0.15011361702921086
0.15011361702921086
0.15011361702921086
0.15011361702921086
0.15011361702921086
0.15011361702921086
0.15011361702921086
0.15011361702921086
0.15011361702921086
0.15011361702921086
0.15011361702921086
0.15011361702921086
0.1792698632120443
0.1792698632120443
0.1792698632120443
0.08144462200521008
0.08144462200521008
0.08144462200521008
0.08144462200521008
0.08144462200521008
0.08144462200521008
0.08144462200521008
0.08144462200521008
0.08144462200521008
0.08144462200521008
0.08144462200521008
0.08144462200521008
0.08144462200521008
0.08144462200521008
0.08144462200521008
0.08144462200521008
0.08144462200521008
0.08144462200521008
0.08144462200521008
0.08144462200521008
0.08144462200521008
0.08144462200521008
0.08144462200521008
0.08144462200521008
0.08144462200521008
0.08144462200521008
0.08144462200521008
0.08144462200521008
0.08144462200521008
0.08144462200521008
0.08144462200521008
0.08144462200521008
0.08144462200521008
0.08144462200521008
0.08144462200521008
0.08144462200521008
0.08144462200521008
0.08144462200521008
0.08144462200521008
0.08144462200521008
0.08144462200521008
0.1792698632120443
0.1792698632120443
0.1792698632120443
0.1792698632120443
0.1792698632120443
0.1792698632120443
0.1792698632120443
0.1792698632120443
0.1792698632120443
0.1792698632120443
0.1792698632120443
0.1792698632120443
0.1792698632120443
0.1792698632120443
0.1792698632120443
0.1792698632120443
0.1792698632120443
0.1792698632120443
0.1792698632120443
0.1792698632120443
0.1792698632120443
0.1792698632120443
0.1792698632120443
0.1792698632120443
0.1792698632120443
0.1792698632120443
0.1792698632120443
0.1792698632120443
0.15011361702921086
0.15011361702921086
0.15011361702921086
0.15011361702921086
0.15011361702921086
0.15011361702921086
0.15011361702921086
0.15011361702921086
0.15011361702921086
0.15011361702921086
0.15011361702921086
0.15011361702921086
0.15011361702921086
0.15011361702921086
0.15011361702921086
0.15011361702921086
0.15011361702921086
0.15011361702921086
0.15011361702921086
0.15011361702921086
0.15011361702921086
0.15011361702921086
0.15011361702921086
0.15011361702921086
0.1792698632120443
0.1792698632120443
0.1792698632120443
0.08144462200521008
0.08144462200521008
0.08144462200521008
0.08144462200521008
0.08144462200521008
0.08144462200521008
0.08144462200521008
0.08144462200521008
0.08144462200521008
0.08144462200521008
0.08144462200521008
0.08144462200521008
0.08144462200521008
0.08144462200521008
0.08144462200521008
0.08144462200521008
0.08144462200521008
0.08144462200521008
0.08144462200521008
0.08144462200521008
0.08144462200521008
0.08144462200521008
0.08144462200521008
0.08144462200521008
0.08144462200521008
0.08144462200521008
0.08144462200521008
0.08144462200521008
0.08144462200521008
0.08144462200521008
0.08144462200521008
0.08144462200521008
0.08144462200521008
0.08144462200521008
0.08144462200521008
0.08144462200521008
0.08144462200521008
0.08144462200521008
0.08144462200521008
0.08144462200521008
0.08144462200521008
0.1792698632120443
0.1792698632120443
0.1792698632120443
0.1792698632120443
0.1792698632120443
0.1792698632120443
0.1792698632120443
0.1792698632120443
0.1792698632120443
0.1792698632120443
0.1792698632120443
0.1792698632120443
0.1792698632120443
0.1792698632120443
0.1792698632120443
0.1792698632120443
0.1792698632120443
0.1792698632120443
0.1792698632120443
0.1792698632120443
0.1792698632120443
0.1792698632120443
0.1792698632120443
0.1792698632120443
0.1792698632120443
0.24288183922264958
0.23955485302962626
0.23622786683660302
0.20374463446074625
0.200417648267723
0.200417648267723
0.200417648267723
0.200417648267723
0.200417648267723
0.2020811413642346
0.20374463446074625
0.2054081275572579
0.20707162065376955
0.2087351137502812
0.21039860684679282
0.21206209994330447
0.21372559303981611
0.33437882454304657
0.3396188277970583
0.2420952385909474
0.37539101762766636
0.39327356841516653
0.4111561192026667
0.4483351899097019
0.4855142606167372
0.5226933313237724
0.5598724020308076
0.5942686514676527
0.5995086547216644
0.6047486579756761
0.5121634200228536
0.5174034232768653
0.5226434265308769
0.5226434265308769
0.5226434265308769
0.5226434265308769
0.5226434265308769
0.5226434265308769
0.5226434265308769
0.5226434265308769
0.5226434265308769
0.5226434265308769
0.5226434265308769
0.5226434265308769
0.5226434265308769
0.5226434265308769
0.5134742525829048
0.5043050786349326
0.4951359046869602
0.48596673073898816
0.4951359046869602
0.5043050786349326
0.5134742525829048
0.5226434265308769
0.5226434265308769
0.5226434265308769
0.5226434265308769
0.5226434265308769
0.5226434265308769
0.5226434265308769
0.5226434265308769
0.5226434265308769
0.5226434265308769
0.5226434265308769
0.5226434265308769
0.5226434265308769
0.5226434265308769
0.5226434265308769
0.5226434265308769
0.5226434265308769
0.5226434265308769
0.6204686677377111
0.6204686677377111
0.5802121348021294
0.5399556018665476
0.4996990689309657
0.459442535995384
0.43422398065226747
0.40900542530915096
0.38378686996603445
0.3289968752137855
0.3585683146229179
0.2431550863736991
0.2398281001806758
0.23650111398765253
0.2331741277946293
0.229847141601606
0.22652015540858267
0.2231931692155594
0.2198661830225361
0.2165391968295128
0.2165391968295128
0.2165391968295128
0.21055062168207095
0.20456204653462903
0.22372548700644318
0.24288183922264958
0.23955485302962626
0.23622786683660302
0.20374463446074625
0.200417648267723
0.200417648267723
0.200417648267723
0.200417648267723
0.200417648267723
0.2020811413642346
0.20374463446074625
0.2054081275572579
0.20707162065376955
0.2087351137502812
0.21039860684679282
0.21206209994330447
0.21372559303981611
0.33437882454304657
0.33961882779705826
0.2420952385909474
0.37539101762766636
0.39327356841516653
0.4111561192026667
0.4483351899097019
0.4855142606167372
0.5226933313237724
0.5598724020308076
0.5942686514676527
0.5995086547216644
0.6047486579756761
0.5121634200228536
0.5174034232768653
0.5226434265308769
0.5226434265308769
0.5226434265308769
0.5226434265308769
0.5226434265308769
0.5226434265308769
0.5226434265308769
0.5226434265308769
0.5226434265308769
0.5226434265308769
0.5226434265308769
0.5226434265308769
0.5226434265308769
0.5226434265308769
0.5134742525829048
0.5043050786349326
0.4951359046869602
0.48596673073898816
0.4951359046869602
0.5043050786349326
0.5134742525829048
0.5226434265308769
0.5226434265308769
0.5226434265308769
0.5226434265308769
0.5226434265308769
0.5226434265308769
0.5226434265308769
0.5226434265308769
0.5226434265308769
0.5226434265308769
0.5226434265308769
0.5226434265308769
0.5226434265308769
0.5226434265308769
0.5226434265308769
0.5226434265308769
0.5226434265308769
0.5226434265308769
0.6204686677377111
0.6204686677377111
0.5802121348021294
0.5399556018665476
0.4996990689309657
0.459442535995384
0.43422398065226747
0.40900542530915096
0.38378686996603445
0.304523508146833
0.34543578932892227
0.2431550863736991
0.2398281001806758
0.23650111398765253
0.2331741277946293
0.229847141601606
0.22652015540858267
0.2231931692155594
0.2198661830225361
0.2165391968295128
0.2165391968295128
0.2165391968295128
0.21055062168207095
0.20456204653462903
0.22372548700644318
0.24288183922264958
0.23955485302962626
0.23622786683660302
0.20374463446074625
0.200417648267723
0.200417648267723
0.200417648267723
0.200417648267723
0.200417648267723
0.2020811413642346
0.20374463446074625
0.2054081275572579
0.20707162065376955
0.2087351137502812
0.21039860684679282
0.21206209994330447
0.21372559303981611
0.33437882454304657
0.3396188277970583
0.2420952385909474
0.37539101762766636
0.39327356841516653
0.4111561192026667
0.4483351899097019
0.4855142606167372
0.5226933313237724
0.5598724020308076
0.5942686514676527
0.5995086547216644
0.6047486579756761
0.5121634200228536
0.5174034232768653
0.5226434265308769
0.5226434265308769
0.5226434265308769
0.5226434265308769
0.5226434265308769
0.5226434265308769
0.5226434265308769
0.5226434265308769
0.5226434265308769
0.5226434265308769
0.5226434265308769
0.5226434265308769
0.5226434265308769
0.5226434265308769
0.5134742525829048
0.5043050786349326
0.4951359046869602
0.48596673073898816
0.4951359046869602
0.5043050786349326
0.5134742525829048
0.5226434265308769
0.5226434265308769
0.5226434265308769
0.5226434265308769
0.5226434265308769
0.5226434265308769
0.5226434265308769
0.5226434265308769
0.5226434265308769
0.5226434265308769
0.5226434265308769
0.5226434265308769
0.5226434265308769
0.5226434265308769
0.5226434265308769
0.5226434265308769
0.5226434265308769
0.5226434265308769
0.6204686677377111
0.6204686677377111
0.5802121348021294
0.5399556018665476
0.4996990689309657
0.459442535995384
0.43422398065226747
0.40900542530915096
0.38378686996603445
0.3191397287440747
0.3585683146229179
0.25628761166769465
0.2398281001806758
0.23650111398765253
0.2331741277946293
0.229847141601606
0.22652015540858267
0.2231931692155594
0.2198661830225361
0.2165391968295128
0.2165391968295128
0.2165391968295128
0.21055062168207095
0.20456204653462903
0.22372548700644318
0.24288183922264958
0.23955485302962626
0.23622786683660302
0.20374463446074625
0.200417648267723
0.200417648267723
0.200417648267723
0.200417648267723
0.200417648267723
0.2020811413642346
0.20374463446074625
0.2054081275572579
0.20707162065376955
0.2087351137502812
0.21039860684679282
0.25884714234466544
0.2605106354411771
0.28759378214168557
0.3396188277970583
0.28888028099230834
0.37539101762766636
0.39327356841516653
0.4111561192026667
0.4483351899097019
0.4855142606167372
0.5226933313237724
0.5598724020308076
0.5942686514676527
0.5995086547216644
0.6047486579756761
0.6099886612296879
0.5174034232768653
0.5226434265308769
0.5226434265308769
0.5226434265308769
0.5226434265308769
0.5226434265308769
0.5226434265308769
0.5226434265308769
0.5226434265308769
0.5226434265308769
0.5226434265308769
0.5226434265308769
0.5226434265308769
0.5226434265308769
0.5226434265308769
0.5134742525829048
0.5043050786349326
0.4951359046869602
0.48596673073898816
0.4951359046869602
0.5043050786349326
0.5134742525829048
0.5226434265308769
0.5226434265308769
0.5226434265308769
0.5226434265308769
0.5226434265308769
0.5226434265308769
0.5226434265308769
0.5226434265308769
0.5226434265308769
0.5226434265308769
0.5226434265308769
0.5226434265308769
0.5226434265308769
0.5226434265308769
0.5226434265308769
0.5226434265308769
0.5226434265308769
0.5226434265308769
0.6204686677377111
0.6204686677377111
0.5802121348021294
0.5399556018665476
0.4996990689309657
0.459442535995384
0.43422398065226747
0.40900542530915096
0.38378686996603445
0.3285245339536225
0.3585683146229179
0.2431550863736991
0.2398281001806758
0.23650111398765253
0.2331741277946293
0.229847141601606
0.22652015540858267
0.2231931692155594
0.2198661830225361
0.2165391968295128
0.2165391968295128
0.2165391968295128
0.21055062168207095
0.20456204653462903
0.22372548700644318
0.24288183922264958
0.23955485302962626
0.23622786683660302
0.20374463446074625
0.200417648267723
0.200417648267723
0.200417648267723
0.200417648267723
0.200417648267723
0.2020811413642346
0.20374463446074625
0.2054081275572579
0.20707162065376955
0.2087351137502812
0.21039860684679282
0.21206209994330447
0.21372559303981611
0.33437882454304657
0.33961882779705826
0.2420952385909474
0.3753910176276663
0.39327356841516653
0.4111561192026667
0.4483351899097019
0.4855142606167372
0.5226933313237724
0.5598724020308076
0.5942686514676527
0.5995086547216644
0.6047486579756761
0.6099886612296879
0.5174034232768653
0.5226434265308769
0.5226434265308769
0.5226434265308769
0.5226434265308769
0.5226434265308769
0.5226434265308769
0.5226434265308769
0.5226434265308769
0.5226434265308769
0.5226434265308769
0.5230134335466908
0.5230388682872101
0.5230726882374412
0.5235519155224341
0.5148733995376173
0.5056931486261615
0.4965053722894636
0.48716500292345133
0.49627997829330533
0.5057750406178909
0.5158309922102442
0.5255640282316685
0.5253679841078689
0.5250739030565743
0.5244032738828793
0.5256843059766645
0.5253615216055404
0.5260480805148805
0.5259158508490933
0.5255947653021843
0.52454294279882
0.5237202917797883
0.5230795685128887
0.5226434265308769
0.5226434265308769
0.5226434265308769
0.5226434265308769
0.5234046442427476
0.5226434265308769
0.6204686677377111
0.6204686677377111
0.5802121348021294
0.5399556018665476
0.4996990689309657
0.459442535995384
0.43422398065226747
0.40900542530915096
0.38378686996603445
0.295578381965633
0.34543578932892227
0.2431550863736991
0.2398281001806758
0.23650111398765253
0.2331741277946293
0.229847141601606
0.22652015540858267
0.2231931692155594
0.2198661830225361
0.2165391968295128
0.2165391968295128
0.2165391968295128
0.21055062168207095
0.20456204653462903
0.22372548700644318
0.1792698632120443
0.1792698632120443
0.1792698632120443
0.15011361702921086
0.15011361702921086
0.15011361702921086
0.15011361702921086
0.15011361702921086
0.15011361702921086
0.15011361702921086
0.15011361702921086
0.15011361702921086
0.15011361702921086
0.15011361702921086
0.15011361702921086
0.15011361702921086
0.15011361702921086
0.15011361702921086
0.15011361702921086
0.15011361702921086
0.15011361702921086
0.15011361702921086
0.15011361702921086
0.15011361702921086
0.15011361702921086
0.15011361702921086
0.15011361702921086
0.1792698632120443
0.1792698632120443
0.1792698632120443
0.1792698632120443
0.08144462200521008
0.08144462200521008
0.08144462200521008
0.08144462200521008
0.08144462200521008
0.08144462200521008
0.08144462200521008
0.08144462200521008
0.08144462200521008
0.08144462200521008
0.08144462200521008
0.08144462200521008
0.08144462200521008
0.08144462200521008
0.08144462200521008
0.08144462200521008
0.08144462200521008
0.08144462200521008
0.08144462200521008
0.08144462200521008
0.08144462200521008
0.08144462200521008
0.08144462200521008
0.08144462200521008
0.08144462200521008
0.08144462200521008
0.08144462200521008
0.08144462200521008
0.08144462200521008
0.08144462200521008
0.08144462200521008
0.08144462200521008
0.08144462200521008
0.08144462200521008
0.08144462200521008
0.08144462200521008
0.08144462200521008
0.08144462200521008
0.08144462200521008
0.08144462200521008
0.1792698632120443
0.1792698632120443
0.1792698632120443
0.1792698632120443
0.1792698632120443
0.1792698632120443
0.1792698632120443
0.1792698632120443
0.1792698632120443
0.1792698632120443
0.1792698632120443
0.1792698632120443
0.1792698632120443
0.1792698632120443
0.1792698632120443
0.1792698632120443
0.1792698632120443
0.1792698632120443
0.1792698632120443
0.1792698632120443
0.1792698632120443
0.1792698632120443
0.1792698632120443
0.1792698632120443
0.1792698632120443
0.1792698632120443
0.1792698632120443
0.1792698632120443
0.15011361702921086
0.15011361702921086
0.15011361702921086
0.15011361702921086
0.15011361702921086
0.15011361702921086
0.15011361702921086
0.15011361702921086
0.15011361702921086
0.15011361702921086
0.15011361702921086
0.15011361702921086
0.15011361702921086
0.15011361702921086
0.15011361702921086
0.15011361702921086
0.15011361702921086
0.15011361702921086
0.15011361702921086
0.15011361702921086
0.15011361702921086
0.15011361702921086
0.15011361702921086
0.15011361702921086
0.1792698632120443
0.1792698632120443
0.1792698632120443
0.1792698632120443
0.08144462200521008
0.08144462200521008
0.08144462200521008
0.08144462200521008
0.08144462200521008
0.08144462200521008
0.08144462200521008
0.08144462200521008
0.08144462200521008
0.08144462200521008
0.08144462200521008
0.08144462200521008
0.08144462200521008
0.08144462200521008
0.08144462200521008
0.08144462200521008
0.08144462200521008
0.08144462200521008
0.08144462200521008
0.08144462200521008
0.08144462200521008
0.08144462200521008
0.08144462200521008
0.08144462200521008
0.08144462200521008
0.08144462200521008
0.08144462200521008
0.08144462200521008
0.08144462200521008
0.08144462200521008
0.08144462200521008
0.08144462200521008
0.08144462200521008
0.08144462200521008
0.08144462200521008
0.08144462200521008
0.08144462200521008
0.08144462200521008
0.08144462200521008
0.08144462200521008
0.1792698632120443
0.1792698632120443
0.1792698632120443
0.1792698632120443
0.1792698632120443
0.1792698632120443
0.1792698632120443
0.1792698632120443
0.1792698632120443
0.1792698632120443
0.1792698632120443
0.1792698632120443
0.1792698632120443
0.1792698632120443
0.1792698632120443
0.1792698632120443
0.1792698632120443
0.1792698632120443
0.1792698632120443
0.1792698632120443
0.1792698632120443
0.1792698632120443
0.1792698632120443
0.1792698632120443
0.1792698632120443
0.24288183922264958
0.23955485302962626
0.23622786683660302
0.20374463446074625
0.200417648267723
0.200417648267723
0.200417648267723
0.200417648267723
0.200417648267723
0.2020811413642346
0.20374463446074625
0.2054081275572579
0.20707162065376955
0.2087351137502812
0.21039860684679282
0.21206209994330447
0.21372559303981611
0.33437882454304657
0.3396188277970583
0.2420952385909474
0.37539101762766636
0.39327356841516653
0.4111561192026667
0.4483351899097019
0.4855142606167372
0.5226933313237724
0.5598724020308076
0.5942686514676527
0.5995086547216644
0.6047486579756761
0.6099886612296879
0.5174034232768653
0.5226434265308769
0.5226434265308769
0.5226434265308769
0.5226434265308769
0.5235201500028879
0.523743551902525
0.524888554820818
0.5250829269994987
0.5258934987867844
0.5235154841080043
0.5252548946661834
0.5242984506439932
0.5245892193562315
0.5295381930334412
0.5221249461197132
0.5135242860766082
0.505888009573926
0.49799487744972737
0.5100731733719547
0.5230265714685665
0.5356582530870453
0.5473919757363478
0.5479001312182061
0.5470348130459115
0.5463274746217973
0.5454765434289157
0.5467858504866152
0.5473793867237335
0.5480262101602394
0.5484157312156326
0.5470445816167262
0.5449921133150321
0.5412508415048104
0.5372001546075155
0.5314249172269339
0.5272111393403544
0.5226434265308769
0.5226434265308769
0.5226434265308769
0.6204686677377111
0.6204686677377111
0.5802121348021294
0.5399556018665476
0.4996990689309657
0.459442535995384
0.43422398065226747
0.40900542530915096
0.38378686996603445
0.25422690143669924
0.2763705315626996
0.25701026846581293
0.2536832822727896
0.23650111398765253
0.2331741277946293
0.229847141601606
0.22652015540858267
0.2231931692155594
0.2198661830225361
0.2165391968295128
0.2165391968295128
0.2165391968295128
0.21055062168207095
0.20456204653462903
0.22372548700644318
0.2433124869254877
0.24069460293814054
0.23622786683660302
0.20417528216358444
0.20155739817623722
0.200417648267723
0.20084829597056117
0.20155739817623722
0.200417648267723
0.20251178906707276
0.2048843843692605
0.2054081275572579
0.20750226835660773
0.20987486365879549
0.21039860684679282
0.21249274764614265
0.21486534294833037
0.33437882454304657
0.3400494754998965
0.24323498849946168
0.3753910176276663
0.39370421611800466
0.412295869111181
0.4483351899097019
0.48594490831957526
0.5238330812322867
0.5598724020308076
0.5946992991704909
0.6006484046301788
0.6047486579756761
0.610419308932526
0.5185431731853796
0.5226434265308769
0.5230740742337151
0.5237831764393911
0.5234517723372164
0.5247959246783329
0.524407492092563
0.5248632593849184
0.5244280406673041
0.5237604770611635
0.5266930587483227
0.5292673829839214
0.5308767179218292
0.5321412839988298
0.5329889945266069
0.5244371123379329
0.5153498344496501
0.5076083697429224
0.49997630925515135
0.5117000684181162
0.5242361406117335
0.5358867632676556
0.54629812974068
0.5471907193312266
0.5470621157956537
0.5466181452359012
0.5465542584317485
0.545089405586188
0.5436838474205238
0.5431395649677468
0.5424450507073927
0.5410730458343895
0.5392737903414521
0.536186993144318
0.5328402368417946
0.5276762934893003
0.5246431649344844
0.5226434265308769
0.5228013605835251
0.5226434265308769
0.6204686677377111
0.6204686677377111
0.5802121348021294
0.5399556018665476
0.4996990689309657
0.459442535995384
0.43422398065226747
0.40900542530915096
0.38378686996603445
0.26322660449122776
0.29022571365481337
0.2524014752336316
0.26756726676047327
0.23650111398765253
0.2331741277946293
0.229847141601606
0.22652015540858267
0.2231931692155594
0.2198661830225361
0.2165391968295128
0.2165391968295128
0.2165391968295128
0.21055062168207095
0.20456204653462903
0.22372548700644318
0.24288183922264958
0.23955485302962626
0.23622786683660302
0.20374463446074625
0.200417648267723
0.200417648267723
0.200417648267723
0.200417648267723
0.200417648267723
0.2020811413642346
0.20374463446074625
0.2054081275572579
0.20707162065376955
0.2087351137502812
0.21039860684679282
0.21206209994330447
0.21372559303981611
0.33437882454304657
0.3396188277970583
0.2420952385909474
0.37539101762766636
0.39327356841516653
0.4111561192026667
0.4483351899097019
0.4855142606167372
0.5226933313237724
0.5598724020308076
0.5942686514676527
0.5995086547216644
0.6047486579756761
0.6099886612296879
0.5174034232768653
0.5226434265308769
0.5226434265308769
0.5226434265308769
0.5230366979624858
0.5237898871966269
0.5242624959126022
0.5247582976391618
0.5247344008844707
0.5249031166507909
0.5254992208893406
0.524864517433096
0.5255140952567892
0.5255331906983887
0.5262746189096014
0.5188885799393618
0.5094828628930608
0.5005897963634768
0.4914833055958587
0.5019988099650808
0.5127197524781574
0.5247136809852186
0.5367527036911626
0.539450326351724
0.5395487007445361
0.5400809161743214
0.5403298884778895
0.5401589726161236
0.5399711755704389
0.5390302456223813
0.5384200026024237
0.5366331870453281
0.5346091661229893
0.5315714415268046
0.5289806838379176
0.526455653242425
0.5236123095978771
0.5226434265308769
0.5230200940554939
0.5226434265308769
0.6204686677377111
0.6204686677377111
0.5802121348021294
0.5399556018665476
0.4996990689309657
0.459442535995384
0.43422398065226747
0.40900542530915096
0.38378686996603445
0.2769041180838578
0.33108058593321943
0.2431550863736991
0.2398281001806758
0.23650111398765253
0.2331741277946293
0.229847141601606
0.22652015540858267
0.2231931692155594
0.2198661830225361
0.2165391968295128
0.2165391968295128
0.2165391968295128
0.21055062168207095
0.20456204653462903
0.22372548700644318
0.24288183922264958
0.23955485302962626
0.23622786683660302
0.20374463446074625
0.200417648267723
0.200417648267723
0.200417648267723
0.200417648267723
0.200417648267723
0.2020811413642346
0.20374463446074625
0.2054081275572579
0.20707162065376955
0.2087351137502812
0.21039860684679282
0.21206209994330447
0.21372559303981611
0.33437882454304657
0.3396188277970582
0.2420952385909474
0.37539101762766636
0.39327356841516653
0.4111561192026667
0.4483351899097019
0.4855142606167372
0.5226933313237724
0.5598724020308076
0.5942686514676527
0.5995086547216644
0.6047486579756761
0.6099886612296879
0.5174034232768653
0.5226434265308769
0.5226434265308769
0.5226434265308769
0.5236009821472765
0.5239849316335099
0.5248140109814096
0.5246236895947561
0.5242001978292216
0.5240557445364709
0.5253074115890335
0.5251951661053817
0.5260077512044394
0.5256884492021975
0.5259135254711494
0.5170746665428612
0.5071463713137612
0.49928808493832055
0.4921802610231711
0.5054495015723834
0.51884616631317
0.530977676131207
0.5405724839664654
0.541200319500741
0.5400114083186167
0.5395921264660338
0.5390014204237554
0.5378967454728337
0.5365343022934866
0.5363473216869944
0.5372748058408353
0.5369789717490018
0.5369478529207067
0.5306859856366667
0.526830720960113
0.5232477658166336
0.5226434265308769
0.5231922983401102
0.5227959664981515
0.5226434265308769
0.6204686677377111
0.6204686677377111
0.5802121348021294
0.5399556018665476
0.4996990689309657
0.459442535995384
0.43422398065226747
0.40900542530915096
0.38378686996603445
0.2900842001467707
0.33108058593321943
0.2431550863736991
0.2398281001806758
0.23650111398765253
0.2331741277946293
0.229847141601606
0.22652015540858267
0.2231931692155594
0.2198661830225361
0.2165391968295128
0.2165391968295128
0.2165391968295128
0.21055062168207095
0.20456204653462903
0.22372548700644318
0.24288183922264958
0.23955485302962626
0.23622786683660302
0.20374463446074625
0.200417648267723
0.200417648267723
0.200417648267723
0.200417648267723
0.200417648267723
0.2020811413642346
0.20374463446074625
0.2054081275572579
0.20707162065376955
0.2087351137502812
0.21039860684679282
0.21206209994330447
0.21372559303981611
0.33437882454304657
0.33961882779705826
0.2420952385909474
0.37539101762766636
0.39327356841516653
0.4111561192026667
0.4483351899097019
0.4855142606167372
0.5226933313237724
0.5598724020308076
0.5942686514676527
0.5995086547216644
0.6047486579756761
0.6099886612296879
0.5174034232768653
0.5226434265308769
0.5226434265308769
0.5226434265308769
0.5226434265308769
0.5226434265308769
0.5226434265308769
0.5226434265308769
0.5226434265308769
0.5226434265308769
0.5226434265308769
0.5226434265308769
0.5226434265308769
0.5226434265308769
0.5226434265308769
0.5134742525829048
0.5043050786349326
0.4951359046869602
0.48596673073898816
0.4951359046869602
0.5043050786349326
0.5134742525829048
0.5226434265308769
0.5226434265308769
0.5226434265308769
0.5226434265308769
0.5226434265308769
0.5226434265308769
0.5226434265308769
0.5226434265308769
0.5226434265308769
0.5226434265308769
0.5226434265308769
0.5226434265308769
0.5226434265308769
0.5226434265308769
0.5226434265308769
0.5226434265308769
0.5226434265308769
0.5226434265308769
0.6204686677377111
0.6204686677377111
0.5802121348021294
0.5399556018665476
0.4996990689309657
0.459442535995384
0.43422398065226747
0.40900542530915096
0.38378686996603445
0.32664845891162314
0.3585683146229179
0.2431550863736991
0.2398281001806758
0.23650111398765253
0.2331741277946293
0.229847141601606
0.22652015540858267
0.2231931692155594
0.2198661830225361
0.2165391968295128
0.2165391968295128
0.2165391968295128
0.21055062168207095
0.20456204653462903
0.22372548700644318
0.1792698632120443
0.1792698632120443
0.1792698632120443
0.15011361702921086
0.15011361702921086
0.15011361702921086
0.15011361702921086
0.15011361702921086
0.15011361702921086
0.15011361702921086
0.15011361702921086
0.15011361702921086
0.15011361702921086
0.16030380829002622
0.16030380829002622
0.15011361702921086
0.15011361702921086
0.17205901126676004
0.17205901126676004
0.15011361702921086
0.17205901126676004
0.17792098249936164
0.17495326519302265
0.18517471696536864
0.17205901126676004
0.17495326519302265
0.1968986594305718
0.20121525744959348
0.2041095113758561
0.22605490561340527
0.20121525744959348
0.10628427016902185
0.12822966440657105
0.10339001624275924
0.10628427016902185
0.12822966440657105
0.10339001624275924
0.10628427016902185
0.12822966440657105
0.10339001624275924
0.10628427016902185
0.12822966440657105
0.10339001624275924
0.10628427016902185
0.12822966440657105
0.10339001624275924
0.08144462200521008
0.08144462200521008
0.08144462200521008
0.08144462200521008
0.08144462200521008
0.08144462200521008
0.08144462200521008
0.08144462200521008
0.08144462200521008
0.08144462200521008
0.08144462200521008
0.08144462200521008
0.08144462200521008
0.08144462200521008
0.08144462200521008
0.08144462200521008
0.08144462200521008
0.08144462200521008
0.08144462200521008
0.08144462200521008
0.08144462200521008
0.08144462200521008
0.08144462200521008
0.08144462200521008
0.08144462200521008
0.1792698632120443
0.1792698632120443
0.1792698632120443
0.1792698632120443
0.1792698632120443
0.1792698632120443
0.1792698632120443
0.1792698632120443
0.1792698632120443
0.1792698632120443
0.1792698632120443
0.1792698632120443
0.1792698632120443
0.1792698632120443
0.1792698632120443
0.1792698632120443
0.1792698632120443
0.1792698632120443
0.1792698632120443
0.1792698632120443
0.1792698632120443
0.1792698632120443
0.1792698632120443
0.1792698632120443
0.1792698632120443
0.1792698632120443
0.1792698632120443
0.1792698632120443
0.15011361702921086
0.15011361702921086
0.15011361702921086
0.15011361702921086
0.15011361702921086
0.15011361702921086
0.15011361702921086
0.15011361702921086
0.15011361702921086
0.15011361702921086
0.16030380829002622
0.16030380829002622
0.15011361702921086
0.15011361702921086
0.17205901126676004
0.17205901126676004
0.15011361702921086
0.17205901126676004
0.17792098249936164
0.17495326519302265
0.18517471696536864
0.17205901126676004
0.17495326519302265
0.1968986594305718
0.20121525744959348
0.2041095113758561
0.22605490561340527
0.20121525744959348
0.10628427016902185
0.12822966440657105
0.10339001624275924
0.10628427016902185
0.12822966440657105
0.10339001624275924
0.10628427016902185
0.12822966440657105
0.10339001624275924
0.10628427016902185
0.12822966440657105
0.10339001624275924
0.10628427016902185
0.12822966440657105
0.10339001624275924
0.08144462200521008
0.08144462200521008
0.08144462200521008
0.08144462200521008
0.08144462200521008
0.08144462200521008
0.08144462200521008
0.08144462200521008
0.08144462200521008
0.08144462200521008
0.08144462200521008
0.08144462200521008
0.08144462200521008
0.08144462200521008
0.08144462200521008
0.08144462200521008
0.08144462200521008
0.08144462200521008
0.08144462200521008
0.08144462200521008
0.08144462200521008
0.08144462200521008
0.08144462200521008
0.08144462200521008
0.08144462200521008
0.1792698632120443
0.1792698632120443
0.1792698632120443
0.1792698632120443
0.1792698632120443
0.1792698632120443
0.1792698632120443
0.1792698632120443
0.1792698632120443
0.1792698632120443
0.1792698632120443
0.1792698632120443
0.1792698632120443
0.1792698632120443
0.1792698632120443
0.1792698632120443
0.1792698632120443
0.1792698632120443
0.1792698632120443
0.1792698632120443
0.1792698632120443
0.1792698632120443
0.1792698632120443
0.1792698632120443
0.1792698632120443
0.24288183922264958
0.23955485302962626
0.23622786683660302
0.20374463446074625
0.200417648267723
0.200417648267723
0.200417648267723
0.200417648267723
0.200417648267723
0.2020811413642346
0.20374463446074625
0.2054081275572579
0.20707162065376955
0.2087351137502812
0.21039860684679282
0.21206209994330447
0.21372559303981611
0.33437882454304657
0.3396188277970583
0.2420952385909474
0.37539101762766636
0.39327356841516653
0.4111561192026667
0.4483351899097019
0.4855142606167372
0.5226933313237724
0.5598724020308076
0.5942686514676527
0.5995086547216644
0.6047486579756761
0.6099886612296879
0.5174034232768653
0.5226434265308769
0.5226434265308769
0.5226434265308769
0.5226434265308769
0.5226434265308769
0.5226434265308769
0.5226434265308769
0.5226434265308769
0.5226434265308769
0.5226434265308769
0.5226434265308769
0.5226434265308769
0.5226434265308769
0.5226434265308769
0.5134742525829048
0.5043050786349326
0.4951359046869602
0.48596673073898816
0.4951359046869602
0.5043050786349326
0.5134742525829048
0.5226434265308769
0.5226434265308769
0.5226434265308769
0.5231742426931058
0.5241685061510323
0.524502151112318
0.5250081678544072
0.5247983538718145
0.5244660618193258
0.5238731873925736
0.5226434265308769
0.5226434265308769
0.5226434265308769
0.5226434265308769
0.5226434265308769
0.5226434265308769
0.5228528072258887
0.5226434265308769
0.6204686677377111
0.6204686677377111
0.5802121348021294
0.5399556018665476
0.4996990689309657
0.459442535995384
0.43422398065226747
0.40900542530915096
0.38378686996603445
0.3149997873834394
0.34543578932892227
0.245343840589365
0.25296062547467135
0.23650111398765253
0.2331741277946293
0.229847141601606
0.22652015540858267
0.2231931692155594
0.2198661830225361
0.2165391968295128
0.2165391968295128
0.2165391968295128
0.21055062168207095
0.20456204653462903
0.22372548700644318
0.24288183922264958
0.23955485302962626
0.23622786683660302
0.20374463446074625
0.200417648267723
0.200417648267723
0.200417648267723
0.200417648267723
0.200417648267723
0.2020811413642346
0.20374463446074625
0.2054081275572579
0.20707162065376955
0.2087351137502812
0.21039860684679282
0.21206209994330447
0.21372559303981611
0.33437882454304657
0.3396188277970582
0.2420952385909474
0.37539101762766636
0.39327356841516653
0.4111561192026667
0.4483351899097019
0.4855142606167372
0.5226933313237724
0.5598724020308076
0.5942686514676527
0.5995086547216644
0.6047486579756761
0.6099886612296879
0.5174034232768653
0.5226434265308769
0.5226434265308769
0.5226434265308769
0.5226434265308769
0.5226434265308769
0.5226434265308769
0.5226434265308769
0.5226434265308769
0.5226434265308769
0.5226434265308769
0.5230778577658838
0.5230888290318516
0.5231444364858503
0.5234801590920923
0.5140506726536449
0.5047271468795577
0.4951359046869602
0.48596673073898816
0.4951359046869602
0.5043050786349326
0.5134742525829048
0.5226434265308769
0.5226434265308769
0.5226434265308769
0.5226434265308769
0.5226434265308769
0.5226434265308769
0.5226434265308769
0.5226434265308769
0.5226434265308769
0.5226434265308769
0.5226434265308769
0.5226434265308769
0.5226434265308769
0.5226434265308769
0.5226434265308769
0.5226434265308769
0.5226434265308769
0.5226434265308769
0.6204686677377111
0.6204686677377111
0.5802121348021294
0.5399556018665476
0.4996990689309657
0.459442535995384
0.43422398065226747
0.40900542530915096
0.38378686996603445
0.32122386270336495
0.3585683146229179
0.2431550863736991
0.2398281001806758
0.23650111398765253
0.2331741277946293
0.229847141601606
0.22652015540858267
0.2231931692155594
0.2198661830225361
0.2165391968295128
0.2165391968295128
0.2165391968295128
0.21055062168207095
0.20456204653462903
0.22372548700644318
0.24288183922264958
0.23955485302962626
0.23622786683660302
0.20374463446074625
0.21060783952853834
0.22236304250527217
0.2121728512444568
0.21060783952853834
0.22236304250527217
0.21383634434096843
0.2139348257215616
0.22735352179480708
0.21882682363050338
0.21892530501109655
0.2440679435495452
0.2355412453852415
0.22391578430063147
0.3343788245430465
0.3294286365362429
0.2522854298517628
0.3753910176276663
0.39327356841516653
0.4111561192026667
0.4483351899097019
0.4855142606167372
0.5226933313237724
0.5598724020308076
0.5942686514676527
0.5995086547216644
0.6047486579756761
0.6099886612296879
0.5174034232768653
0.5226434265308769
0.5226434265308769
0.5226434265308769
0.5226434265308769
0.5226434265308769
0.5226434265308769
0.5226434265308769
0.5226434265308769
0.5226434265308769
0.5226434265308769
0.5226434265308769
0.5226434265308769
0.5226434265308769
0.5226434265308769
0.5134742525829048
0.5043050786349326
0.4951359046869602
0.48596673073898816
0.4951359046869602
0.5043050786349326
0.5138986091223791
0.522989710595005
0.5230101930475419
0.5226434265308769
0.5229753704031086
0.5226434265308769
0.5230205760985636
0.5226434265308769
0.5229735371665121
0.5226434265308769
0.5226434265308769
0.5226434265308769
0.5226434265308769
0.5226434265308769
0.5226434265308769
0.5226434265308769
0.5226434265308769
0.5226434265308769
0.5226434265308769
0.6204686677377111
0.6204686677377111
0.5802121348021294
0.5399556018665476
0.4996990689309657
0.459442535995384
0.43422398065226747
0.40900542530915096
0.38378686996603445
0.31698476191548747
0.3585683146229179
0.2431550863736991
0.2398281001806758
0.23650111398765253
0.2331741277946293
0.229847141601606
0.22652015540858267
0.2231931692155594
0.2198661830225361
0.2165391968295128
0.2165391968295128
0.2165391968295128
0.21055062168207095
0.20456204653462903
0.22372548700644318
0.24288183922264958
0.23955485302962626
0.23622786683660302
0.20374463446074625
0.200417648267723
0.200417648267723
0.200417648267723
0.200417648267723
0.200417648267723
0.2020811413642346
0.20374463446074625
0.2054081275572579
0.20707162065376955
0.2087351137502812
0.21039860684679282
0.21206209994330447
0.21372559303981611
0.33437882454304657
0.33961882779705826
0.2420952385909474
0.37539101762766636
0.39327356841516653
0.4111561192026667
0.4483351899097019
0.4855142606167372
0.5226933313237724
0.5598724020308076
0.5942686514676527
0.5995086547216644
0.6047486579756761
0.6099886612296879
0.5174034232768653
0.5226434265308769
0.5226434265308769
0.5226434265308769
0.5226434265308769
0.5226434265308769
0.5226434265308769
0.5226434265308769
0.5226434265308769
0.5230409583015271
0.523430617139753
0.5235877929097629
0.5236650243685325
0.5241403679287521
0.5243258861886632
0.5156667661272331
0.5059806243536111
0.4967226534226728
0.4874749833974431
0.49662803722278676
0.5082286095000594
0.519415512187262
0.5291272850480505
0.5295673234150512
0.5297553310013033
0.5303640665642435
0.530443824689813
0.5302353070001337
0.5291471346018254
0.5280336484107905
0.5264463228226377
0.5237220434986726
0.5226434265308769
0.5226434265308769
0.5226434265308769
0.5226434265308769
0.5226434265308769
0.5226434265308769
0.5228026104942262
0.5226434265308769
0.6204686677377111
0.6204686677377111
0.5802121348021294
0.5399556018665476
0.4996990689309657
0.459442535995384
0.43422398065226747
0.40900542530915096
0.38378686996603445
0.3002994649569211
0.33108058593321943
0.24889716773198023
0.2541833035763787
0.23650111398765253
0.2331741277946293
0.229847141601606
0.22652015540858267
0.2231931692155594
0.2198661830225361
0.2165391968295128
0.2165391968295128
0.2165391968295128
0.21055062168207095
0.20456204653462903
0.22372548700644318
0.24288183922264958
0.23955485302962626
0.23622786683660302
0.20374463446074625
0.200417648267723
0.200417648267723
0.200417648267723
0.200417648267723
0.200417648267723
0.2020811413642346
0.20374463446074625
0.2054081275572579
0.20707162065376955
0.2087351137502812
0.21039860684679282
0.21206209994330447
0.21372559303981611
0.33437882454304657
0.3396188277970583
0.2420952385909474
0.37539101762766636
0.39327356841516653
0.4111561192026667
0.4483351899097019
0.4855142606167372
0.5226933313237724
0.5598724020308076
0.5942686514676527
0.5995086547216644
0.6047486579756761
0.6099886612296879
0.6152286644836995
0.5226434265308769
0.5226434265308769
0.5226434265308769
0.5226434265308769
0.5226434265308769
0.5226434265308769
0.5226434265308769
0.5226434265308769
0.5226434265308769
0.523025495944402
0.5226434265308769
0.5230696734715623
0.5226434265308769
0.5238441087509224
0.5156288516946763
0.5061820388170606
0.4960190691411824
0.4878594967547823
0.49703364213655854
0.5049825980784233
0.5184832042547004
0.5260557130910093
0.5247055478126295
0.5230704347363466
0.5226434265308769
0.5226434265308769
0.5226434265308769
0.5226434265308769
0.5226434265308769
0.5226434265308769
0.5226434265308769
0.5226434265308769
0.5226434265308769
0.5226434265308769
0.5226434265308769
0.5226434265308769
0.5226434265308769
0.5226434265308769
0.5226434265308769
0.6204686677377111
0.6204686677377111
0.5802121348021294
0.5399556018665476
0.4996990689309657
0.459442535995384
0.43422398065226747
0.40900542530915096
0.38378686996603445
0.2504702177862155
0.2880944740279028
0.29311996758107606
0.2667989879713982
0.23650111398765253
0.2331741277946293
0.229847141601606
0.22652015540858267
0.2231931692155594
0.2198661830225361
0.2165391968295128
0.2165391968295128
0.2165391968295128
0.21055062168207095
0.20456204653462903
0.22372548700644318
0.1792698632120443
0.1792698632120443
0.1792698632120443
0.15011361702921086
0.15011361702921086
0.15011361702921086
0.15011361702921086
0.15011361702921086
0.15011361702921086
0.15011361702921086
0.15011361702921086
0.15011361702921086
0.15011361702921086
0.15011361702921086
0.15011361702921086
0.15011361702921086
0.15011361702921086
0.15011361702921086
0.15011361702921086
0.15011361702921086
0.15011361702921086
0.15011361702921086
0.15011361702921086
0.15011361702921086
0.15011361702921086
0.15011361702921086
0.15011361702921086
0.1792698632120443
0.1792698632120443
0.1792698632120443
0.1792698632120443
0.1792698632120443
0.08144462200521008
0.08144462200521008
0.08144462200521008
0.08144462200521008
0.08144462200521008
0.08144462200521008
0.08144462200521008
0.08144462200521008
0.08144462200521008
0.08144462200521008
0.08144462200521008
0.08144462200521008
0.08144462200521008
0.08144462200521008
0.08144462200521008
0.08144462200521008
0.08144462200521008
0.08144462200521008
0.08144462200521008
0.08144462200521008
0.08144462200521008
0.08144462200521008
0.08144462200521008
0.08144462200521008
0.08144462200521008
0.08144462200521008
0.08144462200521008
0.08144462200521008
0.08144462200521008
0.08144462200521008
0.08144462200521008
0.08144462200521008
0.08144462200521008
0.08144462200521008
0.08144462200521008
0.08144462200521008
0.08144462200521008
0.08144462200521008
0.08144462200521008
0.1792698632120443
0.1792698632120443
0.1792698632120443
0.1792698632120443
0.1792698632120443
0.1792698632120443
0.1792698632120443
0.1792698632120443
0.1792698632120443
0.1792698632120443
0.1792698632120443
0.1792698632120443
0.1792698632120443
0.1792698632120443
0.1792698632120443
0.1792698632120443
0.1792698632120443
0.1792698632120443
0.1792698632120443
0.1792698632120443
0.1792698632120443
0.1792698632120443
0.1792698632120443
0.1792698632120443
0.1792698632120443
0.1792698632120443
0.1792698632120443
0.1792698632120443
0.15011361702921086
0.15011361702921086
0.15011361702921086
0.15011361702921086
0.15011361702921086
0.15011361702921086
0.15011361702921086
0.15011361702921086
0.15011361702921086
0.15011361702921086
0.15011361702921086
0.15011361702921086
0.15011361702921086
0.15011361702921086
0.15011361702921086
0.15011361702921086
0.15011361702921086
0.15011361702921086
0.15011361702921086
0.15011361702921086
0.15011361702921086
0.15011361702921086
0.15011361702921086
0.15011361702921086
0.1792698632120443
0.1792698632120443
0.1792698632120443
0.1792698632120443
0.1792698632120443
0.08144462200521008
0.08144462200521008
0.08144462200521008
0.08144462200521008
0.08144462200521008
0.08144462200521008
0.08144462200521008
0.08144462200521008
0.08144462200521008
0.08144462200521008
0.08144462200521008
0.08144462200521008
0.08144462200521008
0.08144462200521008
0.08144462200521008
0.08144462200521008
0.08144462200521008
0.08144462200521008
0.08144462200521008
0.08144462200521008
0.08144462200521008
0.08144462200521008
0.08144462200521008
0.08144462200521008
0.08144462200521008
0.08144462200521008
0.08144462200521008
0.08144462200521008
0.08144462200521008
0.08144462200521008
0.08144462200521008
0.08144462200521008
0.08144462200521008
0.08144462200521008
0.08144462200521008
0.08144462200521008
0.08144462200521008
0.08144462200521008
0.08144462200521008
0.1792698632120443
0.1792698632120443
0.1792698632120443
0.1792698632120443
0.1792698632120443
0.1792698632120443
0.1792698632120443
0.1792698632120443
0.1792698632120443
0.1792698632120443
0.1792698632120443
0.1792698632120443
0.1792698632120443
0.1792698632120443
0.1792698632120443
0.1792698632120443
0.1792698632120443
0.1792698632120443
0.1792698632120443
0.1792698632120443
0.1792698632120443
0.1792698632120443
0.1792698632120443
0.1792698632120443
0.1792698632120443
0.24288183922264958
0.23955485302962626
0.23622786683660302
0.20374463446074625
0.200417648267723
0.200417648267723
0.200417648267723
0.200417648267723
0.200417648267723
0.2020811413642346
0.20374463446074625
0.2054081275572579
0.20707162065376955
0.2087351137502812
0.21039860684679282
0.21206209994330447
0.21372559303981611
0.33437882454304657
0.3396188277970583
0.2420952385909474
0.3753910176276663
0.39327356841516653
0.4111561192026667
0.4483351899097019
0.4855142606167372
0.5226933313237724
0.5598724020308076
0.5942686514676527
0.5995086547216644
0.6047486579756761
0.6099886612296879
0.6152286644836995
0.5226434265308769
0.5226434265308769
0.5226434265308769
0.5237309957095551
0.5241777224188121
0.5242078871498927
0.5247306234879876
0.5242094408909955
0.5241163614695469
0.5239034452266879
0.5231704326260491
0.5236644640085573
0.524324577106662
0.5247828179094411
0.516405164718194
0.506404511608677
0.4972630046602073
0.48596673073898816
0.4954812602747216
0.5051018601109931
0.5150582621165509
0.5247022766224857
0.5277049926193234
0.5293188223613122
0.531125576396823
0.5324806913760348
0.5336262843351006
0.5347541256143185
0.5370972375218409
0.5385947981354191
0.5386763053921505
0.5383060064850456
0.5364534592323652
0.5345915360889089
0.5296590118851507
0.5246904538831604
0.5226434265308769
0.5227887331064781
0.5226434265308769
0.6204686677377111
0.6204686677377111
0.5802121348021294
0.5399556018665476
0.4996990689309657
0.459442535995384
0.43422398065226747
0.40900542530915096
0.38378686996603445
0.2504702177862155
0.3019496561200166
0.28656211473177173
0.25294380587928444
0.23650111398765253
0.2331741277946293
0.229847141601606
0.22652015540858267
0.2231931692155594
0.2198661830225361
0.2165391968295128
0.2165391968295128
0.2165391968295128
0.21055062168207095
0.20456204653462903
0.22372548700644318
0.24288183922264958
0.23955485302962626
0.23622786683660302
0.20374463446074625
0.200417648267723
0.200417648267723
0.200417648267723
0.200417648267723
0.200417648267723
0.2020811413642346
0.20374463446074625
0.2054081275572579
0.20707162065376955
0.2087351137502812
0.21039860684679282
0.21206209994330447
0.21372559303981611
0.33437882454304657
0.3396188277970582
0.2420952385909474
0.37539101762766636
0.39327356841516653
0.4111561192026667
0.4483351899097019
0.4855142606167372
0.5226933313237724
0.5598724020308076
0.5942686514676527
0.5995086547216644
0.6047486579756761
0.6099886612296879
0.6152286644836995
0.5226434265308769
0.5226434265308769
0.5226434265308769
0.5226434265308769
0.5235448228204712
0.5241321948390286
0.5247819543951157
0.5246056769543033
0.5241833662501167
0.5239856324034244
0.5238079320262061
0.5226434265308769
0.5226434265308769
0.5226434265308769
0.5134742525829048
0.5043050786349326
0.4951359046869602
0.48596673073898816
0.4951359046869602
0.5043050786349326
0.5134742525829048
0.5226434265308769
0.5226434265308769
0.5226434265308769
0.5226434265308769
0.5226434265308769
0.5226434265308769
0.5226434265308769
0.5226434265308769
0.5226434265308769
0.5226434265308769
0.5226434265308769
0.5226434265308769
0.5226434265308769
0.5226434265308769
0.5226434265308769
0.5226434265308769
0.5226434265308769
0.5226434265308769
0.6204686677377111
0.6204686677377111
0.5802121348021294
0.5399556018665476
0.4996990689309657
0.459442535995384
0.43422398065226747
0.40900542530915096
0.38378686996603445
0.3016524674676925
0.34543578932892227
0.25628761166769465
0.25296062547467135
0.23650111398765253
0.2331741277946293
0.229847141601606
0.22652015540858267
0.2231931692155594
0.2198661830225361
0.2165391968295128
0.2165391968295128
0.2165391968295128
0.21055062168207095
0.20456204653462903
0.22372548700644318
0.24288183922264958
0.23955485302962626
0.23622786683660302
0.20374463446074625
0.200417648267723
0.200417648267723
0.200417648267723
0.200417648267723
0.200417648267723
0.2020811413642346
0.20374463446074625
0.2054081275572579
0.20707162065376955
0.2087351137502812
0.21039860684679282
0.21206209994330447
0.21372559303981611
0.33437882454304657
0.3396188277970583
0.2420952385909474
0.37539101762766636
0.39327356841516653
0.4111561192026667
0.4483351899097019
0.4855142606167372
0.5226933313237724
0.5598724020308076
0.5942686514676527
0.5995086547216644
0.6047486579756761
0.6099886612296879
0.6152286644836995
0.5226434265308769
0.5226434265308769
0.5226434265308769
0.5226434265308769
0.5226434265308769
0.5226434265308769
0.5226434265308769
0.5226434265308769
0.5226434265308769
0.5226434265308769
0.5226434265308769
0.5231696525763844
0.5231197304752853
0.5234428113471422
0.5140498680159342
0.5047465368953871
0.4951359046869602
0.48596673073898816
0.4951359046869602
0.5043050786349326
0.5134742525829048
0.5226434265308769
0.5226434265308769
0.5226434265308769
0.5226434265308769
0.5226434265308769
0.5226434265308769
0.5226434265308769
0.5226434265308769
0.5226434265308769
0.5226434265308769
0.5226434265308769
0.5226434265308769
0.5226434265308769
0.5226434265308769
0.5226434265308769
0.5226434265308769
0.5226434265308769
0.5226434265308769
0.6204686677377111
0.6204686677377111
0.5802121348021294
0.5399556018665476
0.4996990689309657
0.459442535995384
0.43422398065226747
0.40900542530915096
0.38378686996603445
0.3230999377453643
0.3585683146229179
0.2431550863736991
0.2398281001806758
0.23650111398765253
0.2331741277946293
0.229847141601606
0.22652015540858267
0.2231931692155594
0.2198661830225361
0.2165391968295128
0.2165391968295128
0.2165391968295128
0.21055062168207095
0.20456204653462903
0.22372548700644318
0.24288183922264958
0.23955485302962626
0.23622786683660302
0.20374463446074625
0.200417648267723
0.200417648267723
0.200417648267723
0.200417648267723
0.200417648267723
0.2020811413642346
0.20374463446074625
0.2054081275572579
0.20707162065376955
0.2087351137502812
0.21039860684679282
0.21206209994330447
0.21372559303981611
0.33437882454304657
0.33961882779705826
0.2420952385909474
0.3753910176276663
0.39327356841516653
0.4111561192026667
0.4483351899097019
0.4855142606167372
0.5226933313237724
0.5598724020308076
0.5942686514676527
0.5995086547216644
0.6047486579756761
0.6099886612296879
0.6152286644836995
0.5226434265308769
0.5226434265308769
0.5226434265308769
0.5226434265308769
0.5226434265308769
0.5226434265308769
0.5226434265308769
0.5226434265308769
0.5226434265308769
0.5226434265308769
0.5231021157404373
0.5230191368397978
0.5230616811664919
0.5231543732699434
0.5143113158291825
0.5050650045599089
0.4954932590649593
0.48596673073898816
0.4951359046869602
0.5043050786349326
0.5137880026532737
0.5226434265308769
0.5230478471032368
0.5226434265308769
0.5226434265308769
0.5226434265308769
0.5226434265308769
0.5226434265308769
0.5226434265308769
0.5226434265308769
0.5226434265308769
0.5226434265308769
0.5226434265308769
0.5226434265308769
0.5226434265308769
0.5226434265308769
0.5226434265308769
0.5226434265308769
0.5226434265308769
0.6204686677377111
0.6204686677377111
0.5802121348021294
0.5399556018665476
0.4996990689309657
0.459442535995384
0.43422398065226747
0.40900542530915096
0.38378686996603445
0.3147960076998216
0.3585683146229179
0.2431550863736991
0.2398281001806758
0.23650111398765253
0.2331741277946293
0.229847141601606
0.22652015540858267
0.2231931692155594
0.2198661830225361
0.2165391968295128
0.2165391968295128
0.2165391968295128
0.21055062168207095
0.20456204653462903
0.22372548700644318
0.24288183922264958
0.23955485302962626
0.23622786683660302
0.20374463446074625
0.200417648267723
0.200417648267723
0.200417648267723
0.200417648267723
0.200417648267723
0.2020811413642346
0.20374463446074625
0.2054081275572579
0.20707162065376955
0.2087351137502812
0.21039860684679282
0.21206209994330447
0.21372559303981611
0.33437882454304657
0.3396188277970583
0.2420952385909474
0.37539101762766636
0.39327356841516653
0.4111561192026667
0.4483351899097019
0.4855142606167372
0.5226933313237724
0.5598724020308076
0.5942686514676527
0.5995086547216644
0.6047486579756761
0.6099886612296879
0.6152286644836995
0.5226434265308769
0.5226434265308769
0.5226434265308769
0.5226434265308769
0.5226434265308769
0.5226434265308769
0.5226434265308769
0.5226434265308769
0.5226434265308769
0.5226434265308769
0.5226434265308769
0.5226434265308769
0.5230125613377957
0.5226434265308769
0.5139260793561539
0.5043050786349326
0.4951359046869602
0.48596673073898816
0.4951359046869602
0.5043050786349326
0.5142349257144947
0.5232906963558875
0.5238308140897642
0.5229717976442614
0.5226434265308769
0.5226434265308769
0.5226434265308769
0.5226434265308769
0.5226434265308769
0.5226434265308769
0.5226434265308769
0.5226434265308769
0.5226434265308769
0.5226434265308769
0.5226434265308769
0.5226434265308769
0.5226434265308769
0.5226434265308769
0.5226434265308769
0.6204686677377111
0.6204686677377111
0.5802121348021294
0.5399556018665476
0.4996990689309657
0.459442535995384
0.43422398065226747
0.40900542530915096
0.38378686996603445
0.3086680513740014
0.3585683146229179
0.2431550863736991
0.2398281001806758
0.23650111398765253
0.2331741277946293
0.229847141601606
0.22652015540858267
0.2231931692155594
0.2198661830225361
0.2165391968295128
0.2165391968295128
0.2165391968295128
0.21055062168207095
0.20456204653462903
0.22372548700644318
0.1792698632120443
0.1792698632120443
0.1792698632120443
0.15011361702921086
0.15011361702921086
0.15011361702921086
0.15011361702921086
0.15011361702921086
0.15011361702921086
0.15011361702921086
0.15011361702921086
0.15011361702921086
0.15011361702921086
0.15011361702921086
0.15011361702921086
0.15011361702921086
0.15011361702921086
0.15011361702921086
0.15011361702921086
0.15011361702921086
0.15011361702921086
0.15011361702921086
0.15011361702921086
0.15011361702921086
0.15011361702921086
0.15011361702921086
0.15011361702921086
0.1792698632120443
0.1792698632120443
0.1792698632120443
0.1792698632120443
0.1792698632120443
0.08144462200521008
0.08144462200521008
0.08144462200521008
0.08144462200521008
0.08144462200521008
0.08144462200521008
0.08144462200521008
0.08144462200521008
0.08144462200521008
0.08144462200521008
0.08144462200521008
0.08144462200521008
0.08144462200521008
0.08144462200521008
0.08144462200521008
0.08144462200521008
0.08144462200521008
0.08144462200521008
0.08144462200521008
0.08144462200521008
0.08144462200521008
0.08144462200521008
0.08144462200521008
0.08144462200521008
0.08144462200521008
0.08144462200521008
0.08144462200521008
0.08144462200521008
0.08144462200521008
0.08144462200521008
0.08144462200521008
0.08144462200521008
0.08144462200521008
0.08144462200521008
0.08144462200521008
0.08144462200521008
0.08144462200521008
0.08144462200521008
0.08144462200521008
0.1792698632120443
0.1792698632120443
0.1792698632120443
0.1792698632120443
0.1792698632120443
0.1792698632120443
0.1792698632120443
0.1792698632120443
0.1792698632120443
0.1792698632120443
0.1792698632120443
0.1792698632120443
0.1792698632120443
0.1792698632120443
0.1792698632120443
0.1792698632120443
0.19102506618877813
0.20121525744959348
0.18946005447285966
0.19102506618877813
0.20121525744959348
0.18946005447285966
0.19102506618877813
0.20121525744959348
0.18946005447285966
0.1792698632120443
0.1792698632120443
0.1792698632120443
0.15011361702921086
0.15011361702921086
0.15011361702921086
0.15011361702921086
0.15011361702921086
0.15011361702921086
0.15011361702921086
0.15011361702921086
0.15011361702921086
0.15011361702921086
0.15011361702921086
0.15011361702921086
0.15011361702921086
0.15011361702921086
0.15011361702921086
0.15011361702921086
0.15011361702921086
0.15011361702921086
0.15011361702921086
0.15011361702921086
0.15011361702921086
0.15011361702921086
0.15011361702921086
0.15011361702921086
0.1792698632120443
0.1792698632120443
0.1792698632120443
0.1792698632120443
0.1792698632120443
0.08144462200521008
0.08144462200521008
0.08144462200521008
0.08144462200521008
0.08144462200521008
0.08144462200521008
0.08144462200521008
0.08144462200521008
0.08144462200521008
0.08144462200521008
0.08144462200521008
0.08144462200521008
0.08144462200521008
0.08144462200521008
0.08144462200521008
0.08144462200521008
0.08144462200521008
0.08144462200521008
0.08144462200521008
0.08144462200521008
0.08144462200521008
0.08144462200521008
0.08144462200521008
0.08144462200521008
0.08144462200521008
0.08144462200521008
0.08144462200521008
0.08144462200521008
0.08144462200521008
0.08144462200521008
0.08144462200521008
0.08144462200521008
0.08144462200521008
0.08144462200521008
0.08144462200521008
0.08144462200521008
0.08144462200521008
0.08144462200521008
0.08144462200521008
0.1792698632120443
0.1792698632120443
0.1792698632120443
0.1792698632120443
0.1792698632120443
0.1792698632120443
0.1792698632120443
0.1792698632120443
0.1792698632120443
0.1792698632120443
0.1792698632120443
0.1792698632120443
0.1792698632120443
0.1792698632120443
0.1792698632120443
0.1792698632120443
0.19102506618877813
0.20121525744959348
0.18946005447285966
0.19102506618877813
0.20121525744959348
0.18946005447285966
0.19102506618877813
0.20121525744959348
0.18946005447285966
0.3189571268024632
0.3006950988266901
0.24641805809741837
0.24033948560129187
0.24720269066908396
0.21060783952853834
0.2370124994082686
0.24720269066908396
0.21060783952853834
0.23867599250478025
0.25052967686210725
0.21559831881807326
0.24366647179431516
0.25552015615164214
0.22058879810760817
0.24865695108385008
0.2605106354411771
0.29778397340250096
0.3294286365362429
0.2888802809923084
0.37539101762766636
0.39327356841516653
0.4111561192026667
0.4483351899097019
0.4855142606167372
0.5226933313237724
0.5598724020308076
0.5942686514676527
0.5995086547216644
0.6047486579756761
0.6099886612296879
0.6152286644836995
0.5226434265308769
0.5226434265308769
0.5226434265308769
0.5226434265308769
0.5226434265308769
0.5226434265308769
0.5226434265308769
0.5226434265308769
0.5226434265308769
0.5226434265308769
0.5226434265308769
0.5226434265308769
0.5226434265308769
0.5226434265308769
0.5134742525829048
0.5043050786349326
0.4951359046869602
0.48596673073898816
0.4951359046869602
0.5043050786349326
0.5134742525829048
0.5226434265308769
0.5226434265308769
0.5226434265308769
0.5226434265308769
0.5226434265308769
0.5226434265308769
0.5226434265308769
0.5226434265308769
0.5226434265308769
0.5226434265308769
0.5226434265308769
0.5226434265308769
0.5226434265308769
0.5226434265308769
0.5226434265308769
0.5226434265308769
0.5226434265308769
0.5226434265308769
0.6204686677377111
0.6204686677377111
0.5802121348021294
0.5399556018665476
0.4996990689309657
0.459442535995384
0.43422398065226747
0.40900542530915096
0.38378686996603445
0.32497601278736366
0.3585683146229179
0.2431550863736991
0.2398281001806758
0.23650111398765253
0.2331741277946293
0.229847141601606
0.22652015540858267
0.2231931692155594
0.2198661830225361
0.2165391968295128
0.2165391968295128
0.2165391968295128
0.21055062168207095
0.20456204653462903
0.22372548700644318
0.24288183922264958
0.23955485302962626
0.23622786683660302
0.20374463446074625
0.200417648267723
0.200417648267723
0.200417648267723
0.200417648267723
0.200417648267723
0.2020811413642346
0.20374463446074625
0.2054081275572579
0.20707162065376955
0.2087351137502812
0.21039860684679282
0.22225229120411982
0.22391578430063147
0.3241886332822312
0.33961882779705826
0.2522854298517628
0.3753910176276663
0.39327356841516653
0.4111561192026667
0.4483351899097019
0.4855142606167372
0.5226933313237724
0.5598724020308076
0.5942686514676527
0.5995086547216644
0.6047486579756761
0.6099886612296879
0.6152286644836995
0.5226434265308769
0.5226434265308769
0.5226434265308769
0.5226434265308769
0.5226434265308769
0.5226434265308769
0.5226434265308769
0.5226434265308769
0.5226434265308769
0.5233800848389246
0.5234155657380539
0.5234624277308574
0.5232036502792823
0.5234918020108931
0.5143239914394194
0.5047304136846879
0.49550152680465676
0.48596673073898816
0.4951359046869602
0.5043050786349326
0.5138458741534119
0.5233566650221384
0.5231159339930247
0.5231175212970746
0.5230880015651688
0.5230539254464949
0.52345788998135
0.5229506973287543
0.523059985072295
0.5226434265308769
0.5226434265308769
0.5226434265308769
0.5226434265308769
0.5226434265308769
0.5226434265308769
0.5226434265308769
0.5226434265308769
0.5228406952996112
0.5226434265308769
0.6204686677377111
0.6204686677377111
0.5802121348021294
0.5399556018665476
0.4996990689309657
0.459442535995384
0.43422398065226747
0.40900542530915096
0.38378686996603445
0.321049194403121
0.3585683146229179
0.2431550863736991
0.2398281001806758
0.23650111398765253
0.2331741277946293
0.229847141601606
0.22652015540858267
0.2231931692155594
0.2198661830225361
0.2165391968295128
0.2165391968295128
0.2165391968295128
0.21055062168207095
0.20456204653462903
0.22372548700644318
0.24288183922264958
0.23955485302962626
0.23622786683660302
0.20374463446074625
0.200417648267723
0.200417648267723
0.200417648267723
0.200417648267723
0.200417648267723
0.2020811413642346
0.20374463446074625
0.2054081275572579
0.20707162065376955
0.2087351137502812
0.21039860684679282
0.21206209994330447
0.21372559303981611
0.33437882454304657
0.33961882779705826
0.2420952385909474
0.3753910176276663
0.39327356841516653
0.4111561192026667
0.4483351899097019
0.4855142606167372
0.5226933313237724
0.5598724020308076
0.5942686514676527
0.5995086547216644
0.6047486579756761
0.6099886612296879
0.6152286644836995
0.5226434265308769
0.5226434265308769
0.5226434265308769
0.5226434265308769
0.5226434265308769
0.5226434265308769
0.5226434265308769
0.5226434265308769
0.5226434265308769
0.5226434265308769
0.5226434265308769
0.5230222174664599
0.5226434265308769
0.523115081543879
0.5138839969958389
0.5051175012057258
0.4962294423214857
0.4867881205430568
0.4962392927451947
0.5051457395164812
0.5145169262505287
0.5229832156476193
0.5226434265308769
0.5226434265308769
0.5226434265308769
0.5226434265308769
0.5226434265308769
0.5226434265308769
0.5226434265308769
0.5226434265308769
0.5226434265308769
0.5226434265308769
0.5226434265308769
0.5226434265308769
0.5226434265308769
0.5226434265308769
0.5226434265308769
0.5226434265308769
0.5226434265308769
0.6204686677377111
0.6204686677377111
0.5802121348021294
0.5399556018665476
0.4996990689309657
0.459442535995384
0.43422398065226747
0.40900542530915096
0.38378686996603445
0.3147960076998216
0.3585683146229179
0.2431550863736991
0.2398281001806758
0.23650111398765253
0.2331741277946293
0.229847141601606
0.22652015540858267
0.2231931692155594
0.2198661830225361
0.2165391968295128
0.2165391968295128
0.2165391968295128
0.21055062168207095
0.20456204653462903
0.22372548700644318
0.24288183922264958
0.23955485302962626
0.23622786683660302
0.20374463446074625
0.200417648267723
0.200417648267723
0.200417648267723
0.200417648267723
0.200417648267723
0.2020811413642346
0.20374463446074625
0.2054081275572579
0.20707162065376955
0.2087351137502812
0.21039860684679282
0.21206209994330447
0.21372559303981611
0.33437882454304657
0.33961882779705826
0.2420952385909474
0.37539101762766636
0.39327356841516653
0.4111561192026667
0.4483351899097019
0.4855142606167372
0.5226933313237724
0.5598724020308076
0.5942686514676527
0.5995086547216644
0.6047486579756761
0.6099886612296879
0.6152286644836995
0.5226434265308769
0.5226434265308769
0.5226434265308769
0.5226434265308769
0.5226434265308769
0.5226434265308769
0.5226434265308769
0.5226434265308769
0.5226434265308769
0.5226434265308769
0.5226434265308769
0.5226434265308769
0.5226434265308769
0.5226434265308769
0.5138311568647088
0.5043050786349326
0.4951359046869602
0.4863089622073585
0.4954847848283866
0.5054704075169719
0.5142197028014898
0.5240423019002988
0.5233934740275324
0.5236977117330283
0.5239613434849287
0.5230636520164382
0.5230141293166003
0.5226434265308769
0.5226434265308769
0.5226434265308769
0.5226434265308769
0.5226434265308769
0.5226434265308769
0.5226434265308769
0.5226434265308769
0.5226434265308769
0.5226434265308769
0.5226434265308769
0.5226434265308769
0.6204686677377111
0.6204686677377111
0.5802121348021294
0.5399556018665476
0.4996990689309657
0.459442535995384
0.43422398065226747
0.40900542530915096
0.38378686996603445
0.30604154631520225
0.3585683146229179
0.25628761166769465
0.2398281001806758
0.23650111398765253
0.2331741277946293
0.229847141601606
0.22652015540858267
0.2231931692155594
0.2198661830225361
0.2165391968295128
0.2165391968295128
0.2165391968295128
0.21055062168207095
0.20456204653462903
0.22372548700644318
0.24288183922264958
0.23955485302962626
0.23622786683660302
0.20374463446074625
0.200417648267723
0.200417648267723
0.200417648267723
0.200417648267723
0.200417648267723
0.2020811413642346
0.20374463446074625
0.2054081275572579
0.20707162065376955
0.2087351137502812
0.21039860684679282
0.21206209994330447
0.21372559303981611
0.33437882454304657
0.3396188277970582
0.2420952385909474
0.37539101762766636
0.39327356841516653
0.4111561192026667
0.4483351899097019
0.4855142606167372
0.5226933313237724
0.5598724020308076
0.5942686514676527
0.5995086547216644
0.6047486579756761
0.6099886612296879
0.6152286644836995
0.5226434265308769
0.5226434265308769
0.5226434265308769
0.5226434265308769
0.5226434265308769
0.5226434265308769
0.5226434265308769
0.5226434265308769
0.5226434265308769
0.5226434265308769
0.5226434265308769
0.5226434265308769
0.5226434265308769
0.5226434265308769
0.5134742525829048
0.5043050786349326
0.4951359046869602
0.48596673073898816
0.4951359046869602
0.5043050786349326
0.5134742525829048
0.5226434265308769
0.5226434265308769
0.5226434265308769
0.5226434265308769
0.5226434265308769
0.5226434265308769
0.5226434265308769
0.5226434265308769
0.5226434265308769
0.5226434265308769
0.5226434265308769
0.5226434265308769
0.5226434265308769
0.5226434265308769
0.5226434265308769
0.5226434265308769
0.5226434265308769
0.5226434265308769
0.6204686677377111
0.6204686677377111
0.5802121348021294
0.5399556018665476
0.4996990689309657
0.459442535995384
0.43422398065226747
0.40900542530915096
0.38378686996603445
0.32664845891162314
0.3585683146229179
0.2431550863736991
0.2398281001806758
0.23650111398765253
0.2331741277946293
0.229847141601606
0.22652015540858267
0.2231931692155594
0.2198661830225361
0.2165391968295128
0.2165391968295128
0.2165391968295128
0.21055062168207095
0.20456204653462903
0.22372548700644318
0.1792698632120443
0.1792698632120443
0.1792698632120443
0.15011361702921086
0.15011361702921086
0.15011361702921086
0.15011361702921086
0.15011361702921086
0.15011361702921086
0.15011361702921086
0.15011361702921086
0.15011361702921086
0.15011361702921086
0.15011361702921086
0.15011361702921086
0.15011361702921086
0.15011361702921086
0.15011361702921086
0.15011361702921086
0.15011361702921086
0.15011361702921086
0.15011361702921086
0.15011361702921086
0.15011361702921086
0.15011361702921086
0.15011361702921086
0.15011361702921086
0.1792698632120443
0.1792698632120443
0.1792698632120443
0.1792698632120443
0.1792698632120443
0.08144462200521008
0.08144462200521008
0.08144462200521008
0.08144462200521008
0.08144462200521008
0.08144462200521008
0.08144462200521008
0.08144462200521008
0.08144462200521008
0.08144462200521008
0.08144462200521008
0.08144462200521008
0.08144462200521008
0.08144462200521008
0.08144462200521008
0.08144462200521008
0.08144462200521008
0.08144462200521008
0.08144462200521008
0.08144462200521008
0.08144462200521008
0.08144462200521008
0.08144462200521008
0.08144462200521008
0.08144462200521008
0.08144462200521008
0.08144462200521008
0.08144462200521008
0.08144462200521008
0.08144462200521008
0.08144462200521008
0.08144462200521008
0.08144462200521008
0.08144462200521008
0.08144462200521008
0.08144462200521008
0.08144462200521008
0.08144462200521008
0.08144462200521008
0.1792698632120443
0.1792698632120443
0.1792698632120443
0.1792698632120443
0.1792698632120443
0.1792698632120443
0.1792698632120443
0.1792698632120443
0.1792698632120443
0.1792698632120443
0.1792698632120443
0.1792698632120443
0.1792698632120443
0.1792698632120443
0.1792698632120443
0.1792698632120443
0.1792698632120443
0.1792698632120443
0.1792698632120443
0.1792698632120443
0.1792698632120443
0.1792698632120443
0.1792698632120443
0.1792698632120443
0.1792698632120443
0.1792698632120443
0.1792698632120443
0.1792698632120443
0.15011361702921086
0.15011361702921086
0.15011361702921086
0.15011361702921086
0.15011361702921086
0.15011361702921086
0.15011361702921086
0.15011361702921086
0.15011361702921086
0.15011361702921086
0.15011361702921086
0.15011361702921086
0.15011361702921086
0.15011361702921086
0.15011361702921086
0.15011361702921086
0.15011361702921086
0.15011361702921086
0.15011361702921086
0.15011361702921086
0.15011361702921086
0.15011361702921086
0.15011361702921086
0.15011361702921086
0.1792698632120443
0.1792698632120443
0.1792698632120443
0.1792698632120443
0.1792698632120443
0.08144462200521008
0.08144462200521008
0.08144462200521008
0.08144462200521008
0.08144462200521008
0.08144462200521008
0.08144462200521008
0.08144462200521008
0.08144462200521008
0.08144462200521008
0.08144462200521008
0.08144462200521008
0.08144462200521008
0.08144462200521008
0.08144462200521008
0.08144462200521008
0.08144462200521008
0.08144462200521008
0.08144462200521008
0.08144462200521008
0.08144462200521008
0.08144462200521008
0.08144462200521008
0.08144462200521008
0.08144462200521008
0.08144462200521008
0.08144462200521008
0.08144462200521008
0.08144462200521008
0.08144462200521008
0.08144462200521008
0.08144462200521008
0.08144462200521008
0.08144462200521008
0.08144462200521008
0.08144462200521008
0.08144462200521008
0.08144462200521008
0.08144462200521008
0.1792698632120443
0.1792698632120443
0.1792698632120443
0.1792698632120443
0.1792698632120443
0.1792698632120443
0.1792698632120443
0.1792698632120443
0.1792698632120443
0.1792698632120443
0.1792698632120443
0.1792698632120443
0.1792698632120443
0.1792698632120443
0.1792698632120443
0.1792698632120443
0.1792698632120443
0.1792698632120443
0.1792698632120443
0.1792698632120443
0.1792698632120443
0.1792698632120443
0.1792698632120443
0.1792698632120443
0.1792698632120443
0.24288183922264958
0.23955485302962626
0.23622786683660302
0.20374463446074625
0.200417648267723
0.200417648267723
0.200417648267723
0.200417648267723
0.200417648267723
0.2020811413642346
0.20374463446074625
0.2054081275572579
0.20707162065376955
0.2087351137502812
0.21039860684679282
0.21206209994330447
0.21372559303981611
0.33437882454304657
0.3396188277970583
0.2420952385909474
0.37539101762766636
0.39327356841516653
0.4111561192026667
0.4483351899097019
0.4855142606167372
0.5226933313237724
0.5598724020308076
0.5942686514676527
0.5995086547216644
0.6047486579756761
0.6099886612296879
0.6152286644836995
0.5226434265308769
0.5226434265308769
0.5226434265308769
0.5226434265308769
0.5226434265308769
0.5234577164563777
0.5238689186829901
0.52428198882182
0.5243924730732522
0.5249472526042825
0.5246924864513212
0.5245792419173297
0.5245023548441958
0.5243580329893129
0.5150844157654128
0.5053266739203864
0.4972436907420115
0.48840129683448014
0.49857901365073
0.5087551068084087
0.5201413724012696
0.5319923958723548
0.5339713754226795
0.5346812420390123
0.5359225306985652
0.5370506566726113
0.5376372455524512
0.5379700712721048
0.5368386544718187
0.5351604716061493
0.5317638682861092
0.5292404087450234
0.5274866998399078
0.5256014890198271
0.5231242309046903
0.5226434265308769
0.5226434265308769
0.5230786568983473
0.5226434265308769
0.6204686677377111
0.6204686677377111
0.5802121348021294
0.5399556018665476
0.4996990689309657
0.459442535995384
0.43422398065226747
0.40900542530915096
0.38378686996603445
0.2701613961361772
0.33108058593321943
0.2562707920723077
0.2398281001806758
0.23650111398765253
0.2331741277946293
0.229847141601606
0.22652015540858267
0.2231931692155594
0.2198661830225361
0.2165391968295128
0.2165391968295128
0.2165391968295128
0.21055062168207095
0.20456204653462903
0.22372548700644318
0.24288183922264958
0.23955485302962626
0.23622786683660302
0.20374463446074625
0.200417648267723
0.200417648267723
0.200417648267723
0.200417648267723
0.200417648267723
0.2020811413642346
0.20374463446074625
0.2054081275572579
0.20707162065376955
0.2087351137502812
0.21039860684679282
0.21206209994330447
0.21372559303981611
0.33437882454304657
0.3396188277970583
0.2420952385909474
0.3753910176276663
0.39327356841516653
0.4111561192026667
0.4483351899097019
0.4855142606167372
0.5226933313237724
0.5598724020308076
0.5942686514676527
0.5995086547216644
0.6047486579756761
0.6099886612296879
0.6152286644836995
0.5226434265308769
0.5226434265308769
0.5226434265308769
0.5229928183878644
0.5237105816435775
0.523793644340167
0.524186889549018
0.5241894565714067
0.5240230897792642
0.5241940386403119
0.5243063965366153
0.524210160758359
0.5241344007020806
0.5242805645514982
0.5151614544080249
0.5057901710712314
0.4968157889285579
0.48740404923343994
0.497583188800677
0.5094088101797292
0.5220355233186957
0.534818437920127
0.5358327852477732
0.5367426475491588
0.5370571378070021
0.53712163666429
0.5367345856415114
0.5363060693419114
0.5367015729963691
0.5371049412329274
0.5365233237408653
0.5355297847625693
0.5320295550955779
0.5293268391192916
0.5262575184684195
0.5234730172707469
0.5226434265308769
0.5231830585122673
0.5226434265308769
0.6204686677377111
0.6204686677377111
0.5802121348021294
0.5399556018665476
0.4996990689309657
0.459442535995384
0.43422398065226747
0.40900542530915096
0.38378686996603445
0.2849683752353073
0.33108058593321943
0.2431550863736991
0.2398281001806758
0.23650111398765253
0.2331741277946293
0.229847141601606
0.22652015540858267
0.2231931692155594
0.2198661830225361
0.2165391968295128
0.2165391968295128
0.2165391968295128
0.21055062168207095
0.20456204653462903
0.22372548700644318
0.24288183922264958
0.23955485302962626
0.23622786683660302
0.20374463446074625
0.200417648267723
0.200417648267723
0.200417648267723
0.200417648267723
0.200417648267723
0.2020811413642346
0.20374463446074625
0.2054081275572579
0.20707162065376955
0.2087351137502812
0.21039860684679282
0.21206209994330447
0.21372559303981611
0.33437882454304657
0.3396188277970583
0.2420952385909474
0.37539101762766636
0.39327356841516653
0.4111561192026667
0.4483351899097019
0.4855142606167372
0.5226933313237724
0.5598724020308076
0.5942686514676527
0.5995086547216644
0.6047486579756761
0.6099886612296879
0.6152286644836995
0.6204686677377111
0.5226434265308769
0.5226434265308769
0.5226434265308769
0.5226434265308769
0.5226434265308769
0.5226434265308769
0.5226434265308769
0.5230214397188
0.5234475481618271
0.5231154938148969
0.5233848187866889
0.5230491976867392
0.523038271119706
0.5138506404378727
0.5043050786349326
0.4951359046869602
0.48596673073898816
0.4951359046869602
0.5043050786349326
0.5146642374898046
0.5241457892547415
0.5242525537150524
0.5230212548081326
0.5234101843510717
0.5230332827595426
0.5235317757556434
0.5235031085388316
0.5243591636169026
0.5235069531480778
0.5234065543548502
0.5226434265308769
0.5226434265308769
0.5226434265308769
0.5226434265308769
0.5226434265308769
0.5226434265308769
0.5228088122704845
0.5226434265308769
0.6204686677377111
0.6204686677377111
0.5802121348021294
0.5399556018665476
0.4996990689309657
0.459442535995384
0.43422398065226747
0.40900542530915096
0.38378686996603445
0.2896653839686631
0.34543578932892227
0.27064281506339755
0.25296062547467135
0.23650111398765253
0.2331741277946293
0.229847141601606
0.22652015540858267
0.2231931692155594
0.2198661830225361
0.2165391968295128
0.2165391968295128
0.2165391968295128
0.21055062168207095
0.20456204653462903
0.22372548700644318
0.24288183922264958
0.23955485302962626
0.23622786683660302
0.20374463446074625
0.200417648267723
0.200417648267723
0.200417648267723
0.200417648267723
0.200417648267723
0.2020811413642346
0.20374463446074625
0.2054081275572579
0.20707162065376955
0.2087351137502812
0.21039860684679282
0.21206209994330447
0.21372559303981611
0.33437882454304657
0.3396188277970583
0.2420952385909474
0.3753910176276663
0.39327356841516653
0.4111561192026667
0.4483351899097019
0.4855142606167372
0.5226933313237724
0.5598724020308076
0.5942686514676527
0.5995086547216644
0.6047486579756761
0.6099886612296879
0.6152286644836995
0.6204686677377111
0.5226434265308769
0.5226434265308769
0.5226434265308769
0.5226434265308769
0.5226434265308769
0.5226434265308769
0.5226434265308769
0.5226434265308769
0.5226434265308769
0.5226434265308769
0.5226434265308769
0.5226434265308769
0.5226434265308769
0.5134742525829048
0.5043050786349326
0.4951359046869602
0.48596673073898816
0.4951359046869602
0.5043050786349326
0.5134742525829048
0.5226434265308769
0.5226434265308769
0.5226434265308769
0.5226434265308769
0.5226434265308769
0.5226434265308769
0.5226434265308769
0.5226434265308769
0.5226434265308769
0.5226434265308769
0.5226434265308769
0.5226434265308769
0.5226434265308769
0.5226434265308769
0.5226434265308769
0.5226434265308769
0.5226434265308769
0.5226434265308769
0.6204686677377111
0.6204686677377111
0.5802121348021294
0.5399556018665476
0.4996990689309657
0.459442535995384
0.43422398065226747
0.40900542530915096
0.38378686996603445
0.3138805166271052
0.34543578932892227
0.24643821769719798
0.25296062547467135
0.23650111398765253
0.2331741277946293
0.229847141601606
0.22652015540858267
0.2231931692155594
0.2198661830225361
0.2165391968295128
0.2165391968295128
0.2165391968295128
0.21055062168207095
0.20456204653462903
0.22372548700644318
0.24288183922264958
0.2408110506400521
0.23622786683660302
0.20374463446074625
0.20167384587814885
0.200417648267723
0.200417648267723
0.20167384587814885
0.200417648267723
0.2020811413642346
0.20500083207117212
0.2054081275572579
0.20707162065376955
0.20999131136070703
0.21039860684679282
0.21206209994330447
0.21498179065024192
0.33437882454304657
0.3396188277970583
0.24335143620137326
0.37539101762766636
0.39327356841516653
0.4124123168130925
0.4483351899097019
0.4855142606167372
0.5239495289341982
0.5598724020308076
0.5942686514676527
0.6007648523320902
0.6047486579756761
0.6099886612296879
0.6164848620941252
0.6204686677377111
0.5226434265308769
0.5238996241413028
0.5226434265308769
0.5226434265308769
0.5226434265308769
0.5226434265308769
0.5226434265308769
0.5226434265308769
0.5226434265308769
0.5226434265308769
0.5226434265308769
0.5226434265308769
0.5226434265308769
0.5134742525829048
0.5043050786349326
0.4951359046869602
0.48596673073898816
0.4951359046869602
0.5043050786349326
0.5134742525829048
0.5226434265308769
0.5226434265308769
0.5226434265308769
0.5226434265308769
0.5226434265308769
0.5226434265308769
0.5226434265308769
0.5226434265308769
0.5226434265308769
0.5226434265308769
0.5226434265308769
0.5226434265308769
0.5226434265308769
0.5226434265308769
0.5226434265308769
0.5226434265308769
0.5226434265308769
0.5226434265308769
0.6204686677377111
0.6204686677377111
0.5802121348021294
0.5399556018665476
0.4996990689309657
0.459442535995384
0.43422398065226747
0.40900542530915096
0.38378686996603445
0.3149997873834394
0.34543578932892227
0.2431550863736991
0.2398281001806758
0.23650111398765253
0.2331741277946293
0.229847141601606
0.22652015540858267
0.2231931692155594
0.2198661830225361
0.2165391968295128
0.2165391968295128
0.2165391968295128
0.21055062168207095
0.20456204653462903
0.22372548700644318
0.1792698632120443
0.1792698632120443
0.1792698632120443
0.15011361702921086
0.15011361702921086
0.15011361702921086
0.15011361702921086
0.15011361702921086
0.15011361702921086
0.15011361702921086
0.15011361702921086
0.15011361702921086
0.15011361702921086
0.15011361702921086
0.15011361702921086
0.15011361702921086
0.15011361702921086
0.15011361702921086
0.15011361702921086
0.15011361702921086
0.15011361702921086
0.15011361702921086
0.15011361702921086
0.15011361702921086
0.15011361702921086
0.15011361702921086
0.15011361702921086
0.1792698632120443
0.1792698632120443
0.1792698632120443
0.1792698632120443
0.1792698632120443
0.1792698632120443
0.08144462200521008
0.08144462200521008
0.08144462200521008
0.08144462200521008
0.08144462200521008
0.08144462200521008
0.08144462200521008
0.08144462200521008
0.08144462200521008
0.08144462200521008
0.08144462200521008
0.08144462200521008
0.08144462200521008
0.08144462200521008
0.08144462200521008
0.08144462200521008
0.08144462200521008
0.08144462200521008
0.08144462200521008
0.08144462200521008
0.08144462200521008
0.08144462200521008
0.08144462200521008
0.08144462200521008
0.08144462200521008
0.08144462200521008
0.08144462200521008
0.08144462200521008
0.08144462200521008
0.08144462200521008
0.08144462200521008
0.08144462200521008
0.08144462200521008
0.08144462200521008
0.08144462200521008
0.08144462200521008
0.08144462200521008
0.08144462200521008
0.1792698632120443
0.1792698632120443
0.1792698632120443
0.1792698632120443
0.1792698632120443
0.1792698632120443
0.1792698632120443
0.1792698632120443
0.1792698632120443
0.1792698632120443
0.1792698632120443
0.1792698632120443
0.1792698632120443
0.1792698632120443
0.1792698632120443
0.1792698632120443
0.1792698632120443
0.1792698632120443
0.1792698632120443
0.1792698632120443
0.1792698632120443
0.1792698632120443
0.1792698632120443
0.1792698632120443
0.1792698632120443
0.1792698632120443
0.1792698632120443
0.1792698632120443
0.15011361702921086
0.15011361702921086
0.15011361702921086
0.15011361702921086
0.15011361702921086
0.15011361702921086
0.15011361702921086
0.15011361702921086
0.15011361702921086
0.15011361702921086
0.15011361702921086
0.15011361702921086
0.15011361702921086
0.15011361702921086
0.15011361702921086
0.15011361702921086
0.15011361702921086
0.15011361702921086
0.15011361702921086
0.15011361702921086
0.15011361702921086
0.15011361702921086
0.15011361702921086
0.15011361702921086
0.1792698632120443
0.1792698632120443
0.1792698632120443
0.1792698632120443
0.1792698632120443
0.1792698632120443
0.08144462200521008
0.08144462200521008
0.08144462200521008
0.08144462200521008
0.08144462200521008
0.08144462200521008
0.08144462200521008
0.08144462200521008
0.08144462200521008
0.08144462200521008
0.08144462200521008
0.08144462200521008
0.08144462200521008
0.08144462200521008
0.08144462200521008
0.08144462200521008
0.08144462200521008
0.08144462200521008
0.08144462200521008
0.08144462200521008
0.08144462200521008
0.08144462200521008
0.08144462200521008
0.08144462200521008
0.08144462200521008
0.08144462200521008
0.08144462200521008
0.08144462200521008
0.08144462200521008
0.08144462200521008
0.08144462200521008
0.08144462200521008
0.08144462200521008
0.08144462200521008
0.08144462200521008
0.08144462200521008
0.08144462200521008
0.08144462200521008
0.1792698632120443
0.1792698632120443
0.1792698632120443
0.1792698632120443
0.1792698632120443
0.1792698632120443
0.1792698632120443
0.1792698632120443
0.1792698632120443
0.1792698632120443
0.1792698632120443
0.1792698632120443
0.1792698632120443
0.1792698632120443
0.1792698632120443
0.1792698632120443
0.1792698632120443
0.1792698632120443
0.1792698632120443
0.1792698632120443
0.1792698632120443
0.1792698632120443
0.1792698632120443
0.1792698632120443
0.1792698632120443
0.24288183922264958
0.23955485302962626
0.23622786683660302
0.20374463446074625
0.200417648267723
0.200417648267723
0.200417648267723
0.200417648267723
0.200417648267723
0.2020811413642346
0.20374463446074625
0.2054081275572579
0.20707162065376955
0.2087351137502812
0.21039860684679282
0.21206209994330447
0.21372559303981611
0.33437882454304657
0.33961882779705826
0.2420952385909474
0.37539101762766636
0.39327356841516653
0.4111561192026667
0.4483351899097019
0.4855142606167372
0.5226933313237724
0.5598724020308076
0.5942686514676527
0.5995086547216644
0.6047486579756761
0.6099886612296879
0.6152286644836995
0.6204686677377111
0.5226434265308769
0.5226434265308769
0.5226434265308769
0.5226434265308769
0.5226434265308769
0.5226434265308769
0.5230027342762885
0.5235013402229678
0.5231434020197602
0.5235612048659748
0.5231614193688712
0.5231361016115422
0.5234586383467759
0.513986638497501
0.5050493277411641
0.4951359046869602
0.48676807294432994
0.49584280260085317
0.5057764597378274
0.5151885396290895
0.5245731507800884
0.5247732624145116
0.5252017748985469
0.5247533364445284
0.5244975833281706
0.5240654785170582
0.5230435354050189
0.5226434265308769
0.5233857328831566
0.5226434265308769
0.5226434265308769
0.5226434265308769
0.5226434265308769
0.5226434265308769
0.5226434265308769
0.5226434265308769
0.5235010577973641
0.5226434265308769
0.6204686677377111
0.6204686677377111
0.5802121348021294
0.5399556018665476
0.4996990689309657
0.459442535995384
0.43422398065226747
0.40900542530915096
0.38378686996603445
0.30317050563606174
0.3585683146229179
0.25628761166769465
0.2398281001806758
0.23650111398765253
0.2331741277946293
0.229847141601606
0.22652015540858267
0.2231931692155594
0.2198661830225361
0.2165391968295128
0.2165391968295128
0.2165391968295128
0.21055062168207095
0.20456204653462903
0.22372548700644318
0.24288183922264958
0.23955485302962626
0.23622786683660302
0.20374463446074625
0.200417648267723
0.200417648267723
0.200417648267723
0.200417648267723
0.200417648267723
0.2020811413642346
0.20374463446074625
0.2054081275572579
0.20707162065376955
0.2087351137502812
0.21039860684679282
0.21206209994330447
0.21372559303981611
0.33437882454304657
0.33961882779705826
0.2420952385909474
0.37539101762766636
0.39327356841516653
0.4111561192026667
0.4483351899097019
0.4855142606167372
0.5226933313237724
0.5598724020308076
0.5942686514676527
0.5995086547216644
0.6047486579756761
0.6099886612296879
0.6152286644836995
0.6204686677377111
0.5226434265308769
0.5226434265308769
0.5226434265308769
0.5226434265308769
0.5226434265308769
0.5226434265308769
0.5226434265308769
0.5226434265308769
0.5238266910466598
0.5243707216172858
0.5238438353810678
0.5230254068497706
0.522945599151356
0.5134742525829048
0.5043050786349326
0.4951359046869602
0.48596673073898816
0.4951359046869602
0.5046832104550484
0.5148317122053812
0.5242285647555727
0.5242365284806473
0.5229446014781303
0.5226434265308769
0.5226434265308769
0.5226434265308769
0.5226434265308769
0.5226434265308769
0.5226434265308769
0.5226434265308769
0.5226434265308769
0.5230310169595487
0.5230272510781211
0.5230032948920101
0.5226434265308769
0.5226434265308769
0.52282920335738
0.5226434265308769
0.6204686677377111
0.6204686677377111
0.5802121348021294
0.5399556018665476
0.4996990689309657
0.459442535995384
0.43422398065226747
0.40900542530915096
0.38378686996603445
0.3016524674676925
0.3585683146229179
0.25628761166769465
0.2398281001806758
0.23650111398765253
0.2331741277946293
0.229847141601606
0.22652015540858267
0.2231931692155594
0.2198661830225361
0.2165391968295128
0.2165391968295128
0.2165391968295128
0.21055062168207095
0.20456204653462903
0.22372548700644318
0.24288183922264958
0.23955485302962626
0.23622786683660302
0.20374463446074625
0.200417648267723
0.200417648267723
0.200417648267723
0.200417648267723
0.200417648267723
0.2020811413642346
0.20374463446074625
0.2054081275572579
0.20707162065376955
0.2087351137502812
0.21039860684679282
0.21206209994330447
0.21372559303981611
0.33437882454304657
0.3396188277970582
0.2420952385909474
0.37539101762766636
0.39327356841516653
0.4111561192026667
0.4483351899097019
0.4855142606167372
0.5226933313237724
0.5598724020308076
0.5942686514676527
0.5995086547216644
0.6047486579756761
0.6099886612296879
0.6152286644836995
0.6204686677377111
0.5226434265308769
0.5226434265308769
0.5226434265308769
0.5226434265308769
0.5226434265308769
0.5226434265308769
0.5226434265308769
0.5235167316561321
0.5235476908153147
0.5236340274469966
0.5236508962411249
0.5240739582795622
0.5242521444058865
0.5152768963914889
0.5059177961908
0.4966306221273907
0.4872556193041603
0.496022594609381
0.5057926777233404
0.5172469377113097
0.5273895882262358
0.5271645811162355
0.5269185535995798
0.5290860350193601
0.5312806086166167
0.532980858490342
0.5345028876612855
0.5338643220117714
0.5327206576443185
0.5308417702441605
0.528984121057784
0.5272565238555846
0.5254154982387487
0.5234125701072865
0.5226434265308769
0.5226434265308769
0.5234443061247648
0.5226434265308769
0.6204686677377111
0.6204686677377111
0.5802121348021294
0.5399556018665476
0.4996990689309657
0.459442535995384
0.43422398065226747
0.40900542530915096
0.38378686996603445
0.29794842436157437
0.34543578932892227
0.2601367948282011
0.25296062547467135
0.23650111398765253
0.2331741277946293
0.229847141601606
0.22652015540858267
0.2231931692155594
0.2198661830225361
0.2165391968295128
0.2165391968295128
0.2165391968295128
0.21055062168207095
0.20456204653462903
0.22372548700644318
0.24288183922264958
0.23955485302962626
0.23622786683660302
0.20374463446074625
0.200417648267723
0.200417648267723
0.200417648267723
0.200417648267723
0.200417648267723
0.2020811413642346
0.20374463446074625
0.2054081275572579
0.20707162065376955
0.2087351137502812
0.21039860684679282
0.21206209994330447
0.21372559303981611
0.33437882454304657
0.3396188277970582
0.2420952385909474
0.37539101762766636
0.39327356841516653
0.4111561192026667
0.4483351899097019
0.4855142606167372
0.5226933313237724
0.5598724020308076
0.5942686514676527
0.5995086547216644
0.6047486579756761
0.6099886612296879
0.6152286644836995
0.6204686677377111
0.5226434265308769
0.5226434265308769
0.5226434265308769
0.5226434265308769
0.5226434265308769
0.5226434265308769
0.5226434265308769
0.5226434265308769
0.5226434265308769
0.5226434265308769
0.5226434265308769
0.5226434265308769
0.5226434265308769
0.5134742525829048
0.5043050786349326
0.4951359046869602
0.48596673073898816
0.4951359046869602
0.5043050786349326
0.5134742525829048
0.5226434265308769
0.5226434265308769
0.5226434265308769
0.5226434265308769
0.5226434265308769
0.5226434265308769
0.5226434265308769
0.5226434265308769
0.5226434265308769
0.5226434265308769
0.5226434265308769
0.5226434265308769
0.5226434265308769
0.5226434265308769
0.5226434265308769
0.5226434265308769
0.5226434265308769
0.5226434265308769
0.6204686677377111
0.6204686677377111
0.5802121348021294
0.5399556018665476
0.4996990689309657
0.459442535995384
0.43422398065226747
0.40900542530915096
0.38378686996603445
0.31718854159910537
0.3585683146229179
0.2431550863736991
0.2398281001806758
0.23650111398765253
0.2331741277946293
0.229847141601606
0.22652015540858267
0.2231931692155594
0.2198661830225361
0.2165391968295128
0.2165391968295128
0.2165391968295128
0.21055062168207095
0.20456204653462903
0.22372548700644318
0.24288183922264958
0.23955485302962626
0.23622786683660302
0.20374463446074625
0.200417648267723
0.200417648267723
0.200417648267723
0.200417648267723
0.200417648267723
0.2020811413642346
0.20374463446074625
0.2054081275572579
0.20707162065376955
0.2087351137502812
0.21039860684679282
0.21206209994330447
0.21372559303981611
0.33437882454304657
0.33961882779705826
0.2420952385909474
0.37539101762766636
0.39327356841516653
0.4111561192026667
0.4483351899097019
0.4855142606167372
0.5226933313237724
0.5598724020308076
0.5942686514676527
0.5995086547216644
0.6047486579756761
0.6099886612296879
0.6152286644836995
0.6204686677377111
0.5226434265308769
0.5226434265308769
0.5226434265308769
0.5226434265308769
0.5226434265308769
0.5226434265308769
0.5226434265308769
0.5226434265308769
0.5226434265308769
0.5226434265308769
0.5226434265308769
0.5226434265308769
0.5226434265308769
0.5134742525829048
0.5043050786349326
0.4951359046869602
0.48596673073898816
0.4951359046869602
0.5043050786349326
0.5134742525829048
0.5226434265308769
0.5226434265308769
0.5226434265308769
0.5226434265308769
0.5226434265308769
0.5226434265308769
0.5226434265308769
0.5226434265308769
0.5226434265308769
0.5226434265308769
0.5226434265308769
0.5226434265308769
0.5226434265308769
0.5226434265308769
0.5226434265308769
0.5226434265308769
0.5226434265308769
0.5226434265308769
0.6204686677377111
0.6204686677377111
0.5802121348021294
0.5399556018665476
0.4996990689309657
0.459442535995384
0.43422398065226747
0.40900542530915096
0.38378686996603445
0.305991698451651
0.34543578932892227
0.2431550863736991
0.2398281001806758
0.23650111398765253
0.2331741277946293
0.229847141601606
0.22652015540858267
0.2231931692155594
0.2198661830225361
0.2165391968295128
0.2165391968295128
0.2165391968295128
0.21055062168207095
0.20456204653462903
0.22372548700644318
0.1792698632120443
0.1792698632120443
0.1792698632120443
0.15011361702921086
0.15011361702921086
0.15011361702921086
0.15011361702921086
0.15011361702921086
0.15011361702921086
0.15011361702921086
0.15011361702921086
0.15011361702921086
0.15011361702921086
0.15011361702921086
0.15011361702921086
0.15011361702921086
0.15011361702921086
0.15011361702921086
0.15011361702921086
0.15011361702921086
0.15011361702921086
0.15011361702921086
0.15011361702921086
0.15011361702921086
0.15011361702921086
0.15011361702921086
0.15011361702921086
0.1792698632120443
0.1792698632120443
0.1792698632120443
0.1792698632120443
0.1792698632120443
0.1792698632120443
0.08144462200521008
0.08144462200521008
0.08144462200521008
0.08144462200521008
0.08144462200521008
0.08144462200521008
0.08144462200521008
0.08144462200521008
0.08144462200521008
0.08144462200521008
0.08144462200521008
0.08144462200521008
0.08144462200521008
0.08144462200521008
0.08144462200521008
0.08144462200521008
0.08144462200521008
0.08144462200521008
0.08144462200521008
0.08144462200521008
0.08144462200521008
0.08144462200521008
0.08144462200521008
0.08144462200521008
0.08144462200521008
0.08144462200521008
0.08144462200521008
0.08144462200521008
0.08144462200521008
0.08144462200521008
0.08144462200521008
0.08144462200521008
0.08144462200521008
0.08144462200521008
0.08144462200521008
0.08144462200521008
0.08144462200521008
0.08144462200521008
0.1792698632120443
0.1792698632120443
0.1792698632120443
0.1792698632120443
0.1792698632120443
0.1792698632120443
0.1792698632120443
0.1792698632120443
0.1792698632120443
0.1792698632120443
0.1792698632120443
0.1792698632120443
0.1792698632120443
0.1792698632120443
0.1792698632120443
0.1792698632120443
0.1792698632120443
0.1792698632120443
0.1792698632120443
0.1792698632120443
0.1792698632120443
0.1792698632120443
0.1792698632120443
0.1792698632120443
0.1792698632120443
0.1792698632120443
0.1792698632120443
0.1792698632120443
0.15011361702921086
0.15011361702921086
0.15011361702921086
0.15011361702921086
0.15011361702921086
0.15011361702921086
0.15011361702921086
0.15011361702921086
0.15011361702921086
0.15011361702921086
0.15011361702921086
0.15011361702921086
0.15011361702921086
0.15011361702921086
0.15011361702921086
0.15011361702921086
0.15011361702921086
0.15011361702921086
0.15011361702921086
0.15011361702921086
0.15011361702921086
0.15011361702921086
0.15011361702921086
0.15011361702921086
0.1792698632120443
0.1792698632120443
0.1792698632120443
0.1792698632120443
0.1792698632120443
0.1792698632120443
0.08144462200521008
0.08144462200521008
0.08144462200521008
0.08144462200521008
0.08144462200521008
0.08144462200521008
0.08144462200521008
0.08144462200521008
0.08144462200521008
0.08144462200521008
0.08144462200521008
0.08144462200521008
0.08144462200521008
0.08144462200521008
0.08144462200521008
0.08144462200521008
0.08144462200521008
0.08144462200521008
0.08144462200521008
0.08144462200521008
0.08144462200521008
0.08144462200521008
0.08144462200521008
0.08144462200521008
0.08144462200521008
0.08144462200521008
0.08144462200521008
0.08144462200521008
0.08144462200521008
0.08144462200521008
0.08144462200521008
0.08144462200521008
0.08144462200521008
0.08144462200521008
0.08144462200521008
0.08144462200521008
0.08144462200521008
0.08144462200521008
0.1792698632120443
0.1792698632120443
0.1792698632120443
0.1792698632120443
0.1792698632120443
0.1792698632120443
0.1792698632120443
0.1792698632120443
0.1792698632120443
0.1792698632120443
0.1792698632120443
0.1792698632120443
0.1792698632120443
0.1792698632120443
0.1792698632120443
0.1792698632120443
0.1792698632120443
0.1792698632120443
0.1792698632120443
0.1792698632120443
0.1792698632120443
0.1792698632120443
0.1792698632120443
0.1792698632120443
0.1792698632120443
0.24288183922264958
0.23955485302962626
0.23622786683660302
0.20374463446074625
0.200417648267723
0.200417648267723
0.200417648267723
0.200417648267723
0.200417648267723
0.2020811413642346
0.20374463446074625
0.2054081275572579
0.20707162065376955
0.2087351137502812
0.21039860684679282
0.21206209994330447
0.21372559303981611
0.33437882454304657
0.3396188277970583
0.2420952385909474
0.3753910176276663
0.39327356841516653
0.4111561192026667
0.4483351899097019
0.4855142606167372
0.5226933313237724
0.5598724020308076
0.5942686514676527
0.5995086547216644
0.6047486579756761
0.6099886612296879
0.6152286644836995
0.6204686677377111
0.5226434265308769
0.5226434265308769
0.5226434265308769
0.5226434265308769
0.5226434265308769
0.5226434265308769
0.5226434265308769
0.5226434265308769
0.5226434265308769
0.5226434265308769
0.5226434265308769
0.5226434265308769
0.5226434265308769
0.5134742525829048
0.5043050786349326
0.4951359046869602
0.48596673073898816
0.4951359046869602
0.5043050786349326
0.5134742525829048
0.5226434265308769
0.5226434265308769
0.5226434265308769
0.5226434265308769
0.5226434265308769
0.5226434265308769
0.5226434265308769
0.5226434265308769
0.5226434265308769
0.5226434265308769
0.5226434265308769
0.5226434265308769
0.5226434265308769
0.5226434265308769
0.5226434265308769
0.5226434265308769
0.5226434265308769
0.5226434265308769
0.6204686677377111
0.6204686677377111
0.5802121348021294
0.5399556018665476
0.4996990689309657
0.459442535995384
0.43422398065226747
0.40900542530915096
0.38378686996603445
0.25875010050748604
0.33108058593321943
0.29865074692756133
0.2541833035763787
0.23650111398765253
0.2331741277946293
0.229847141601606
0.22652015540858267
0.2231931692155594
0.2198661830225361
0.2165391968295128
0.2165391968295128
0.2165391968295128
0.21055062168207095
0.20456204653462903
0.22372548700644318
