0.0
0.0
0.0
0.0
0.0
0.0
0.0
0.0
0.0
0.0
0.0
0.0
0.0
0.0
0.0
0.0
0.0
0.0
0.0
0.0
0.0
0.0
0.0
0.0
0.0
0.0
0.0
0.0
0.0
0.0
0.0
0.11603
0.25359
0.34745
0.45851
0.53812
0.6215499999999999
0.68816
0.75566
0.8135399999999999
0.86193
0.90814
0.95248
0.9897100000000001
1.02421
1.0498399999999999
1.0722
1.08763
1.09947
1.10459
1.10598
1.0994000000000002
1.0891600000000001
1.07216
1.0517
1.02273
0.99075
0.95186
0.91062
0.86964
0.81767
0.75647
0.69516
0.62213
0.55103
0.4639
0.38183
0.2706
0.13276
0.0596
0.0
0.0
0.0
0.0
0.0
0.0
0.0
0.0
0.0
0.0
0.0
0.0
0.0
0.0
0.0
0.0
0.0
0.0
0.0
0.0
0.0
0.0
0.0
0.0
0.0
0.0
0.0
0.0
0.0
0.0
0.0
0.0
0.0
0.0
0.0
0.0
0.0
0.0
0.0
0.0
0.0
0.0
0.0
0.0
0.0
0.0
0.0
0.0
0.0
0.0
0.0
0.0
0.0
0.0
0.0
0.0
0.0
0.14289
0.29575
0.38668
0.48305000000000003
0.55328
0.63017
0.69437
0.75961
0.81491
0.86938
0.9154800000000001
0.95962
0.9963500000000001
1.03026
1.05653
1.07945
1.09533
1.10753
1.11271
1.11406
1.10852
1.0991900000000001
1.08243
1.0620999999999998
1.03423
1.00321
0.96509
0.92447
0.8762000000000001
0.82635
0.7675299999999999
0.70856
0.63763
0.56878
0.48632
0.41097
0.28933
0.15435
0.0691
0.0
0.0
0.0
0.0
0.0
0.0
0.0
0.0
0.0
0.0
0.0
0.0
0.0
0.0
0.0
0.0
0.0
0.0
0.0
0.0
0.0
0.0
0.0
0.0
0.0
0.0
0.0
0.0
0.0
0.0
0.0
0.0
0.0
0.0
0.0
0.0
0.0
0.0
0.0
0.0
0.0
0.0
0.0
0.0
0.0
0.0
0.0
0.0
0.0
0.0
0.0
0.0
0.0
0.0
0.0
0.0
0.0
0.014
0.0145
0.02373
0.0335
0.055869999999999996
0.08738
0.20148
0.32796
0.33457
0.32047000000000003
0.31211
0.30121
0.25992000000000004
0.2383
0.20648
0.17462
0.22722
0.28202
0.23883000000000001
0.17623
0.15968000000000002
0.14356
0.10642
0.07152
0.0576
0.04444
0.041729999999999996
0.03903
0.038630000000000005
0.03824
0.03169
0.025160000000000002
0.02132
0.0175
0.01444
0.01139
0.00796
0.00454
0.0023599999999999997
0.0
0.0
0.0
0.0
0.0
0.0
0.0
0.0
0.0
0.0
0.0
0.0
0.0
0.0
0.0
0.0
0.0
0.0
0.0
0.0
0.0
0.0
0.0
0.0
0.0
0.0
0.0
0.0
0.0
0.0
0.0
0.0
0.0
0.0
0.0
0.0
0.0
0.0
0.0
0.0
0.0
0.0
0.0
0.0
0.0
0.0
0.0
0.0
0.0
0.0
0.0
0.0
0.0
0.0
0.0
0.0
0.0
0.11117
0.24835
0.34046
0.43113999999999997
0.50959
0.59196
0.65965
0.7285
0.7875
0.84604
0.89458
0.9313400000000001
0.9692200000000001
1.00459
1.03427
1.06088
1.0823900000000002
1.1004500000000002
1.10592
1.1076400000000002
1.10141
1.09148
1.07527
1.05558
1.02782
0.99698
0.958
0.91661
0.86751
0.82504
0.76436
0.70348
0.63051
0.55937
0.47035000000000005
0.38679
0.28239
0.16903
0.06611
0.0
0.0
0.0
0.0
0.0
0.0
0.0
0.0
0.0
0.0
0.0
0.0
0.0
0.0
0.0
0.0
0.0
0.0
0.0
0.0
0.0
0.0
0.0
0.0
0.0
0.0
0.0
0.0
0.0
0.0
0.0
0.0
0.0
0.0
0.0
0.0
0.0
0.0
0.0
0.0
0.0
0.0
0.0
0.0
0.0
0.0
0.0
0.0
0.0
0.0
0.0
0.0
0.0
0.0
0.0
0.0
0.0
0.12811
0.27014
0.36235
0.45993
0.53553
0.61466
0.68047
0.74717
0.79486
0.8490599999999999
0.8959600000000001
0.9410599999999999
0.97939
1.01509
1.04216
1.066
1.0825799999999999
1.0956
1.10139
1.10342
1.09727
1.08742
1.07075
1.0506
1.02301
0.99236
0.95516
0.91551
0.8669
0.81676
0.75835
0.70645
0.63621
0.56757
0.48248
0.40238
0.29179
0.18952000000000002
0.07432
0.0
0.0
0.0
0.0
0.0
0.0
0.0
0.0
0.0
0.0
0.0
0.0
0.0
0.0
0.0
0.0
0.0
0.0
0.0
0.0
0.0
0.0
0.0
0.0
0.0
0.0
0.0
0.0
0.0
0.0
0.0
0.0
0.0
0.0
0.0
0.0
0.0
0.0
0.0
0.0
0.0
0.0
0.0
0.0
0.0
0.0
0.0
0.0
0.0
0.0
0.0
0.0
0.0
0.0
0.0
0.0
0.0
0.12292
0.26108
0.36091
0.46769
0.5441699999999999
0.6243
0.68352
0.74903
0.81108
0.87286
0.9244
0.9742999999999999
1.01238
1.0476400000000001
1.07504
1.0990799999999998
1.11456
1.12628
1.12229
1.1144100000000001
1.10918
1.10017
1.08393
1.06413
1.03681
1.00633
0.96921
0.9295599999999999
0.88039
0.82962
0.7716000000000001
0.7133700000000001
0.64924
0.57989
0.49621
0.41713
0.30549
0.19544
0.0798
0.0
0.0
0.0
0.0
0.0
0.0
0.0
0.0
0.0
0.0
0.0
0.0
0.0
0.0
0.0
0.0
0.0
0.0
0.0
0.0
0.0
0.0
0.0
0.0
0.0
0.0
0.0
0.0
0.0
0.0
0.0
0.0
0.0
0.0
0.0
0.0
0.0
0.0
0.0
0.0
0.0
0.0
0.0
0.0
0.0
0.0
0.0
0.0
0.0
0.0
0.0
0.0
0.0
0.0
0.0
0.0
0.0
0.12854
0.27027999999999996
0.35875999999999997
0.45189999999999997
0.52686
0.60551
0.6620199999999999
0.7182799999999999
0.78252
0.83811
0.87537
0.90999
0.9465399999999999
0.98046
1.01322
1.04318
1.05971
1.07273
1.07142
1.0664200000000001
1.06062
1.05128
1.04148
1.02805
0.98521
0.95111
0.83384
0.71401
0.68348
0.65085
0.61788
0.58259
0.48854000000000003
0.40049
0.30083
0.21719
0.16997
0.11435
0.04045
0.0
0.0
0.0
0.0
0.0
0.0
0.0
0.0
0.0
0.0
0.0
0.0
0.0
0.0
0.0
0.0
0.0
0.0
0.0
0.0
0.0
0.0
0.0
0.0
0.0
0.0
0.0
0.0
0.0
0.0
0.0
0.0
0.0
0.0
0.0
0.0
0.0
0.0
0.0
0.0
0.0
0.0
0.0
0.0
0.0
0.0
0.0
0.0
0.0
0.0
0.0
0.0
0.0
0.0
0.0
0.0
0.0
0.09176999999999999
0.21325
0.29846
0.38964
0.46296
0.5409299999999999
0.60494
0.6654800000000001
0.7199800000000001
0.77403
0.80267
0.8344
0.86039
0.88342
0.7356900000000001
0.56497
0.52207
0.45292
0.37544
0.2738
0.23143
0.17141
0.16104
0.15093
0.14295
0.13516999999999998
0.13118000000000002
0.12746
0.10739
0.08771
0.05337
0.024390000000000002
0.019030000000000002
0.01368
0.01139
0.0091
0.00644
0.00378
0.00197
0.0
0.0
0.0
0.0
0.0
0.0
0.0
0.0
0.0
0.0
0.0
0.0
0.0
0.0
0.0
0.0
0.0
0.0
0.0
0.0
0.0
0.0
0.0
0.0
0.0
0.0
0.0
0.0
0.0
0.0
0.0
0.0
0.0
0.0
0.0
0.0
0.0
0.0
0.0
0.0
0.0
0.0
0.0
0.0
0.0
0.0
0.0
0.0
0.0
0.0
0.0
0.0
0.0
0.0
0.0
0.0
0.0
0.09142
0.21162
0.29975999999999997
0.39503
0.46794
0.5404500000000001
0.60609
0.67327
0.7295499999999999
0.78562
0.83197
0.87679
0.9041
0.93916
0.9656699999999999
0.98926
1.0049299999999999
1.01732
1.0210599999999999
1.02135
1.01499
1.00528
0.98338
0.94625
0.93716
0.9240499999999999
0.88697
0.84773
0.80076
0.7525299999999999
0.69421
0.6360399999999999
0.56698
0.50526
0.3357
0.17809
0.16659000000000002
0.13725
0.05207
0.0
0.0
0.0
0.0
0.0
0.0
0.0
0.0
0.0
0.0
0.0
0.0
0.0
0.0
0.0
0.0
0.0
0.0
0.0
0.0
0.0
0.0
0.0
0.0
0.0
0.0
0.0
0.0
0.0
0.0
0.0
0.0
0.0
0.0
0.0
0.0
0.0
0.0
0.0
0.0
0.0
0.0
0.0
0.0
0.0
0.0
0.0
0.0
0.0
0.0
0.0
0.0
0.0
0.0
0.0
0.0
0.0
0.01557
0.02181
0.04113
0.05994
0.08993000000000001
0.11367000000000001
0.08081
0.0601
0.07016
0.08866
0.12
0.1682
0.13146000000000002
0.0963
0.16003
0.21442
0.22163999999999998
0.22897
0.17805
0.14931999999999998
0.16216
0.17524
0.17822
0.18142
0.21353
0.22575
0.20956
0.19379
0.18005000000000002
0.16654
0.17076
0.17335
0.36669
0.48898
0.43217
0.37697
0.28992
0.19857
0.08233
0.0
0.0
0.0
0.0
0.0
0.0
0.0
0.0
0.0
0.0
0.0
0.0
0.0
0.0
0.0
0.0
0.0
0.0
0.0
0.0
0.0
0.0
0.0
0.0
0.0
0.0
0.0
0.0
0.0
0.0
0.0
0.0
0.0
0.0
0.0
0.0
0.0
0.0
0.0
0.0
0.0
0.0
0.0
0.0
0.0
0.0
0.0
0.0
0.0
0.0
0.0
0.0
0.0
0.0
0.0
0.0
0.0
0.005679999999999999
0.00302
0.0053
0.00758
0.011009999999999999
0.01444
0.02248
0.030539999999999998
0.02786
0.02518
0.03864
0.05216
0.06069
0.06983
0.06620999999999999
0.06305
0.08936
0.11767
0.11712
0.11668
0.10729000000000001
0.09813
0.10384
0.10978
0.12090000000000001
0.1326
0.10997
0.08803
0.0887
0.0896
0.08051
0.07157
0.06887
0.06687
0.04879
0.03083
0.023170000000000003
0.01632
0.01067
0.0
0.0
0.0
0.0
0.0
0.0
0.0
0.0
0.0
0.0
0.0
0.0
0.0
0.0
0.0
0.0
0.0
0.0
0.0
0.0
0.0
0.0
0.0
0.0
0.0
0.0
0.0
0.0
0.0
0.0
0.0
0.0
0.0
0.0
0.0
0.0
0.0
0.0
0.0
0.0
0.0
0.0
0.0
0.0
0.0
0.0
0.0
0.0
0.0
0.0
0.0
0.0
0.0
0.0
0.0
0.0
0.0
0.05046
0.12433
0.21418
0.31477
0.22537000000000001
0.09545999999999999
0.12997
0.15971000000000002
0.17822
0.18328
0.20606
0.22903
0.23346
0.25706
0.15178
0.04757
0.05028
0.05299
0.04604
0.0391
0.04256
0.04603
0.06561
0.08744
0.1002
0.11345000000000001
0.07379000000000001
0.03904
0.09074
0.14375
0.14617
0.14806
0.09745000000000001
0.04485
0.03514
0.02598
0.018690000000000002
0.01125
0.0067
0.0
0.0
0.0
0.0
0.0
0.0
0.0
0.0
0.0
0.0
0.0
0.0
0.0
0.0
0.0
0.0
0.0
0.0
0.0
0.0
0.0
0.0
0.0
0.0
0.0
0.0
0.0
0.0
0.0
0.0
0.0
0.0
0.0
0.0
0.0
0.0
0.0
0.0
0.0
0.0
0.0
0.0
0.0
0.0
0.0
0.0
0.0
0.0
0.0
0.0
0.0
0.0
0.0
0.0
0.0
0.0
0.0
0.032729999999999995
0.08248
0.23984
0.40843
0.48355000000000004
0.57072
0.63802
0.70675
0.7646799999999999
0.8222200000000001
0.85945
0.9036000000000001
0.94141
0.97677
0.9906900000000001
1.01269
1.03378
1.0638599999999998
1.0713499999999998
1.07519
1.04942
1.03265
1.00137
0.96717
0.9814299999999999
0.9785900000000001
0.9429500000000001
0.90477
0.85927
0.8120700000000001
0.75644
0.70037
0.6435299999999999
0.58041
0.50175
0.42719
0.33364
0.24425999999999998
0.10726999999999999
0.0
0.0
0.0
0.0
0.0
0.0
0.0
0.0
0.0
0.0
0.0
0.0
0.0
0.0
0.0
0.0
0.0
0.0
0.0
0.0
0.0
0.0
0.0
0.0
0.0
0.0
0.0
0.0
0.0
0.0
0.0
0.0
0.0
0.0
0.0
0.0
0.0
0.0
0.0
0.0
0.0
0.0
0.0
0.0
0.0
0.0
0.0
0.0
0.0
0.0
0.0
0.0
0.0
0.0
0.0
0.0
0.00551
0.12556
0.26621
0.35614999999999997
0.45239999999999997
0.52892
0.60925
0.6759299999999999
0.7364400000000001
0.79338
0.84977
0.8977999999999999
0.94396
0.9821599999999999
1.0176399999999999
1.0460699999999998
1.07124
1.08944
1.10401
1.11028
1.11275
1.10883
1.1011099999999998
1.03742
0.95816
0.89755
0.82909
0.7257
0.6184700000000001
0.63906
0.6625800000000001
0.6219600000000001
0.58026
0.54332
0.50384
0.38212
0.27102
0.16733
0.05521
0.0286
0.0
0.0
0.0
0.0
0.0
0.0
0.0
0.0
0.0
0.0
0.0
0.0
0.0
0.0
0.0
0.0
0.0
0.0
0.0
0.0
0.0
0.0
0.0
0.0
0.0
0.0
0.0
0.0
0.0
0.0
0.0
0.0
0.0
0.0
0.0
0.0
0.0
0.0
0.0
0.0
0.0
0.0
0.0
0.0
0.0
0.0
0.0
0.0
0.0
0.0
0.0
0.0
0.0
0.0
0.0
0.0
0.004719999999999999
0.10712999999999999
0.24283000000000002
0.32600999999999997
0.41713
0.48486
0.56262
0.62864
0.69599
0.754
0.81165
0.86078
0.90834
0.93704
0.97334
1.0032699999999999
1.03026
1.05077
1.0678800000000002
1.07505
1.07857
1.0758599999999998
1.06947
1.05375
1.03457
1.00977
0.98188
0.9451
0.90586
0.85638
0.81413
0.75734
0.70016
0.6309199999999999
0.56324
0.48202
0.40522
0.31601
0.22772
0.09967000000000001
0.0
0.0
0.0
0.0
0.0
0.0
0.0
0.0
0.0
0.0
0.0
0.0
0.0
0.0
0.0
0.0
0.0
0.0
0.0
0.0
0.0
0.0
0.0
0.0
0.0
0.0
0.0
0.0
0.0
0.0
0.0
0.0
0.0
0.0
0.0
0.0
0.0
0.0
0.0
0.0
0.0
0.0
0.0
0.0
0.0
0.0
0.0
0.0
0.0
0.0
0.0
0.0
0.0
0.0
0.0
0.0
0.004719999999999999
0.1077
0.24312
0.32518
0.41048
0.48385
0.5611499999999999
0.62559
0.69129
0.70297
0.71466
0.70487
0.67899
0.6668999999999999
0.6493300000000001
0.69363
0.73737
0.71942
0.69816
0.65286
0.6297699999999999
0.61317
0.59548
0.57352
0.55084
0.5687000000000001
0.58376
0.57565
0.58699
0.48141
0.40226999999999996
0.34937999999999997
0.28238
0.23661000000000001
0.19371000000000002
0.16713999999999998
0.14059
0.09816
0.0582
0.025
0.0
0.0
0.0
0.0
0.0
0.0
0.0
0.0
0.0
0.0
0.0
0.0
0.0
0.0
0.0
0.0
0.0
0.0
0.0
0.0
0.0
0.0
0.0
0.0
0.0
0.0
0.0
0.0
0.0
0.0
0.0
0.0
0.0
0.0
0.0
0.0
0.0
0.0
0.0
0.0
0.0
0.0
0.0
0.0
0.0
0.0
0.0
0.0
0.0
0.0
0.0
0.0
0.0
0.0
0.0
0.0
0.00157
0.00511
0.00835
0.011009999999999999
0.01368
0.016730000000000002
0.01979
0.02401
0.028239999999999998
0.04018
0.052219999999999996
0.06168
0.07196999999999999
0.07879000000000001
0.08568
0.08901
0.09240000000000001
0.09093000000000001
0.08954999999999999
0.10263
0.11608
0.09984
0.0841
0.09745000000000001
0.11118
0.10443000000000001
0.09776
0.07886
0.06069
0.05763
0.05454
0.04636
0.03824
0.03246
0.026699999999999998
0.02171
0.016739999999999998
0.012150000000000001
0.00758
0.00433
0.00079
0.0
0.0
0.0
0.0
0.0
0.0
0.0
0.0
0.0
0.0
0.0
0.0
0.0
0.0
0.0
0.0
0.0
0.0
0.0
0.0
0.0
0.0
0.0
0.0
0.0
0.0
0.0
0.0
0.0
0.0
0.0
0.0
0.0
0.0
0.0
0.0
0.0
0.0
0.0
0.0
0.0
0.0
0.0
0.0
0.0
0.0
0.0
0.0
0.0
0.0
0.0
0.0
0.0
0.0
0.0
0.00079
0.00433
0.00758
0.15996000000000002
0.30575
0.45241000000000003
0.6127999999999999
0.6791
0.74615
0.80304
0.85895
0.90883
0.9468799999999999
0.98656
1.02361
1.05277
1.0786900000000001
1.09703
1.11176
1.11958
1.12358
1.11901
1.1106800000000001
1.09587
1.07743
1.05142
1.02214
0.9860399999999999
0.95713
0.90889
0.8586900000000001
0.80086
0.74224
0.67475
0.60811
0.5287200000000001
0.45288
0.35869999999999996
0.27302
0.14825
0.03703
0.0
0.0
0.0
0.0
0.0
0.0
0.0
0.0
0.0
0.0
0.0
0.0
0.0
0.0
0.0
0.0
0.0
0.0
0.0
0.0
0.0
0.0
0.0
0.0
0.0
0.0
0.0
0.0
0.0
0.0
0.0
0.0
0.0
0.0
0.0
0.0
0.0
0.0
0.0
0.0
0.0
0.0
0.0
0.0
0.0
0.0
0.0
0.0
0.0
0.0
0.0
0.0
0.0
0.0
0.0
0.03646
0.14722
0.27086
0.35811000000000004
0.45315
0.5298099999999999
0.61005
0.6770499999999999
0.74482
0.80322
0.86061
0.91049
0.9584400000000001
0.99954
1.0379200000000002
1.06772
1.09417
1.10114
1.1165999999999998
1.12444
1.12851
1.12518
1.11807
1.10344
1.0973199999999999
1.07044
1.0402
1.0030599999999998
0.96313
0.9150900000000001
0.8650800000000001
0.80544
0.7451
0.67564
0.6071599999999999
0.5257000000000001
0.448
0.35327
0.27595
0.15225
0.046990000000000004
0.0
0.0
0.0
0.0
0.0
0.0
0.0
0.0
0.0
0.0
0.0
0.0
0.0
0.0
0.0
0.0
0.0
0.0
0.0
0.0
0.0
0.0
0.0
0.0
0.0
0.0
0.0
0.0
0.0
0.0
0.0
0.0
0.0
0.0
0.0
0.0
0.0
0.0
0.0
0.0
0.0
0.0
0.0
0.0
0.0
0.0
0.0
0.0
0.0
0.0
0.0
0.0
0.0
0.0
0.0
0.03386
0.1387
0.26333
0.34406
0.44305
0.52022
0.6011
0.6675399999999999
0.73475
0.7926799999999999
0.84972
0.89926
0.9469099999999999
0.98623
1.0227899999999999
1.05105
1.07595
1.0825
1.09765
1.10479
1.1211900000000001
1.1145699999999998
1.10416
1.08851
1.06924
1.04403
1.01555
0.97841
0.93856
0.88998
0.8396
0.73587
0.6407999999999999
0.58954
0.5383600000000001
0.48983
0.43512
0.35032
0.26863
0.15014
0.046619999999999995
0.0
0.0
0.0
0.0
0.0
0.0
0.0
0.0
0.0
0.0
0.0
0.0
0.0
0.0
0.0
0.0
0.0
0.0
0.0
0.0
0.0
0.0
0.0
0.0
0.0
0.0
0.0
0.0
0.0
0.0
0.0
0.0
0.0
0.0
0.0
0.0
0.0
0.0
0.0
0.0
0.0
0.0
0.0
0.0
0.0
0.0
0.0
0.0
0.0
0.0
0.0
0.0
0.0
0.0
0.0
0.02674
0.12065000000000001
0.23028
0.30825
0.3958
0.46572
0.5357799999999999
0.59874
0.66298
0.69652
0.73225
0.7672899999999999
0.7998200000000001
0.821
0.83873
0.8942
0.94152
0.98737
1.01748
1.01221
1.01624
1.0137
1.0204600000000001
0.9439299999999999
0.84445
0.7587
0.68429
0.74224
0.78488
0.74472
0.70305
0.62979
0.5587300000000001
0.5334
0.5042300000000001
0.44203
0.38224
0.31433
0.25221
0.14213
0.04311
0.0
0.0
0.0
0.0
0.0
0.0
0.0
0.0
0.0
0.0
0.0
0.0
0.0
0.0
0.0
0.0
0.0
0.0
0.0
0.0
0.0
0.0
0.0
0.0
0.0
0.0
0.0
0.0
0.0
0.0
0.0
0.0
0.0
0.0
0.0
0.0
0.0
0.0
0.0
0.0
0.0
0.0
0.0
0.0
0.0
0.0
0.0
0.0
0.0
0.0
0.0
0.0
0.0
0.0
0.0
0.011869999999999999
0.026449999999999998
0.04149
0.06906
0.09781999999999999
0.12097
0.1445
0.16052000000000002
0.17632
0.20024
0.22482
0.24015
0.2556
0.28864
0.32267
0.38354000000000005
0.42367
0.4565
0.48949000000000004
0.48767
0.48525999999999997
0.48070999999999997
0.47566
0.46954
0.46288
0.47558999999999996
0.50893
0.57704
0.6607999999999999
0.69141
0.70673
0.6342899999999999
0.56388
0.46805
0.38676
0.30895999999999996
0.23835
0.1611
0.10376
0.061590000000000006
0.018850000000000002
0.0
0.0
0.0
0.0
0.0
0.0
0.0
0.0
0.0
0.0
0.0
0.0
0.0
0.0
0.0
0.0
0.0
0.0
0.0
0.0
0.0
0.0
0.0
0.0
0.0
0.0
0.0
0.0
0.0
0.0
0.0
0.0
0.0
0.0
0.0
0.0
0.0
0.0
0.0
0.0
0.0
0.0
0.0
0.0
0.0
0.0
0.0
0.0
0.0
0.0
0.0
0.0
0.0
0.0
0.0
0.03075
0.10934
0.19765
0.29564
0.4037
0.38654
0.35308999999999996
0.42441
0.50039
0.6535700000000001
0.81416
0.86475
0.91391
0.95463
0.9929
1.02118
1.04622
1.0647
1.0795899999999998
1.08686
1.0903399999999999
1.08761
1.0811
1.06483
1.04502
1.02031
0.9924
0.9573200000000001
0.91955
0.8741
0.82686
0.7718700000000001
0.71627
0.65853
0.59433
0.52058
0.45000999999999997
0.36134
0.28068
0.16657
0.05536
0.0
0.0
0.0
0.0
0.0
0.0
0.0
0.0
0.0
0.0
0.0
0.0
0.0
0.0
0.0
0.0
0.0
0.0
0.0
0.0
0.0
0.0
0.0
0.0
0.0
0.0
0.0
0.0
0.0
0.0
0.0
0.0
0.0
0.0
0.0
0.0
0.0
0.0
0.0
0.0
0.0
0.0
0.0
0.0
0.0
0.0
0.0
0.0
0.0
0.0
0.0
0.0
0.0
0.0
0.0
0.03712
0.12844
0.2322
0.31644
0.41093
0.48969999999999997
0.56868
0.63542
0.70339
0.76202
0.82023
0.86972
0.91753
0.95766
0.98407
1.01322
1.03929
1.0580999999999998
1.07343
1.08287
1.0886300000000002
1.08695
1.0815299999999999
1.06432
1.04361
1.01774
0.9887699999999999
0.9534400000000001
0.91557
0.8787200000000001
0.83002
0.77423
0.71778
0.65067
0.58465
0.50828
0.44076
0.35201
0.27192
0.15231999999999998
0.04001
0.0
0.0
0.0
0.0
0.0
0.0
0.0
0.0
0.0
0.0
0.0
0.0
0.0
0.0
0.0
0.0
0.0
0.0
0.0
0.0
0.0
0.0
0.0
0.0
0.0
0.0
0.0
0.0
0.0
0.0
0.0
0.0
0.0
0.0
0.0
0.0
0.0
0.0
0.0
0.0
0.0
0.0
0.0
0.0
0.0
0.0
0.0
0.0
0.0
0.0
0.0
0.0
0.0
0.0
0.0
0.04776
0.15100999999999998
0.26808
0.34326999999999996
0.43401999999999996
0.50781
0.58531
0.65173
0.71934
0.76889
0.825
0.87362
0.92049
0.95915
0.99524
1.0241300000000002
1.04981
1.0690899999999999
1.08478
1.09181
1.09504
1.09086
1.08292
1.0698299999999998
1.05311
1.02977
1.00311
0.96638
0.92699
0.88125
0.83366
0.77971
0.7323200000000001
0.66752
0.60349
0.52767
0.45519
0.3683
0.28858
0.18136000000000002
0.07087
0.0
0.0
0.0
0.0
0.0
0.0
0.0
0.0
0.0
0.0
0.0
0.0
0.0
0.0
0.0
0.0
0.0
0.0
0.0
0.0
0.0
0.0
0.0
0.0
0.0
0.0
0.0
0.0
0.0
0.0
0.0
0.0
0.0
0.0
0.0
0.0
0.0
0.0
0.0
0.0
0.0
0.0
0.0
0.0
0.0
0.0
0.0
0.0
0.0
0.0
0.0
0.0
0.0
0.0
0.0
0.037649999999999996
0.08369
0.12532
0.19118000000000002
0.26577
0.31557999999999997
0.36807999999999996
0.44062
0.51842
0.5691499999999999
0.6288400000000001
0.6361100000000001
0.64775
0.67106
0.69211
0.69687
0.69877
0.66803
0.65888
0.67618
0.6921
0.73062
0.74311
0.72948
0.714
0.64579
0.60172
0.57592
0.54915
0.50342
0.45862
0.40020999999999995
0.34456
0.26607
0.20852
0.16538
0.12473999999999999
0.09695999999999999
0.07023
0.0564
0.03438
0.0
0.0
0.0
0.0
0.0
0.0
0.0
0.0
0.0
0.0
0.0
0.0
0.0
0.0
0.0
0.0
0.0
0.0
0.0
0.0
0.0
0.0
0.0
0.0
0.0
0.0
0.0
0.0
0.0
0.0
0.0
0.0
0.0
0.0
0.0
0.0
0.0
0.0
0.0
0.0
0.0
0.0
0.0
0.0
0.0
0.0
0.0
0.0
0.0
0.0
0.0
0.0
0.0
0.0
0.0
0.0048
0.01414
0.02475
0.05024
0.07306
0.08904000000000001
0.10593999999999999
0.10387
0.10183
0.07396
0.05526
0.05992
0.06462999999999999
0.09494
0.12669
0.1499
0.17371999999999999
0.23589
0.28095
0.27262000000000003
0.26436000000000004
0.17421999999999999
0.11045999999999999
0.10103
0.09175
0.11159000000000001
0.13227
0.1849
0.22404
0.23029
0.23596999999999999
0.22573
0.21480000000000002
0.13993
0.07084
0.04338
0.023629999999999998
0.01751
0.01139
0.00885
0.00558
0.0
0.0
0.0
0.0
0.0
0.0
0.0
0.0
0.0
0.0
0.0
0.0
0.0
0.0
0.0
0.0
0.0
0.0
0.0
0.0
0.0
0.0
0.0
0.0
0.0
0.0
0.0
0.0
0.0
0.0
0.0
0.0
0.0
0.0
0.0
0.0
0.0
0.0
0.0
0.0
0.0
0.0
0.0
0.0
0.0
0.0
0.0
0.0
0.0
0.0
0.0
0.0
0.0
0.0
0.0
0.0023599999999999997
0.00607
0.009869999999999999
0.01368
0.0175
0.01941
0.02133
0.03131
0.04133
0.04751
0.05371
0.05527
0.05683
0.05181
0.046799999999999994
0.049909999999999996
0.053009999999999995
0.0596
0.06620000000000001
0.07217
0.07851999999999999
0.08496
0.09151999999999999
0.07687000000000001
0.06309000000000001
0.05765
0.052219999999999996
0.04486
0.037520000000000005
0.03059
0.02367
0.022510000000000002
0.02135
0.02134
0.02133
0.01712
0.01291
0.01024
0.00758
0.00492
0.0023599999999999997
0.0
0.0
0.0
0.0
0.0
0.0
0.0
0.0
0.0
0.0
0.0
0.0
0.0
0.0
0.0
0.0
0.0
0.0
0.0
0.0
0.0
0.0
0.0
0.0
0.0
0.0
0.0
0.0
0.0
0.0
0.0
0.0
0.0
0.0
0.0
0.0
0.0
0.0
0.0
0.0
0.0
0.0
0.0
0.0
0.0
0.0
0.0
0.0
0.0
0.0
0.0
0.0
0.0
0.0
0.0
0.00079
0.00302
0.0053
0.00758
0.009859999999999999
0.01635
0.02286
0.026699999999999998
0.03055
0.027870000000000002
0.0252
0.03712
0.04909
0.06958
0.09215000000000001
0.12029000000000001
0.1495
0.12254000000000001
0.09677
0.0858
0.0751
0.07637000000000001
0.07765999999999999
0.08155
0.08551
0.0985
0.11204
0.11911
0.1266
0.09878
0.07202
0.15947
0.22111
0.21712
0.21431999999999998
0.28189
0.33858
0.19985
0.05847
0.046329999999999996
0.019030000000000002
0.0
0.0
0.0
0.0
0.0
0.0
0.0
0.0
0.0
0.0
0.0
0.0
0.0
0.0
0.0
0.0
0.0
0.0
0.0
0.0
0.0
0.0
0.0
0.0
0.0
0.0
0.0
0.0
0.0
0.0
0.0
0.0
0.0
0.0
0.0
0.0
0.0
0.0
0.0
0.0
0.0
0.0
0.0
0.0
0.0
0.0
0.0
0.0
0.0
0.0
0.0
0.0
0.0
0.0
0.0
0.06
0.16618
0.27972
0.35757
0.45099
0.52798
0.60882
0.65411
0.69705
0.76213
0.8274600000000001
0.88387
0.9486100000000001
0.98841
1.0254400000000001
1.05559
1.08236
1.10193
1.11775
1.107
1.09196
1.00939
0.90039
0.97542
1.03467
1.0334100000000002
1.0388199999999999
1.00412
0.9664299999999999
0.9220499999999999
0.8754500000000001
0.8207899999999999
0.7649900000000001
0.7015800000000001
0.64436
0.57001
0.49825
0.41618
0.3397
0.22784000000000001
0.11373
0.0
0.0
0.0
0.0
0.0
0.0
0.0
0.0
0.0
0.0
0.0
0.0
0.0
0.0
0.0
0.0
0.0
0.0
0.0
0.0
0.0
0.0
0.0
0.0
0.0
0.0
0.0
0.0
0.0
0.0
0.0
0.0
0.0
0.0
0.0
0.0
0.0
0.0
0.0
0.0
0.0
0.0
0.0
0.0
0.0
0.0
0.0
0.0
0.0
0.0
0.0
0.0
0.0
0.0
0.0
0.01837
0.06259
0.10257
0.19131
0.28414999999999996
0.39488
0.51522
0.60956
0.71504
0.76623
0.81587
0.8588
0.9089700000000001
0.94585
0.97999
0.96775
0.9435399999999999
0.8607400000000001
0.7624500000000001
0.81388
0.87198
0.8477899999999999
0.83029
0.82363
0.81436
0.9084
0.9619099999999999
0.94052
0.91531
0.87133
0.8255
0.77522
0.71585
0.65947
0.60273
0.44625
0.30023
0.22884000000000002
0.16532
0.11805
0.0474
0.0062900000000000005
0.0
0.0
0.0
0.0
0.0
0.0
0.0
0.0
0.0
0.0
0.0
0.0
0.0
0.0
0.0
0.0
0.0
0.0
0.0
0.0
0.0
0.0
0.0
0.0
0.0
0.0
0.0
0.0
0.0
0.0
0.0
0.0
0.0
0.0
0.0
0.0
0.0
0.0
0.0
0.0
0.0
0.0
0.0
0.0
0.0
0.0
0.0
0.0
0.0
0.0
0.0
0.0
0.0
0.0
0.020370000000000003
0.06492
0.10359
0.18766
0.27474
0.34132999999999997
0.4139
0.45408
0.49313999999999997
0.50429
0.49133
0.50455
0.5150399999999999
0.5582699999999999
0.6018300000000001
0.62342
0.6438200000000001
0.6267999999999999
0.6075
0.59581
0.5580499999999999
0.58962
0.59527
0.59565
0.59461
0.50159
0.43431000000000003
0.35769
0.26359
0.24074
0.2184
0.18843000000000001
0.15925
0.12679
0.08724
0.15380000000000002
0.20297
0.16798
0.13541999999999998
0.08425
0.02609
0.00977
0.0
0.0
0.0
0.0
0.0
0.0
0.0
0.0
0.0
0.0
0.0
0.0
0.0
0.0
0.0
0.0
0.0
0.0
0.0
0.0
0.0
0.0
0.0
0.0
0.0
0.0
0.0
0.0
0.0
0.0
0.0
0.0
0.0
0.0
0.0
0.0
0.0
0.0
0.0
0.0
0.0
0.0
0.0
0.0
0.0
0.0
0.0
0.0
0.0
0.0
0.0
0.0
0.0
0.0
0.016640000000000002
0.0512
0.08363
0.12079999999999999
0.16081
0.17783000000000002
0.19381
0.26094
0.34963
0.48901
0.62383
0.75909
0.88549
0.9467300000000001
1.01763
1.05464
1.08867
1.10816
1.12382
1.13261
1.13736
1.13499
1.12858
1.11574
1.0990199999999999
1.08094
1.05906
1.02535
0.98851
0.9432699999999999
0.8957
0.8411900000000001
0.78531
0.72166
0.65813
0.5851799999999999
0.51861
0.43406
0.35546
0.25135
0.15219
0.060039999999999996
0.0
0.0
0.0
0.0
0.0
0.0
0.0
0.0
0.0
0.0
0.0
0.0
0.0
0.0
0.0
0.0
0.0
0.0
0.0
0.0
0.0
0.0
0.0
0.0
0.0
0.0
0.0
0.0
0.0
0.0
0.0
0.0
0.0
0.0
0.0
0.0
0.0
0.0
0.0
0.0
0.0
0.0
0.0
0.0
0.0
0.0
0.0
0.0
0.0
0.0
0.0
0.0
0.0
0.0
0.06093
0.17409
0.28355
0.36271
0.44939
0.52095
0.5956699999999999
0.65874
0.7223200000000001
0.77052
0.82489
0.87276
0.9186799999999999
0.95758
0.99373
0.99345
0.97472
1.00226
1.02673
1.03199
1.03369
1.06468
1.07806
1.06435
1.04704
1.0232999999999999
0.9963099999999999
0.96172
0.9244199999999999
0.88897
0.84133
0.78443
0.72685
0.6624
0.59866
0.46399
0.33536
0.21077
0.09179999999999999
0.05271
0.02246
0.00885
0.0
0.0
0.0
0.0
0.0
0.0
0.0
0.0
0.0
0.0
0.0
0.0
0.0
0.0
0.0
0.0
0.0
0.0
0.0
0.0
0.0
0.0
0.0
0.0
0.0
0.0
0.0
0.0
0.0
0.0
0.0
0.0
0.0
0.0
0.0
0.0
0.0
0.0
0.0
0.0
0.0
0.0
0.0
0.0
0.0
0.0
0.0
0.0
0.0
0.0
0.0
0.0
0.0
0.0
0.0023599999999999997
0.0041600000000000005
0.006059999999999999
0.00758
0.0091
0.012150000000000001
0.015210000000000001
0.01675
0.01829
0.02059
0.02291
0.02177
0.02063
0.02218
0.023719999999999998
0.02488
0.02605
0.02721
0.02837
0.02875
0.02914
0.02876
0.02837
0.02836
0.02836
0.03681
0.04528
0.03448
0.0237
0.047170000000000004
0.07164
0.06941
0.06728
0.0669
0.06639
0.12456999999999999
0.16878
0.17017
0.15371
0.13218000000000002
0.10354000000000001
0.03656
0.0
0.0
0.0
0.0
0.0
0.0
0.0
0.0
0.0
0.0
0.0
0.0
0.0
0.0
0.0
0.0
0.0
0.0
0.0
0.0
0.0
0.0
0.0
0.0
0.0
0.0
0.0
0.0
0.0
0.0
0.0
0.0
0.0
0.0
0.0
0.0
0.0
0.0
0.0
0.0
0.0
0.0
0.0
0.0
0.0
0.0
0.0
0.0
0.0
0.0
0.0
0.0
0.0
0.0
0.08138
0.19121000000000002
0.29729
0.37232
0.46070999999999995
0.53526
0.61319
0.67991
0.7474500000000001
0.79901
0.85684
0.8687999999999999
0.8635499999999999
0.89115
0.90855
1.0012699999999999
1.0878800000000002
1.10785
1.12401
1.1337000000000002
1.1393900000000001
1.13656
1.12969
1.1169200000000001
1.10025
1.07667
1.0495
1.0109299999999999
0.9695499999999999
0.92455
0.87733
0.82328
0.76795
0.70562
0.64925
0.57651
0.50605
0.42348
0.34658999999999995
0.24565
0.15730000000000002
0.05869
0.0
0.0
0.0
0.0
0.0
0.0
0.0
0.0
0.0
0.0
0.0
0.0
0.0
0.0
0.0
0.0
0.0
0.0
0.0
0.0
0.0
0.0
0.0
0.0
0.0
0.0
0.0
0.0
0.0
0.0
0.0
0.0
0.0
0.0
0.0
0.0
0.0
0.0
0.0
0.0
0.0
0.0
0.0
0.0
0.0
0.0
0.0
0.0
0.0
0.0
0.0
0.0
0.0
0.0
0.03283
0.13419999999999999
0.22904
0.24330000000000002
0.25251
0.23775
0.21534
0.21492
0.19544999999999998
0.44902
0.68614
0.71208
0.73436
0.8272999999999999
0.9140499999999999
0.8188300000000001
0.69649
0.5976699999999999
0.49383
0.6156200000000001
0.7385900000000001
0.56322
0.38844
0.30981000000000003
0.25622
0.31183999999999995
0.38823
0.3514
0.29499000000000003
0.23693
0.1658
0.15286000000000002
0.15195
0.11417000000000001
0.08951
0.09011
0.08203
0.04813
0.0172
0.01143
0.00571
0.00278
0.0
0.0
0.0
0.0
0.0
0.0
0.0
0.0
0.0
0.0
0.0
0.0
0.0
0.0
0.0
0.0
0.0
0.0
0.0
0.0
0.0
0.0
0.0
0.0
0.0
0.0
0.0
0.0
0.0
0.0
0.0
0.0
0.0
0.0
0.0
0.0
0.0
0.0
0.0
0.0
0.0
0.0
0.0
0.0
0.0
0.0
0.0
0.0
0.0
0.0
0.0
0.0
0.0
0.0
0.0023599999999999997
0.0034
0.00454
0.005679999999999999
0.0068200000000000005
0.00949
0.01216
0.01293
0.013710000000000002
0.01754
0.02138
0.02062
0.019870000000000002
0.0218
0.02373
0.02527
0.02682
0.02952
0.03222
0.0357
0.03917
0.0384
0.03762
0.0353
0.032979999999999995
0.038369999999999994
0.04375
0.04451
0.045259999999999995
0.042159999999999996
0.039060000000000004
0.05658
0.07439
0.07537
0.07673999999999999
0.04504
0.016730000000000002
0.01329
0.009859999999999999
0.00982
0.00991
0.00635
0.0
0.0
0.0
0.0
0.0
0.0
0.0
0.0
0.0
0.0
0.0
0.0
0.0
0.0
0.0
0.0
0.0
0.0
0.0
0.0
0.0
0.0
0.0
0.0
0.0
0.0
0.0
0.0
0.0
0.0
0.0
0.0
0.0
0.0
0.0
0.0
0.0
0.0
0.0
0.0
0.0
0.0
0.0
0.0
0.0
0.0
0.0
0.0
0.0
0.0
0.0
0.0
0.0
0.005900000000000001
0.03707
0.12688
0.20613
0.28601
0.37447
0.47872000000000003
0.59049
0.65742
0.72536
0.78184
0.8374299999999999
0.87663
0.92241
0.962
0.9989600000000001
1.0292999999999999
1.05636
1.07585
1.0916700000000001
1.09747
1.09938
1.0975
1.09175
1.07829
1.0611
1.03797
1.01143
0.97761
0.94088
0.89709
0.85119
0.80592
0.7506499999999999
0.68762
0.6248400000000001
0.55313
0.48382
0.40292
0.32776
0.24126
0.15774000000000002
0.06236
0.0
0.0
0.0
0.0
0.0
0.0
0.0
0.0
0.0
0.0
0.0
0.0
0.0
0.0
0.0
0.0
0.0
0.0
0.0
0.0
0.0
0.0
0.0
0.0
0.0
0.0
0.0
0.0
0.0
0.0
0.0
0.0
0.0
0.0
0.0
0.0
0.0
0.0
0.0
0.0
0.0
0.0
0.0
0.0
0.0
0.0
0.0
0.0
0.0
0.0
0.0
0.0
0.0
0.03487
0.09701
0.18683000000000002
0.28268
0.35821
0.43786
0.5091100000000001
0.58366
0.64761
0.71235
0.7695
0.81743
0.86607
0.9129400000000001
0.95375
0.99193
1.02102
1.04684
1.06622
1.08196
1.09027
1.09473
1.08479
1.07106
1.03297
0.97823
0.94674
0.92055
0.89923
0.88128
0.85622
0.8271900000000001
0.78826
0.7463500000000001
0.6838099999999999
0.62148
0.5364099999999999
0.45965
0.39346
0.32669
0.23661000000000001
0.15192
0.05955
0.0
0.0
0.0
0.0
0.0
0.0
0.0
0.0
0.0
0.0
0.0
0.0
0.0
0.0
0.0
0.0
0.0
0.0
0.0
0.0
0.0
0.0
0.0
0.0
0.0
0.0
0.0
0.0
0.0
0.0
0.0
0.0
0.0
0.0
0.0
0.0
0.0
0.0
0.0
0.0
0.0
0.0
0.0
0.0
0.0
0.0
0.0
0.0
0.0
0.0
0.0
0.0
0.0
0.0024500000000000004
0.005679999999999999
0.008320000000000001
0.01062
0.01788
0.025160000000000002
0.02631
0.027469999999999998
0.02633
0.02519
0.024820000000000002
0.02445
0.03946
0.05454
0.06851
0.08358
0.07841
0.07336
0.08424
0.09528
0.08673
0.07831999999999999
0.08184999999999999
0.08539
0.08027
0.07518000000000001
0.06439
0.053810000000000004
0.06425
0.07525
0.07115
0.06709999999999999
0.05682
0.04675
0.03594
0.02517
0.01712
0.00911
0.00758
0.006059999999999999
0.00492
0.00378
0.00197
0.0
0.0
0.0
0.0
0.0
0.0
0.0
0.0
0.0
0.0
0.0
0.0
0.0
0.0
0.0
0.0
0.0
0.0
0.0
0.0
0.0
0.0
0.0
0.0
0.0
0.0
0.0
0.0
0.0
0.0
0.0
0.0
0.0
0.0
0.0
0.0
0.0
0.0
0.0
0.0
0.0
0.0
0.0
0.0
0.0
0.0
0.0
0.0
0.0
0.0
0.0
0.0
0.0
0.0030800000000000003
0.00723
0.00633
0.0053
0.00758
0.009869999999999999
0.023239999999999997
0.0367
0.034390000000000004
0.032100000000000004
0.03019
0.02829
0.038689999999999995
0.04912
0.07528
0.10369
0.16391
0.24756
0.18266
0.13888
0.13476
0.13074000000000002
0.11674
0.10299
0.11134000000000001
0.11989
0.10937999999999999
0.099
0.08231999999999999
0.06618
0.07196999999999999
0.0782
0.0673
0.05681
0.05138
0.04596
0.04636
0.04746
0.0409
0.03452
0.02382
0.013720000000000001
0.00747
0.0
0.0
0.0
0.0
0.0
0.0
0.0
0.0
0.0
0.0
0.0
0.0
0.0
0.0
0.0
0.0
0.0
0.0
0.0
0.0
0.0
0.0
0.0
0.0
0.0
0.0
0.0
0.0
0.0
0.0
0.0
0.0
0.0
0.0
0.0
0.0
0.0
0.0
0.0
0.0
0.0
0.0
0.0
0.0
0.0
0.0
0.0
0.0
0.0
0.0
0.0
0.0
0.0
0.00364
0.0074800000000000005
0.01174
0.01598
0.01865
0.02132
0.01788
0.01446
0.02709
0.039799999999999995
0.05681
0.07485
0.10439
0.13505
0.09157
0.05243
0.046579999999999996
0.0407
0.05115
0.061619999999999994
0.06589
0.07017
0.07292
0.07582
0.06161
0.047659999999999994
0.04765
0.047630000000000006
0.05225
0.05687
0.07202
0.08841
0.10512
0.12228
0.07851999999999999
0.039009999999999996
0.026699999999999998
0.01444
0.01444
0.01444
0.01063
0.0068200000000000005
0.00393
0.0
0.0
0.0
0.0
0.0
0.0
0.0
0.0
0.0
0.0
0.0
0.0
0.0
0.0
0.0
0.0
0.0
0.0
0.0
0.0
0.0
0.0
0.0
0.0
0.0
0.0
0.0
0.0
0.0
0.0
0.0
0.0
0.0
0.0
0.0
0.0
0.0
0.0
0.0
0.0
0.0
0.0
0.0
0.0
0.0
0.0
0.0
0.0
0.0
0.0
0.0
0.0
0.0
0.00558
0.0161
0.01341
0.01291
0.01711
0.02132
0.0405
0.06067
0.06631999999999999
0.07173
0.08018
0.08866
0.11462
0.14134
0.15209999999999999
0.16301
0.16836
0.17381
0.13059
0.08954999999999999
0.1042
0.11913
0.09855
0.07848999999999999
0.07465999999999999
0.07092
0.07169
0.07254000000000001
0.07508
0.0777
0.07914
0.08068
0.08062000000000001
0.08072
0.07113
0.061619999999999994
0.18218
0.27832999999999997
0.29635
0.30384
0.22088
0.14902
0.05972
0.0
0.0
0.0
0.0
0.0
0.0
0.0
0.0
0.0
0.0
0.0
0.0
0.0
0.0
0.0
0.0
0.0
0.0
0.0
0.0
0.0
0.0
0.0
0.0
0.0
0.0
0.0
0.0
0.0
0.0
0.0
0.0
0.0
0.0
0.0
0.0
0.0
0.0
0.0
0.0
0.0
0.0
0.0
0.0
0.0
0.0
0.0
0.0
0.0
0.0
0.0
0.0
0.0
0.00551
0.01066
0.06878000000000001
0.12397
0.12007999999999999
0.10922
0.1144
0.11951
0.1022
0.07651000000000001
0.09198999999999999
0.10765999999999999
0.1458
0.18544999999999998
0.25136000000000003
0.30187
0.31762
0.33348
0.24484999999999998
0.14574
0.14787999999999998
0.15002000000000001
0.1974
0.26964
0.26406
0.2585
0.24586000000000002
0.21353999999999998
0.153
0.09577
0.10477
0.11378
0.26487
0.39692
0.35618
0.31688
0.27973000000000003
0.24277
0.19109
0.14368999999999998
0.11034000000000001
0.07959000000000001
0.03086
0.00315
0.0
0.0
0.0
0.0
0.0
0.0
0.0
0.0
0.0
0.0
0.0
0.0
0.0
0.0
0.0
0.0
0.0
0.0
0.0
0.0
0.0
0.0
0.0
0.0
0.0
0.0
0.0
0.0
0.0
0.0
0.0
0.0
0.0
0.0
0.0
0.0
0.0
0.0
0.0
0.0
0.0
0.0
0.0
0.0
0.0
0.0
0.0
0.0
0.0
0.0
0.0
0.0
0.00895
0.014289999999999999
0.02062
0.02675
0.04354
0.06116
0.09926
0.1348
0.10407
0.06592
0.05682
0.04832
0.08473
0.12436
0.17408
0.24643
0.28156
0.31760000000000005
0.37416000000000005
0.45586
0.39076
0.34946
0.43864
0.5026
0.61722
0.7033400000000001
0.7240599999999999
0.71957
0.55338
0.39583999999999997
0.25947000000000003
0.13707
0.18289
0.21387
0.26442
0.30649
0.30361
0.30751999999999996
0.25205
0.20075
0.15116
0.10690999999999999
0.05337
0.00393
0.0
0.0
0.0
0.0
0.0
0.0
0.0
0.0
0.0
0.0
0.0
0.0
0.0
0.0
0.0
0.0
0.0
0.0
0.0
0.0
0.0
0.0
0.0
0.0
0.0
0.0
0.0
0.0
0.0
0.0
0.0
0.0
0.0
0.0
0.0
0.0
0.0
0.0
0.0
0.0
0.0
0.0
0.0
0.0
0.0
0.0
0.0
0.0
0.0
0.0
0.0
0.0
0.01816
0.04315
0.07854000000000001
0.11541
0.17379
0.22979
0.28024
0.33532
0.32754
0.29574
0.43026
0.58029
0.64347
0.70853
0.65487
0.57169
0.5718
0.5462899999999999
0.60203
0.63381
0.62214
0.5842999999999999
0.56562
0.5461699999999999
0.36793
0.17518
0.10114
0.03068
0.02643
0.0222
0.0264
0.03061
0.03021
0.02981
0.02826
0.02671
0.018269999999999998
0.009869999999999999
0.00796
0.006059999999999999
0.00492
0.00378
0.00227
0.00079
0.0
0.0
0.0
0.0
0.0
0.0
0.0
0.0
0.0
0.0
0.0
0.0
0.0
0.0
0.0
0.0
0.0
0.0
0.0
0.0
0.0
0.0
0.0
0.0
0.0
0.0
0.0
0.0
0.0
0.0
0.0
0.0
0.0
0.0
0.0
0.0
0.0
0.0
0.0
0.0
0.0
0.0
0.0
0.0
0.0
0.0
0.0
0.0
0.0
0.0
0.0
0.0
0.00157
0.00302
0.01011
0.01761
0.01516
0.01292
0.01598
0.01905
0.0225
0.02597
0.02944
0.032909999999999995
0.03601
0.03911
0.04145
0.04378
0.04573
0.04768
0.048850000000000005
0.05002
0.05042
0.05081
0.05042
0.05003
0.04808
0.04614
0.046119999999999994
0.04611
0.04377
0.04144
0.039490000000000004
0.03754
0.03983
0.04213
0.03556
0.02901
0.0221
0.015210000000000001
0.01139
0.00758
0.00858
0.009609999999999999
0.00907
0.0076100000000000004
0.0
0.0
0.0
0.0
0.0
0.0
0.0
0.0
0.0
0.0
0.0
0.0
0.0
0.0
0.0
0.0
0.0
0.0
0.0
0.0
0.0
0.0
0.0
0.0
0.0
0.0
0.0
0.0
0.0
0.0
0.0
0.0
0.0
0.0
0.0
0.0
0.0
0.0
0.0
0.0
0.0
0.0
0.0
0.0
0.0
0.0
0.0
0.0
0.0
0.0
0.0
0.0
0.06384000000000001
0.16355
0.2425
0.32883
0.40395
0.48471
0.55641
0.6305700000000001
0.68922
0.75333
0.81
0.86554
0.91343
0.9589500000000001
0.99512
1.0280799999999999
1.0577699999999999
1.08387
1.10363
1.11947
1.1276300000000001
1.13168
1.12956
1.1233199999999999
1.10947
1.09169
1.06494
1.03465
1.00163
0.9654400000000001
0.92075
0.8736900000000001
0.81839
0.76188
0.70098
0.64562
0.57387
0.50422
0.42699000000000004
0.35458999999999996
0.26882999999999996
0.19788
0.10455
0.02931
0.0
0.0
0.0
0.0
0.0
0.0
0.0
0.0
0.0
0.0
0.0
0.0
0.0
0.0
0.0
0.0
0.0
0.0
0.0
0.0
0.0
0.0
0.0
0.0
0.0
0.0
0.0
0.0
0.0
0.0
0.0
0.0
0.0
0.0
0.0
0.0
0.0
0.0
0.0
0.0
0.0
0.0
0.0
0.0
0.0
0.0
0.0
0.0
0.0
0.0
0.0
0.0
0.00417
0.006059999999999999
0.011009999999999999
0.01597
0.01788
0.01979
0.03169
0.04365
0.03633
0.02904
0.0634
0.10088
0.08324
0.06619
0.08553
0.10557
0.11225
0.11907
0.13491999999999998
0.151
0.14397
0.13696
0.14097
0.14503
0.17248
0.20056000000000002
0.18883000000000003
0.17725
0.21805000000000002
0.24143
0.21216
0.18330000000000002
0.11216
0.04367
0.038259999999999995
0.03286
0.024399999999999998
0.01598
0.01177
0.00758
0.0068200000000000005
0.006059999999999999
0.0034
0.00079
0.0
0.0
0.0
0.0
0.0
0.0
0.0
0.0
0.0
0.0
0.0
0.0
0.0
0.0
0.0
0.0
0.0
0.0
0.0
0.0
0.0
0.0
0.0
0.0
0.0
0.0
0.0
0.0
0.0
0.0
0.0
0.0
0.0
0.0
0.0
0.0
0.0
0.0
0.0
0.0
0.0
0.0
0.0
0.0
0.0
0.0
0.0
0.0
0.0
0.0
0.0
0.0
0.03542
0.09442
0.1409
0.19479
0.16887
0.13882
0.11862
0.09046
0.11163
0.14435
0.14617
0.15808000000000003
0.16474
0.17139
0.17515
0.17901
0.20727
0.23617
0.28604
0.31489
0.36111
0.40766
0.45859
0.48444
0.5737899999999999
0.63546
0.5440900000000001
0.43262
0.49611
0.5323
0.48897
0.44686000000000003
0.33044999999999997
0.23868999999999999
0.41641
0.5395800000000001
0.49054000000000003
0.44107999999999997
0.38262
0.32659
0.24822
0.1799
0.09692
0.026969999999999997
0.0
0.0
0.0
0.0
0.0
0.0
0.0
0.0
0.0
0.0
0.0
0.0
0.0
0.0
0.0
0.0
0.0
0.0
0.0
0.0
0.0
0.0
0.0
0.0
0.0
0.0
0.0
0.0
0.0
0.0
0.0
0.0
0.0
0.0
0.0
0.0
0.0
0.0
0.0
0.0
0.0
0.0
0.0
0.0
0.0
0.0
0.0
0.0
0.0
0.0
0.0
0.004719999999999999
0.05123
0.12722
0.20282
0.29478
0.27155
0.22334
0.20951
0.18966
0.20643
0.20587
0.20157
0.19538
0.2013
0.2073
0.27254
0.36181
0.39076
0.41973
0.36057
0.323
0.35199
0.38108
0.32564
0.27101
0.20559
0.12991
0.16476
0.18631
0.24568
0.30628
0.27704
0.24834
0.18853999999999999
0.13178
0.32617
0.45813
0.43001
0.39823000000000003
0.36381
0.32655
0.24991999999999998
0.18303999999999998
0.10004
0.02889
0.0
0.0
0.0
0.0
0.0
0.0
0.0
0.0
0.0
0.0
0.0
0.0
0.0
0.0
0.0
0.0
0.0
0.0
0.0
0.0
0.0
0.0
0.0
0.0
0.0
0.0
0.0
0.0
0.0
0.0
0.0
0.0
0.0
0.0
0.0
0.0
0.0
0.0
0.0
0.0
0.0
0.0
0.0
0.0
0.0
0.0
0.0
0.0
0.0
0.0
0.0
0.00157
0.01668
0.03389
0.03162
0.02842
0.0256
0.023629999999999998
0.03362
0.04365
0.05138
0.05914
0.06342
0.06774
0.07554000000000001
0.08339
0.11204
0.14161
0.15781
0.17425
0.17651
0.17883000000000002
0.28981999999999997
0.38668
0.49822000000000005
0.5841900000000001
0.54906
0.51379
0.53787
0.58177
0.6920700000000001
0.77944
0.7576499999999999
0.73181
0.71862
0.69601
0.61694
0.5392
0.49607999999999997
0.45092000000000004
0.37912
0.31233999999999995
0.23617
0.16983
0.09466
0.02786
0.0
0.0
0.0
0.0
0.0
0.0
0.0
0.0
0.0
0.0
0.0
0.0
0.0
0.0
0.0
0.0
0.0
0.0
0.0
0.0
0.0
0.0
0.0
0.0
0.0
0.0
0.0
0.0
0.0
0.0
0.0
0.0
0.0
0.0
0.0
0.0
0.0
0.0
0.0
0.0
0.0
0.0
0.0
0.0
0.0
0.0
0.0
0.0
0.0
0.0
0.0
0.01111
0.04328
0.08148999999999999
0.1019
0.12434999999999999
0.10839
0.07755
0.05273
0.02441
0.05197
0.08123000000000001
0.09012
0.09904
0.09584000000000001
0.09267
0.10235
0.11213
0.12292
0.13383
0.15912
0.18496
0.20568999999999998
0.22673
0.24039
0.25414
0.278
0.27879000000000004
0.34729000000000004
0.43595
0.66037
0.8338300000000001
0.8145800000000001
0.79074
0.7382799999999999
0.6850599999999999
0.62509
0.5657300000000001
0.50015
0.43682
0.36582
0.29974
0.22522
0.16025
0.09051999999999999
0.02571
0.0
0.0
0.0
0.0
0.0
0.0
0.0
0.0
0.0
0.0
0.0
0.0
0.0
0.0
0.0
0.0
0.0
0.0
0.0
0.0
0.0
0.0
0.0
0.0
0.0
0.0
0.0
0.0
0.0
0.0
0.0
0.0
0.0
0.0
0.0
0.0
0.0
0.0
0.0
0.0
0.0
0.0
0.0
0.0
0.0
0.0
0.0
0.0
0.0
0.0
0.0
0.017
0.07099
0.13852
0.19054
0.24931999999999999
0.31409
0.38493
0.44189
0.50016
0.57508
0.65401
0.65134
0.6284400000000001
0.60117
0.54474
0.40741000000000005
0.26204
0.28407
0.30627
0.3322
0.35834
0.46364999999999995
0.56959
0.5997899999999999
0.62852
0.7933600000000001
0.93598
0.9185099999999999
0.90491
0.8374299999999999
0.76397
0.62029
0.47687
0.41618
0.34191000000000005
0.46763
0.54488
0.46902999999999995
0.39770999999999995
0.32359
0.25203
0.13858
0.0295
0.01443
0.00157
0.0
0.0
0.0
0.0
0.0
0.0
0.0
0.0
0.0
0.0
0.0
0.0
0.0
0.0
0.0
0.0
0.0
0.0
0.0
0.0
0.0
0.0
0.0
0.0
0.0
0.0
0.0
0.0
0.0
0.0
0.0
0.0
0.0
0.0
0.0
0.0
0.0
0.0
0.0
0.0
0.0
0.0
0.0
0.0
0.0
0.0
0.0
0.0
0.0
0.0
0.0
0.00905
0.07003
0.14655
0.19815
0.25655
0.167
0.032850000000000004
0.03247
0.03209
0.03134
0.03059
0.038689999999999995
0.046810000000000004
0.04993
0.05305
0.07806999999999999
0.10468000000000001
0.08436
0.06477
0.09231
0.12104000000000001
0.10155
0.0824
0.07829000000000001
0.0742
0.07812999999999999
0.08204
0.06465
0.047689999999999996
0.06470999999999999
0.08244
0.061939999999999995
0.04219
0.04448
0.046770000000000006
0.048299999999999996
0.04983
0.034390000000000004
0.019039999999999998
0.016739999999999998
0.01444
0.011
0.00758
0.00454
0.00157
0.0
0.0
0.0
0.0
0.0
0.0
0.0
0.0
0.0
0.0
0.0
0.0
0.0
0.0
0.0
0.0
0.0
0.0
0.0
0.0
0.0
0.0
0.0
0.0
0.0
0.0
0.0
0.0
0.0
0.0
0.0
0.0
0.0
0.0
0.0
0.0
0.0
0.0
0.0
0.0
0.0
0.0
0.0
0.0
0.0
0.0
0.0
0.0
0.0
0.0
0.0
0.00157
0.00454
0.00758
0.00948
0.01139
0.0317
0.05269
0.04856
0.04442
0.05831
0.07289
0.07063
0.06853000000000001
0.09308
0.11838
0.08417
0.05233
0.04539
0.038450000000000005
0.04697
0.0555
0.06326
0.07104
0.07952
0.08816
0.08247
0.07679000000000001
0.06523999999999999
0.053880000000000004
0.04342
0.032990000000000005
0.03258
0.03218
0.03485
0.037520000000000005
0.03558
0.03364
0.02709
0.02057
0.01597
0.01139
0.00872
0.006059999999999999
0.00378
0.00157
0.0
0.0
0.0
0.0
0.0
0.0
0.0
0.0
0.0
0.0
0.0
0.0
0.0
0.0
0.0
0.0
0.0
0.0
0.0
0.0
0.0
0.0
0.0
0.0
0.0
0.0
0.0
0.0
0.0
0.0
0.0
0.0
0.0
0.0
0.0
0.0
0.0
0.0
0.0
0.0
0.0
0.0
0.0
0.0
0.0
0.0
0.0
0.0
0.0
0.0
0.0
0.031100000000000003
0.09906999999999999
0.18091
0.25234
0.33463
0.40373000000000003
0.4803
0.5489299999999999
0.6195700000000001
0.68226
0.7449199999999999
0.7929700000000001
0.84633
0.89404
0.93945
0.97868
1.01487
1.04381
1.0692000000000002
1.0884200000000002
1.10376
1.11096
1.11412
1.11074
1.10333
1.08987
1.07254
1.04845
1.02082
0.98591
0.94797
0.90108
0.8520700000000001
0.80696
0.75178
0.6895800000000001
0.6273
0.5585
0.49147
0.41869
0.34843999999999997
0.2681
0.19749
0.11801
0.04305
0.0
0.0
0.0
0.0
0.0
0.0
0.0
0.0
0.0
0.0
0.0
0.0
0.0
0.0
0.0
0.0
0.0
0.0
0.0
0.0
0.0
0.0
0.0
0.0
0.0
0.0
0.0
0.0
0.0
0.0
0.0
0.0
0.0
0.0
0.0
0.0
0.0
0.0
0.0
0.0
0.0
0.0
0.0
0.0
0.0
0.0
0.0
0.0
0.0
0.0
0.0
0.00365
0.00558
0.0068200000000000005
0.0091
0.01139
0.012539999999999999
0.013689999999999999
0.02479
0.03594
0.05062
0.06542
0.06654
0.06773
0.08122
0.09495999999999999
0.10805
0.12131
0.11003
0.09895999999999999
0.10021
0.10146
0.128
0.15511000000000003
0.17311
0.19137
0.16612000000000002
0.14134
0.15124
0.16125
0.15515
0.14897
0.10828
0.06929
0.08217
0.09537999999999999
0.10055
0.10586
0.08316
0.061009999999999995
0.04254
0.025160000000000002
0.01712
0.0091
0.00737
0.005
0.0
0.0
0.0
0.0
0.0
0.0
0.0
0.0
0.0
0.0
0.0
0.0
0.0
0.0
0.0
0.0
0.0
0.0
0.0
0.0
0.0
0.0
0.0
0.0
0.0
0.0
0.0
0.0
0.0
0.0
0.0
0.0
0.0
0.0
0.0
0.0
0.0
0.0
0.0
0.0
0.0
0.0
0.0
0.0
0.0
0.0
0.0
0.0
0.0
0.0
0.0
0.00157
0.00302
0.00454
0.005679999999999999
0.0068200000000000005
0.02442
0.04302
0.03753
0.0332
0.04333
0.053520000000000005
0.04331
0.03295
0.03528
0.03762
0.03301
0.02841
0.03073
0.03306
0.03616
0.039259999999999996
0.0412
0.04313
0.045840000000000006
0.04854
0.046990000000000004
0.04542
0.04463
0.043840000000000004
0.05852
0.07332
0.06859
0.0639
0.053380000000000004
0.04292
0.03866
0.034409999999999996
0.02978
0.02517
0.01865
0.012150000000000001
0.01024
0.00834
0.005679999999999999
0.00315
0.0
0.0
0.0
0.0
0.0
0.0
0.0
0.0
0.0
0.0
0.0
0.0
0.0
0.0
0.0
0.0
0.0
0.0
0.0
0.0
0.0
0.0
0.0
0.0
0.0
0.0
0.0
0.0
0.0
0.0
0.0
0.0
0.0
0.0
0.0
0.0
0.0
0.0
0.0
0.0
0.0
0.0
0.0
0.0
0.0
0.0
0.0
0.0
0.0
0.0
0.0
0.04512
0.12232
0.20736000000000002
0.27897000000000005
0.35928
0.43043
0.50562
0.5697300000000001
0.63861
0.7000700000000001
0.76121
0.8170700000000001
0.87138
0.91901
0.96409
1.00259
1.0378399999999999
1.06629
1.09095
1.11019
1.1253499999999999
1.13324
1.13686
1.1347
1.1282699999999999
1.11502
1.0976400000000002
1.0731
1.04471
1.01048
0.97287
0.92743
0.87944
0.8249099999999999
0.76875
0.7082200000000001
0.64715
0.5794900000000001
0.51307
0.44245
0.37197
0.29348
0.223
0.14017
0.06848
0.00787
0.0
0.0
0.0
0.0
0.0
0.0
0.0
0.0
0.0
0.0
0.0
0.0
0.0
0.0
0.0
0.0
0.0
0.0
0.0
0.0
0.0
0.0
0.0
0.0
0.0
0.0
0.0
0.0
0.0
0.0
0.0
0.0
0.0
0.0
0.0
0.0
0.0
0.0
0.0
0.0
0.0
0.0
0.0
0.0
0.0
0.0
0.0
0.0
0.0
0.0
0.05744
0.13336
0.22044999999999998
0.29336
0.37464
0.44645999999999997
0.5185299999999999
0.5869
0.65646
0.71816
0.77906
0.8300299999999999
0.8787
0.9270900000000001
0.97282
1.01114
1.04614
1.07534
1.10071
1.1196400000000002
1.13442
1.14028
1.14184
1.1356700000000002
1.12527
1.11152
1.09368
1.06944
1.0414100000000002
1.00794
0.97112
0.92702
0.88027
0.82685
0.77165
0.71112
0.65004
0.58327
0.52106
0.44673
0.37598000000000004
0.29702
0.22583
0.14264
0.07097
0.02316
0.0
0.0
0.0
0.0
0.0
0.0
0.0
0.0
0.0
0.0
0.0
0.0
0.0
0.0
0.0
0.0
0.0
0.0
0.0
0.0
0.0
0.0
0.0
0.0
0.0
0.0
0.0
0.0
0.0
0.0
0.0
0.0
0.0
0.0
0.0
0.0
0.0
0.0
0.0
0.0
0.0
0.0
0.0
0.0
0.0
0.0
0.0
0.0
0.0
0.0
0.052700000000000004
0.12877000000000002
0.20843
0.27906
0.35807
0.42942
0.50485
0.5726
0.6367999999999999
0.70094
0.7650800000000001
0.8227300000000001
0.8789199999999999
0.9268500000000001
0.97217
1.01074
1.04602
1.07315
1.0963800000000001
1.11157
1.12258
1.1308
1.13479
1.13201
1.12499
1.11129
1.09351
1.06629
1.0354
0.99921
0.95986
0.9153
0.86819
0.81361
0.75767
0.69627
0.63458
0.5717300000000001
0.50513
0.43021
0.35947
0.28137
0.21346
0.13552
0.06951
0.02257
0.0
0.0
0.0
0.0
0.0
0.0
0.0
0.0
0.0
0.0
0.0
0.0
0.0
0.0
0.0
0.0
0.0
0.0
0.0
0.0
0.0
0.0
0.0
0.0
0.0
0.0
0.0
0.0
0.0
0.0
0.0
0.0
0.0
0.0
0.0
0.0
0.0
0.0
0.0
0.0
0.0
0.0
0.0
0.0
0.0
0.0
0.0
0.0
0.0
0.00826
0.05948
0.11265
0.17106
0.25222
0.34808999999999996
0.41785
0.49162
0.53672
0.57814
0.5829099999999999
0.56374
0.5862999999999999
0.60349
0.6583600000000001
0.71425
0.7669400000000001
0.82768
0.8079700000000001
0.79086
0.81324
0.83354
0.9361799999999999
1.01797
1.01627
1.0017
1.00968
1.02209
0.94984
0.8698899999999999
0.8084199999999999
0.73891
0.7817999999999999
0.7988
0.6817799999999999
0.56059
0.55571
0.53696
0.51092
0.47564
0.40768
0.34434
0.26913
0.20237
0.12744
0.06448999999999999
0.02087
0.0
0.0
0.0
0.0
0.0
0.0
0.0
0.0
0.0
0.0
0.0
0.0
0.0
0.0
0.0
0.0
0.0
0.0
0.0
0.0
0.0
0.0
0.0
0.0
0.0
0.0
0.0
0.0
0.0
0.0
0.0
0.0
0.0
0.0
0.0
0.0
0.0
0.0
0.0
0.0
0.0
0.0
0.0
0.0
0.0
0.0
0.0
0.0
0.0
0.00197
0.00378
0.00949
0.015210000000000001
0.027100000000000003
0.03904
0.04598
0.053009999999999995
0.04481
0.036719999999999996
0.05527
0.07436
0.08563
0.09720999999999999
0.10404000000000001
0.11077
0.13052
0.15065
0.10554000000000001
0.0625
0.06019
0.05788
0.0575
0.05711
0.06099
0.06487000000000001
0.05244
0.04004
0.0435
0.04696
0.04693
0.04690999999999999
0.04302
0.039130000000000005
0.037950000000000005
0.036770000000000004
0.03136
0.02597
0.027100000000000003
0.028239999999999998
0.02325
0.018260000000000002
0.014060000000000001
0.009859999999999999
0.00644
0.00302
0.00157
0.0
0.0
0.0
0.0
0.0
0.0
0.0
0.0
0.0
0.0
0.0
0.0
0.0
0.0
0.0
0.0
0.0
0.0
0.0
0.0
0.0
0.0
0.0
0.0
0.0
0.0
0.0
0.0
0.0
0.0
0.0
0.0
0.0
0.0
0.0
0.0
0.0
0.0
0.0
0.0
0.0
0.0
0.0
0.0
0.0
0.0
0.0
0.0
0.0
0.00259
0.00546
0.00888
0.012150000000000001
0.02248
0.03286
0.02631
0.019809999999999998
0.04976
0.08142
0.10037
0.11445
0.21744
0.33199
0.53332
0.7377
0.70656
0.67974
0.56914
0.47519
0.64052
0.79512
0.93015
1.05526
1.05081
1.0425499999999999
1.04843
1.06346
1.0392000000000001
1.01132
0.9770399999999999
0.9395800000000001
0.89604
0.84994
0.7981
0.7446
0.69289
0.63383
0.56657
0.50054
0.42669
0.35669
0.28113
0.21265
0.13506
0.07095
0.02268
0.0
0.0
0.0
0.0
0.0
0.0
0.0
0.0
0.0
0.0
0.0
0.0
0.0
0.0
0.0
0.0
0.0
0.0
0.0
0.0
0.0
0.0
0.0
0.0
0.0
0.0
0.0
0.0
0.0
0.0
0.0
0.0
0.0
0.0
0.0
0.0
0.0
0.0
0.0
0.0
0.0
0.0
0.0
0.0
0.0
0.0
0.0
0.0
0.0
0.00393
0.0075899999999999995
0.01716
0.02675
0.04329
0.06025
0.10646
0.1522
0.28514999999999996
0.43138
0.5768300000000001
0.72877
0.7594500000000001
0.7900900000000001
0.55136
0.26115
0.42093
0.59386
0.5066
0.41431999999999997
0.33136
0.26932999999999996
0.251
0.21434
0.196
0.17784
0.25252
0.31245
0.44007999999999997
0.5625
0.62526
0.70059
0.50399
0.30672000000000005
0.31793
0.30942000000000003
0.34879000000000004
0.36512
0.32705
0.29952999999999996
0.18715
0.09426999999999999
0.07537999999999999
0.05755
0.03541
0.01337
0.00637
0.0
0.0
0.0
0.0
0.0
0.0
0.0
0.0
0.0
0.0
0.0
0.0
0.0
0.0
0.0
0.0
0.0
0.0
0.0
0.0
0.0
0.0
0.0
0.0
0.0
0.0
0.0
0.0
0.0
0.0
0.0
0.0
0.0
0.0
0.0
0.0
0.0
0.0
0.0
0.0
0.0
0.0
0.0
0.0
0.0
0.0
0.0
0.0
0.0
0.02305
0.07237
0.13524
0.21186000000000002
0.27981
0.35441
0.42401
0.49739999999999995
0.56243
0.62847
0.6890499999999999
0.74265
0.7971900000000001
0.85022
0.8968400000000001
0.94096
0.97863
1.01311
1.0408199999999999
1.06486
1.07958
1.09028
1.09798
1.1016
1.09651
1.0873599999999999
1.07222
1.05321
1.02845
1.0001
0.96339
0.92374
0.87974
0.8334400000000001
0.78007
0.73189
0.67062
0.6093
0.54216
0.47655000000000003
0.40504
0.33893
0.25851
0.18878
0.12018999999999999
0.06356
0.020390000000000002
0.0
0.0
0.0
0.0
0.0
0.0
0.0
0.0
0.0
0.0
0.0
0.0
0.0
0.0
0.0
0.0
0.0
0.0
0.0
0.0
0.0
0.0
0.0
0.0
0.0
0.0
0.0
0.0
0.0
0.0
0.0
0.0
0.0
0.0
0.0
0.0
0.0
0.0
0.0
0.0
0.0
0.0
0.0
0.0
0.0
0.0
0.0
0.0
0.0
0.00626
0.01126
0.01873
0.02597
0.03885
0.05217
0.07109
0.09068999999999999
0.11517000000000001
0.14054
0.13122
0.12154999999999999
0.11573
0.10984000000000001
0.1435
0.17819
0.20877
0.25876
0.2914
0.32462
0.30417
0.28345
0.36277
0.46667000000000003
0.5081100000000001
0.5485399999999999
0.55386
0.55801
0.53825
0.5178400000000001
0.49968
0.48054
0.52495
0.5437799999999999
0.50234
0.46108
0.39046
0.31213
0.2033
0.09087
0.06886
0.047450000000000006
0.04051
0.03315
0.02178
0.01095
0.00607
0.0
0.0
0.0
0.0
0.0
0.0
0.0
0.0
0.0
0.0
0.0
0.0
0.0
0.0
0.0
0.0
0.0
0.0
0.0
0.0
0.0
0.0
0.0
0.0
0.0
0.0
0.0
0.0
0.0
0.0
0.0
0.0
0.0
0.0
0.0
0.0
0.0
0.0
0.0
0.0
0.0
0.0
0.0
0.0
0.0
0.0
0.0
0.0
0.0
0.00481
0.0085
0.013789999999999998
0.019039999999999998
0.02478
0.030539999999999998
0.03169
0.03286
0.036719999999999996
0.04059
0.054509999999999996
0.06852
0.08029
0.09219
0.09876
0.10538
0.08717
0.06948
0.07545
0.08155
0.08199
0.08242000000000001
0.09813
0.11404
0.10225
0.09056
0.07875
0.06720000000000001
0.06406999999999999
0.06093
0.05354
0.04615
0.044969999999999996
0.04378
0.04028
0.03678
0.031760000000000004
0.02674
0.02136
0.01599
0.01255
0.00911
0.0072
0.0053
0.00454
0.00378
0.0023599999999999997
0.0
0.0
0.0
0.0
0.0
0.0
0.0
0.0
0.0
0.0
0.0
0.0
0.0
0.0
0.0
0.0
0.0
0.0
0.0
0.0
0.0
0.0
0.0
0.0
0.0
0.0
0.0
0.0
0.0
0.0
0.0
0.0
0.0
0.0
0.0
0.0
0.0
0.0
0.0
0.0
0.0
0.0
0.0
0.0
0.0
0.0
0.0
0.0
0.0
0.00157
0.00302
0.0041600000000000005
0.0053
0.0072
0.00911
0.01293
0.01676
0.017920000000000002
0.01908
0.02945
0.039869999999999996
0.05225
0.06468
0.05619
0.04771
0.06724
0.08739
0.07163
0.05634
0.055189999999999996
0.05404
0.05715
0.06026
0.06259
0.06491
0.061009999999999995
0.05711
0.05631
0.05551
0.055869999999999996
0.05622
0.055799999999999995
0.055380000000000006
0.05806
0.06074
0.06564
0.07081
0.05233
0.034390000000000004
0.029
0.023629999999999998
0.01941
0.0152
0.0091
0.00302
0.00157
0.0
0.0
0.0
0.0
0.0
0.0
0.0
0.0
0.0
0.0
0.0
0.0
0.0
0.0
0.0
0.0
0.0
0.0
0.0
0.0
0.0
0.0
0.0
0.0
0.0
0.0
0.0
0.0
0.0
0.0
0.0
0.0
0.0
0.0
0.0
0.0
0.0
0.0
0.0
0.0
0.0
0.0
0.0
0.0
0.0
0.0
0.0
0.0
0.0
0.02921
0.08499
0.12988
0.17977
0.24489
0.31760000000000005
0.40951
0.5134
0.57994
0.64475
0.65892
0.66079
0.71225
0.76255
0.8211799999999999
0.87924
0.91531
0.94853
1.00904
1.0773199999999998
1.09358
1.1059
1.0932899999999999
1.07652
1.0666600000000002
1.05292
1.07005
1.08255
1.03836
0.99136
0.9430700000000001
0.8919900000000001
0.8734700000000001
0.85072
0.80095
0.7494
0.6895399999999999
0.62567
0.49989999999999996
0.38293
0.29014
0.20234
0.15269
0.10875
0.07317
0.04156
0.015529999999999999
0.0
0.0
0.0
0.0
0.0
0.0
0.0
0.0
0.0
0.0
0.0
0.0
0.0
0.0
0.0
0.0
0.0
0.0
0.0
0.0
0.0
0.0
0.0
0.0
0.0
0.0
0.0
0.0
0.0
0.0
0.0
0.0
0.0
0.0
0.0
0.0
0.0
0.0
0.0
0.0
0.0
0.0
0.0
0.0
0.0
0.0
0.0
0.0
0.0
0.0185
0.04611
0.07894
0.11829
0.20754
0.31748000000000004
0.40262
0.49715
0.5637000000000001
0.63166
0.69263
0.7532000000000001
0.77528
0.79427
0.70125
0.5791799999999999
0.72845
0.87386
0.89038
0.9036000000000001
0.9709800000000001
1.02729
0.98394
0.9258
0.86439
0.80931
0.9340900000000001
1.03175
1.0176399999999999
1.01172
0.9746
0.93443
0.88076
0.83405
0.78796
0.73913
0.67801
0.6166
0.54925
0.48319
0.41187
0.34512
0.27101
0.20459
0.13449
0.07823999999999999
0.02634
0.0
0.0
0.0
0.0
0.0
0.0
0.0
0.0
0.0
0.0
0.0
0.0
0.0
0.0
0.0
0.0
0.0
0.0
0.0
0.0
0.0
0.0
0.0
0.0
0.0
0.0
0.0
0.0
0.0
0.0
0.0
0.0
0.0
0.0
0.0
0.0
0.0
0.0
0.0
0.0
0.0
0.0
0.0
0.0
0.0
0.0
0.0
0.0
0.0
0.02916
0.08027
0.1357
0.20507
0.26891000000000004
0.33977999999999997
0.40529000000000004
0.47456
0.53743
0.6031299999999999
0.66452
0.72605
0.78143
0.8275399999999999
0.86995
0.90964
0.94508
0.97734
1.00331
1.0257
1.04056
1.05154
1.05654
1.0576199999999998
1.05337
1.04525
1.02983
1.01075
0.92673
0.83887
0.65523
0.46966
0.37524
0.30317
0.37742000000000003
0.42607999999999996
0.46847000000000005
0.48271
0.42492
0.36891
0.32375
0.28252999999999995
0.22993
0.18029
0.11646
0.06493
0.02169
0.0
0.0
0.0
0.0
0.0
0.0
0.0
0.0
0.0
0.0
0.0
0.0
0.0
0.0
0.0
0.0
0.0
0.0
0.0
0.0
0.0
0.0
0.0
0.0
0.0
0.0
0.0
0.0
0.0
0.0
0.0
0.0
0.0
0.0
0.0
0.0
0.0
0.0
0.0
0.0
0.0
0.0
0.0
0.0
0.0
0.0
0.0
0.0
0.00393
0.03041
0.07158
0.12145
0.18428
0.24456999999999998
0.31753
0.36507
0.41236
0.44545999999999997
0.48119999999999996
0.53443
0.58866
0.68912
0.7823300000000001
0.85875
0.92615
0.96665
1.0043
1.0323399999999998
1.05675
1.0285499999999999
1.00866
0.96574
0.89978
1.0037
1.08826
1.0746
1.0568199999999999
1.03305
1.00537
0.96074
0.91388
0.85114
0.7967799999999999
0.76067
0.7141000000000001
0.6679400000000001
0.61881
0.5529400000000001
0.48778
0.4157
0.34536
0.27920999999999996
0.21735
0.14555
0.088
0.030019999999999998
0.0
0.0
0.0
0.0
0.0
0.0
0.0
0.0
0.0
0.0
0.0
0.0
0.0
0.0
0.0
0.0
0.0
0.0
0.0
0.0
0.0
0.0
0.0
0.0
0.0
0.0
0.0
0.0
0.0
0.0
0.0
0.0
0.0
0.0
0.0
0.0
0.0
0.0
0.0
0.0
0.0
0.0
0.0
0.0
0.0
0.0
0.0
0.0
0.0033799999999999998
0.01568
0.029589999999999998
0.038700000000000005
0.048600000000000004
0.06594
0.08301
0.07174
0.06348
0.2236
0.39824
0.44298000000000004
0.48884
0.36286
0.20733000000000001
0.37651
0.5579400000000001
0.62848
0.72149
0.56667
0.40249
0.31151
0.22313
0.46638
0.67596
0.8723099999999999
1.03
1.01635
0.99899
0.9751299999999999
0.94786
0.91239
0.87412
0.79416
0.7130299999999999
0.62295
0.54695
0.47855000000000003
0.40170999999999996
0.37864
0.34003
0.31123
0.28105
0.22847
0.17834999999999998
0.11694
0.06715
0.023649999999999997
0.0
0.0
0.0
0.0
0.0
0.0
0.0
0.0
0.0
0.0
0.0
0.0
0.0
0.0
0.0
0.0
0.0
0.0
0.0
0.0
0.0
0.0
0.0
0.0
0.0
0.0
0.0
0.0
0.0
0.0
0.0
0.0
0.0
0.0
0.0
0.0
0.0
0.0
0.0
0.0
0.0
0.0
0.0
0.0
0.0
0.0
0.0
0.0
0.006030000000000001
0.01534
0.02682
0.06764
0.11627
0.12465999999999999
0.12426999999999999
0.2815
0.46316
0.5339400000000001
0.60722
0.59021
0.54491
0.6036699999999999
0.66398
0.71501
0.77278
0.8018200000000001
0.82833
0.9339299999999999
1.01729
1.04451
1.06817
1.07605
1.07985
1.07795
1.0719
1.0574400000000002
1.03899
1.0147899999999999
0.9868899999999999
0.9528
0.9155
0.8722000000000001
0.82632
0.77463
0.72123
0.6626599999999999
0.6034700000000001
0.54252
0.47831
0.40845
0.34167000000000003
0.27041000000000004
0.2058
0.13711
0.08174
0.027899999999999998
0.0
0.0
0.0
0.0
0.0
0.0
0.0
0.0
0.0
0.0
0.0
0.0
0.0
0.0
0.0
0.0
0.0
0.0
0.0
0.0
0.0
0.0
0.0
0.0
0.0
0.0
0.0
0.0
0.0
0.0
0.0
0.0
0.0
0.0
0.0
0.0
0.0
0.0
0.0
0.0
0.0
0.0
0.0
0.0
0.0
0.0
0.0
0.0
0.00315
0.009130000000000001
0.01523
0.02541
0.03574
0.02933
0.02286
0.020579999999999998
0.0183
0.054229999999999993
0.09190000000000001
0.1946
0.31409
0.36978
0.42784
0.40232
0.35483
0.30851
0.24226
0.35295
0.47032
0.72453
0.95009
0.99194
1.0250899999999998
0.92348
0.78531
0.64391
0.50427
0.49234
0.47966000000000003
0.4475
0.41576
0.36987000000000003
0.34256
0.24980000000000002
0.15287
0.20038
0.24287999999999998
0.20536000000000001
0.16288
0.11325
0.06481
0.05535
0.046090000000000006
0.032560000000000006
0.01914
0.0103
0.00157
0.0
0.0
0.0
0.0
0.0
0.0
0.0
0.0
0.0
0.0
0.0
0.0
0.0
0.0
0.0
0.0
0.0
0.0
0.0
0.0
0.0
0.0
0.0
0.0
0.0
0.0
0.0
0.0
0.0
0.0
0.0
0.0
0.0
0.0
0.0
0.0
0.0
0.0
0.0
0.0
0.0
0.0
0.0
0.0
0.0
0.0
0.0
0.00698
0.01468
0.02111
0.04829
0.07998000000000001
0.05627
0.02555
0.03731
0.04906
0.06069
0.07262
0.08679
0.10111
0.09976
0.09848
0.11414
0.13005
0.12717
0.12429000000000001
0.13159
0.13896
0.15488
0.17095
0.18093
0.19091999999999998
0.16482
0.13909
0.12133
0.10377
0.11503000000000001
0.12626
0.14028
0.15458000000000002
0.14806
0.14154
0.10275
0.06542
0.048729999999999996
0.03214
0.0402
0.04829
0.07142
0.08741
0.13474
0.16416
0.10626000000000001
0.060950000000000004
0.023780000000000003
0.00315
0.0
0.0
0.0
0.0
0.0
0.0
0.0
0.0
0.0
0.0
0.0
0.0
0.0
0.0
0.0
0.0
0.0
0.0
0.0
0.0
0.0
0.0
0.0
0.0
0.0
0.0
0.0
0.0
0.0
0.0
0.0
0.0
0.0
0.0
0.0
0.0
0.0
0.0
0.0
0.0
0.0
0.0
0.0
0.0
0.0
0.0
0.0
0.00319
0.00694
0.01063
0.01597
0.02133
0.03016
0.039009999999999996
0.06035
0.08253
0.11309999999999999
0.14509
0.18272
0.21299
0.25719
0.30327
0.37159
0.42544
0.40514
0.36265
0.33893
0.31425
0.35501
0.39618000000000003
0.4772
0.5355800000000001
0.52704
0.51771
0.52889
0.53864
0.46474
0.37285
0.25564
0.13497
0.14267
0.15034999999999998
0.16546
0.1698
0.15148
0.13355
0.15462
0.18076
0.12728
0.08576
0.08401
0.07686
0.047310000000000005
0.02568
0.01284
0.00315
0.0
0.0
0.0
0.0
0.0
0.0
0.0
0.0
0.0
0.0
0.0
0.0
0.0
0.0
0.0
0.0
0.0
0.0
0.0
0.0
0.0
0.0
0.0
0.0
0.0
0.0
0.0
0.0
0.0
0.0
0.0
0.0
0.0
0.0
0.0
0.0
0.0
0.0
0.0
0.0
0.0
0.0
0.0
0.0
0.0
0.0
0.0
0.013710000000000002
0.04985
0.10577
0.16337000000000002
0.232
0.29835
0.37060000000000004
0.38032
0.36386
0.45335000000000003
0.5475599999999999
0.63164
0.71957
0.78076
0.84925
0.89409
0.93614
0.97138
1.0032699999999999
1.02751
1.0478699999999999
1.06329
1.0746600000000002
1.08041
1.08201
1.07654
1.06698
1.04953
1.02823
1.00269
0.9735900000000001
0.93841
0.90016
0.85612
0.80969
0.75807
0.70488
0.65083
0.59062
0.52612
0.46264999999999995
0.39456
0.32958
0.25780000000000003
0.19338
0.1303
0.07855
0.0313
0.00787
0.0
0.0
0.0
0.0
0.0
0.0
0.0
0.0
0.0
0.0
0.0
0.0
0.0
0.0
0.0
0.0
0.0
0.0
0.0
0.0
0.0
0.0
0.0
0.0
0.0
0.0
0.0
0.0
0.0
0.0
0.0
0.0
0.0
0.0
0.0
0.0
0.0
0.0
0.0
0.0
0.0
0.0
0.0
0.0
0.0
0.0
0.0
0.014039999999999999
0.0494
0.10235999999999999
0.15902000000000002
0.227
0.29116000000000003
0.36149000000000003
0.42736
0.49655
0.5604600000000001
0.62527
0.6855399999999999
0.7452799999999999
0.79174
0.84288
0.88809
0.93071
0.9659099999999999
0.99783
1.0216399999999999
1.04163
1.05819
1.07077
1.0759
1.07692
1.0608199999999999
1.04073
1.0251400000000002
1.0058099999999999
0.96463
0.90825
0.91215
0.89791
0.8549
0.80933
0.75858
0.70612
0.65212
0.59185
0.52758
0.46416
0.39720999999999995
0.33285000000000003
0.26327
0.19959
0.13382
0.08017
0.0308
0.00708
0.0
0.0
0.0
0.0
0.0
0.0
0.0
0.0
0.0
0.0
0.0
0.0
0.0
0.0
0.0
0.0
0.0
0.0
0.0
0.0
0.0
0.0
0.0
0.0
0.0
0.0
0.0
0.0
0.0
0.0
0.0
0.0
0.0
0.0
0.0
0.0
0.0
0.0
0.0
0.0
0.0
0.0
0.0
0.0
0.0
0.0
0.0
0.00719
0.01497
0.02151
0.032049999999999995
0.04324
0.11065000000000001
0.18506999999999998
0.22691
0.27094
0.26667
0.24418
0.29457
0.33444
0.30333
0.28332
0.32502
0.36809
0.34479000000000004
0.32062
0.2085
0.09237999999999999
0.07862999999999999
0.06502
0.06894
0.07293000000000001
0.06854
0.06423000000000001
0.07805
0.09209
0.07834999999999999
0.0649
0.05903
0.05318
0.049659999999999996
0.04614
0.05226
0.05835
0.04288
0.027530000000000002
0.027129999999999998
0.026719999999999997
0.04491
0.06078
0.06267
0.06631000000000001
0.047189999999999996
0.02975
0.015220000000000001
0.00393
0.0
0.0
0.0
0.0
0.0
0.0
0.0
0.0
0.0
0.0
0.0
0.0
0.0
0.0
0.0
0.0
0.0
0.0
0.0
0.0
0.0
0.0
0.0
0.0
0.0
0.0
0.0
0.0
0.0
0.0
0.0
0.0
0.0
0.0
0.0
0.0
0.0
0.0
0.0
0.0
0.0
0.0
0.0
0.0
0.0
0.0
0.0
0.013609999999999999
0.03882
0.07254000000000001
0.09131
0.10917
0.0942
0.05618
0.08776
0.12075
0.18663
0.25117
0.44185
0.62779
0.72952
0.83445
0.87929
0.92153
0.9580700000000001
0.99146
1.01797
1.04073
1.05664
1.06856
1.0731199999999999
1.07355
1.06748
1.0573800000000002
1.04223
1.02321
0.99764
0.96854
0.9334199999999999
0.89525
0.85058
0.80361
0.7314400000000001
0.6568999999999999
0.56698
0.48348
0.42660000000000003
0.3655
0.335
0.29301
0.21388
0.14551
0.08266
0.03555
0.021079999999999998
0.00787
0.0
0.0
0.0
0.0
0.0
0.0
0.0
0.0
0.0
0.0
0.0
0.0
0.0
0.0
0.0
0.0
0.0
0.0
0.0
0.0
0.0
0.0
0.0
0.0
0.0
0.0
0.0
0.0
0.0
0.0
0.0
0.0
0.0
0.0
0.0
0.0
0.0
0.0
0.0
0.0
0.0
0.0
0.0
0.0
0.0
0.0
0.00511
0.010199999999999999
0.03782
0.08417
0.14536000000000002
0.22472999999999999
0.28744
0.35634
0.42079
0.48792
0.55115
0.61542
0.67396
0.7259800000000001
0.77763
0.8277599999999999
0.87164
0.91287
0.94737
0.97866
1.00488
1.0274100000000002
1.04315
1.05492
1.0602
1.06137
1.05554
1.04563
1.02983
1.01013
0.98522
0.95669
0.9218
0.88386
0.8395199999999999
0.79276
0.7411599999999999
0.6880599999999999
0.63015
0.57547
0.51143
0.44848000000000005
0.36801999999999996
0.29613
0.20125
0.12273
0.09477
0.06418
0.02586
0.009439999999999999
0.0
0.0
0.0
0.0
0.0
0.0
0.0
0.0
0.0
0.0
0.0
0.0
0.0
0.0
0.0
0.0
0.0
0.0
0.0
0.0
0.0
0.0
0.0
0.0
0.0
0.0
0.0
0.0
0.0
0.0
0.0
0.0
0.0
0.0
0.0
0.0
0.0
0.0
0.0
0.0
0.0
0.0
0.0
0.0
0.0
0.0
0.00157
0.00302
0.006059999999999999
0.0091
0.01711
0.025160000000000002
0.03246
0.03979
0.03748
0.03519
0.04254
0.0499
0.06659000000000001
0.0837
0.11852
0.15433000000000002
0.14106
0.12798
0.23683
0.34212
0.35305000000000003
0.36384
0.33942
0.31472
0.34355
0.37241
0.37015
0.36761
0.28744
0.19546
0.20702
0.21843
0.43872000000000005
0.61463
0.6901900000000001
0.73841
0.57685
0.42267
0.37554000000000004
0.32985000000000003
0.24617
0.1746
0.15643
0.12850999999999999
0.12983
0.12076
0.06834
0.03243
0.016329999999999997
0.004719999999999999
0.0
0.0
0.0
0.0
0.0
0.0
0.0
0.0
0.0
0.0
0.0
0.0
0.0
0.0
0.0
0.0
0.0
0.0
0.0
0.0
0.0
0.0
0.0
0.0
0.0
0.0
0.0
0.0
0.0
0.0
0.0
0.0
0.0
0.0
0.0
0.0
0.0
0.0
0.0
0.0
0.0
0.0
0.0
0.0
0.0
0.0
0.00826
0.01651
0.04593
0.08917
0.13665
0.19782
0.26131
0.33322
0.38180000000000003
0.42858999999999997
0.42325999999999997
0.39567
0.41729
0.43565
0.48797
0.5422899999999999
0.5969800000000001
0.6534
0.7024900000000001
0.73433
0.76342
0.7909400000000001
0.83498
0.88199
0.86627
0.85235
0.78371
0.6971900000000001
0.66434
0.63088
0.5189900000000001
0.41105
0.46855
0.50266
0.5049399999999999
0.48822000000000004
0.40208999999999995
0.33573000000000003
0.23188
0.14078
0.10396
0.06871
0.06866
0.06849
0.061799999999999994
0.055229999999999994
0.04008
0.02522
0.01531
0.00551
0.0
0.0
0.0
0.0
0.0
0.0
0.0
0.0
0.0
0.0
0.0
0.0
0.0
0.0
0.0
0.0
0.0
0.0
0.0
0.0
0.0
0.0
0.0
0.0
0.0
0.0
0.0
0.0
0.0
0.0
0.0
0.0
0.0
0.0
0.0
0.0
0.0
0.0
0.0
0.0
0.0
0.0
0.0
0.0
0.0
0.0
0.00787
0.015470000000000001
0.03492
0.05747
0.08320999999999999
0.11094
0.17637
0.26079
0.31083
0.36279
0.37365
0.38827
0.40998
0.41442
0.47502
0.52306
0.57397
0.62663
0.63655
0.64386
0.63995
0.63352
0.6494500000000001
0.66414
0.58396
0.52339
0.57684
0.64935
0.57594
0.5237
0.47884
0.41607
0.45244
0.46694
0.42968
0.39327999999999996
0.43077
0.44453
0.41724
0.39872
0.32852
0.27467
0.23668
0.18672999999999998
0.17
0.14858000000000002
0.10073
0.061130000000000004
0.02607
0.010230000000000001
0.0
0.0
0.0
0.0
0.0
0.0
0.0
0.0
0.0
0.0
0.0
0.0
0.0
0.0
0.0
0.0
0.0
0.0
0.0
0.0
0.0
0.0
0.0
0.0
0.0
0.0
0.0
0.0
0.0
0.0
0.0
0.0
0.0
0.0
0.0
0.0
0.0
0.0
0.0
0.0
0.0
0.0
0.0
0.0
0.0
0.0
0.00865
0.01688
0.03861
0.06947
0.10342
0.14181
0.17183
0.20318
0.19708
0.17925
0.23441
0.30545999999999995
0.36466000000000004
0.4423
0.43252999999999997
0.4332
0.43263999999999997
0.41184
0.40141000000000004
0.38955
0.40668
0.42371
0.42310000000000003
0.42205000000000004
0.44522
0.46807
0.4078
0.34797
0.32289
0.29798
0.33174000000000003
0.38201999999999997
0.36737000000000003
0.35223000000000004
0.36861
0.38141
0.46401
0.53214
0.49463
0.45430000000000004
0.40532999999999997
0.35583
0.30365
0.25278
0.19304
0.1409
0.08679
0.04553
0.02274
0.009439999999999999
0.0
0.0
0.0
0.0
0.0
0.0
0.0
0.0
0.0
0.0
0.0
0.0
0.0
0.0
0.0
0.0
0.0
0.0
0.0
0.0
0.0
0.0
0.0
0.0
0.0
0.0
0.0
0.0
0.0
0.0
0.0
0.0
0.0
0.0
0.0
0.0
0.0
0.0
0.0
0.0
0.0
0.0
0.0
0.0
0.0
0.0
0.011800000000000001
0.023370000000000002
0.06078
0.11683
0.17467
0.24196
0.30621
0.37385
0.43899
0.50604
0.5679500000000001
0.62999
0.68333
0.73976
0.7909700000000001
0.84024
0.88376
0.9244600000000001
0.9571000000000001
0.98627
1.00355
1.01634
1.03943
1.05876
1.0617699999999999
1.06062
1.0548499999999998
1.04496
1.0295999999999998
1.01028
0.983
0.95217
0.90954
0.8647400000000001
0.82614
0.78415
0.7355499999999999
0.68479
0.62591
0.56655
0.50599
0.44312
0.37711
0.31381
0.24678
0.18444
0.12231
0.07110999999999999
0.02639
0.011800000000000001
0.0
0.0
0.0
0.0
0.0
0.0
0.0
0.0
0.0
0.0
0.0
0.0
0.0
0.0
0.0
0.0
0.0
0.0
0.0
0.0
0.0
0.0
0.0
0.0
0.0
0.0
0.0
0.0
0.0
0.0
0.0
0.0
0.0
0.0
0.0
0.0
0.0
0.0
0.0
0.0
0.0
0.0
0.0
0.0
0.0
0.0
0.011800000000000001
0.02152
0.05223
0.09631999999999999
0.14322
0.20246
0.22397
0.24062999999999998
0.27736
0.30188
0.43038
0.5755
0.62525
0.6732400000000001
0.72838
0.77931
0.8152
0.8479099999999999
0.88573
0.92111
0.9042
0.8702000000000001
0.82104
0.7534299999999999
0.74685
0.73822
0.73077
0.72156
0.6934400000000001
0.66434
0.60609
0.53063
0.47237
0.41620999999999997
0.40117
0.38537
0.35669999999999996
0.32804
0.25453
0.19759000000000002
0.15863
0.12137
0.12925999999999999
0.1383
0.13068000000000002
0.11894
0.08066
0.0479
0.02289
0.009439999999999999
0.0
0.0
0.0
0.0
0.0
0.0
0.0
0.0
0.0
0.0
0.0
0.0
0.0
0.0
0.0
0.0
0.0
0.0
0.0
0.0
0.0
0.0
0.0
0.0
0.0
0.0
0.0
0.0
0.0
0.0
0.0
0.0
0.0
0.0
0.0
0.0
0.0
0.0
0.0
0.0
0.0
0.0
0.0
0.0
0.0
0.0
0.013380000000000001
0.02402
0.055920000000000004
0.10024
0.13855
0.17754
0.22865
0.28469
0.33969
0.39776999999999996
0.47994
0.5646599999999999
0.62046
0.67367
0.71793
0.75989
0.79864
0.83488
0.8318300000000001
0.81331
0.8290299999999999
0.83725
0.7887799999999999
0.71824
0.69097
0.66187
0.66122
0.65901
0.6795399999999999
0.6971799999999999
0.59756
0.48314
0.36275
0.26492
0.24587
0.22688999999999998
0.22843
0.22918
0.21152
0.19383
0.21908000000000002
0.22797
0.21916
0.1963
0.16143000000000002
0.12736
0.07761
0.0395
0.02112
0.00865
0.0
0.0
0.0
0.0
0.0
0.0
0.0
0.0
0.0
0.0
0.0
0.0
0.0
0.0
0.0
0.0
0.0
0.0
0.0
0.0
0.0
0.0
0.0
0.0
0.0
0.0
0.0
0.0
0.0
0.0
0.0
0.0
0.0
0.0
0.0
0.0
0.0
0.0
0.0
0.0
0.0
0.0
0.0
0.0
0.0
0.0
0.006690000000000001
0.01271
0.04081
0.08564
0.07715999999999999
0.05584
0.06253
0.06709
0.08782
0.10895999999999999
0.12588
0.14333
0.13786
0.13205
0.15330000000000002
0.175
0.22572
0.29475
0.46661
0.64773
0.7466
0.8294400000000001
0.8204199999999999
0.8077000000000001
0.79607
0.78186
0.78822
0.79186
0.8205
0.84858
0.7857000000000001
0.7280599999999999
0.70869
0.6862699999999999
0.6463300000000001
0.6054400000000001
0.57636
0.5438099999999999
0.46952999999999995
0.39074000000000003
0.34492
0.2995
0.24218
0.19113999999999998
0.12301999999999999
0.07093
0.04919
0.0308
0.01946
0.00865
0.0
0.0
0.0
0.0
0.0
0.0
0.0
0.0
0.0
0.0
0.0
0.0
0.0
0.0
0.0
0.0
0.0
0.0
0.0
0.0
0.0
0.0
0.0
0.0
0.0
0.0
0.0
0.0
0.0
0.0
0.0
0.0
0.0
0.0
0.0
0.0
0.0
0.0
0.0
0.0
0.0
0.0
0.0
0.0
0.0
0.0
0.00787
0.013710000000000002
0.02491
0.0362
0.0456
0.055299999999999995
0.11967
0.19979
0.263
0.33073
0.32644999999999996
0.30034
0.35805000000000003
0.41938
0.47826
0.5253
0.50104
0.48801
0.47845
0.46676999999999996
0.53824
0.6306
0.6792100000000001
0.72733
0.66886
0.58841
0.6056
0.6409900000000001
0.6618200000000001
0.68004
0.63082
0.58223
0.53671
0.50849
0.48258
0.45588999999999996
0.42307
0.38987
0.41829
0.43255
0.38882
0.34412
0.32145999999999997
0.28408
0.23096
0.17897
0.11854
0.06926
0.027710000000000002
0.01574
0.0
0.0
0.0
0.0
0.0
0.0
0.0
0.0
0.0
0.0
0.0
0.0
0.0
0.0
0.0
0.0
0.0
0.0
0.0
0.0
0.0
0.0
0.0
0.0
0.0
0.0
0.0
0.0
0.0
0.0
0.0
0.0
0.0
0.0
0.0
0.0
0.0
0.0
0.0
0.0
0.0
0.0
0.0
0.0
0.0
0.0
0.01692
0.028149999999999998
0.06766
0.11941
0.17443999999999998
0.23727
0.29634
0.35863999999999996
0.39674
0.42793000000000003
0.47907
0.52911
0.58398
0.63909
0.72601
0.81426
0.85662
0.89632
0.91848
0.9481900000000001
0.97003
0.98825
1.00139
1.0107599999999999
1.01594
1.01729
1.0052999999999999
1.0049299999999999
0.95248
0.90855
0.86448
0.8188
0.7963600000000001
0.7699400000000001
0.7699199999999999
0.7569600000000001
0.69733
0.64
0.58373
0.52706
0.46781
0.40973000000000004
0.34486
0.28414
0.22107
0.16182
0.10674
0.06293
0.02777
0.01495
0.0
0.0
0.0
0.0
0.0
0.0
0.0
0.0
0.0
0.0
0.0
0.0
0.0
0.0
0.0
0.0
0.0
0.0
0.0
0.0
0.0
0.0
0.0
0.0
0.0
0.0
0.0
0.0
0.0
0.0
0.0
0.0
0.0
0.0
0.0
0.0
0.0
0.0
0.0
0.0
0.0
0.0
0.0
0.0
0.0
0.00315
0.01466
0.026170000000000002
0.058070000000000004
0.10357999999999999
0.15516999999999997
0.22172999999999998
0.27857
0.33987
0.39904
0.46049
0.51436
0.5678300000000001
0.6065
0.6409900000000001
0.67075
0.69571
0.70689
0.71839
0.77597
0.83993
0.83813
0.83008
0.8290599999999999
0.8247000000000001
0.8391000000000001
0.85082
0.7892899999999999
0.71121
0.6330399999999999
0.5375
0.49367
0.45036000000000004
0.39824
0.3643
0.29886
0.23582
0.32775
0.40761000000000003
0.45599
0.48058999999999996
0.40536
0.34207
0.27222
0.20542
0.14414
0.09319
0.06559000000000001
0.040549999999999996
0.02393
0.01085
0.00551
0.0
0.0
0.0
0.0
0.0
0.0
0.0
0.0
0.0
0.0
0.0
0.0
0.0
0.0
0.0
0.0
0.0
0.0
0.0
0.0
0.0
0.0
0.0
0.0
0.0
0.0
0.0
0.0
0.0
0.0
0.0
0.0
0.0
0.0
0.0
0.0
0.0
0.0
0.0
0.0
0.0
0.0
0.0
0.0
0.0023599999999999997
0.00683
0.0114
0.013300000000000001
0.0152
0.02018
0.025160000000000002
0.02556
0.02596
0.0375
0.049100000000000005
0.05725
0.06543
0.05888
0.052340000000000005
0.04735
0.04236
0.045880000000000004
0.049409999999999996
0.051770000000000004
0.05414
0.05689
0.05965
0.06553
0.0715
0.08225
0.09304000000000001
0.08741
0.08179
0.08095000000000001
0.08009000000000001
0.07407
0.06809
0.06688
0.06566
0.059789999999999996
0.05393
0.05465999999999999
0.05539
0.04955
0.04372
0.03907
0.03442
0.02941
0.02441
0.01636
0.00835
0.00644
0.00454
0.0034
0.00227
0.0011799999999999998
0.0
0.0
0.0
0.0
0.0
0.0
0.0
0.0
0.0
0.0
0.0
0.0
0.0
0.0
0.0
0.0
0.0
0.0
0.0
0.0
0.0
0.0
0.0
0.0
0.0
0.0
0.0
0.0
0.0
0.0
0.0
0.0
0.0
0.0
0.0
0.0
0.0
0.0
0.0
0.0
0.0
0.0
0.0
0.0
0.00787
0.01966
0.03186
0.07138
0.12258
0.17728
0.23962999999999998
0.30039
0.36519
0.42782
0.49260000000000004
0.5529
0.61219
0.66643
0.71965
0.7695299999999999
0.81765
0.8600599999999999
0.89975
0.92822
0.95277
0.9668
0.97642
1.00223
1.00922
1.0132999999999999
0.9975599999999999
0.99548
0.98952
0.95043
0.9004099999999999
0.82875
0.75552
0.72411
0.69064
0.62272
0.54513
0.48922000000000004
0.43604000000000004
0.39352
0.3514
0.27477999999999997
0.21497
0.19672
0.17881
0.13229
0.09705
0.06874
0.04394
0.02536
0.011640000000000001
0.005900000000000001
0.0
0.0
0.0
0.0
0.0
0.0
0.0
0.0
0.0
0.0
0.0
0.0
0.0
0.0
0.0
0.0
0.0
0.0
0.0
0.0
0.0
0.0
0.0
0.0
0.0
0.0
0.0
0.0
0.0
0.0
0.0
0.0
0.0
0.0
0.0
0.0
0.0
0.0
0.0
0.0
0.0
0.0
0.0
0.0
0.00079
0.0034
0.006059999999999999
0.00948
0.01291
0.02861
0.04464
0.09819
0.15647999999999998
0.16531
0.17164
0.18861
0.20504
0.28387
0.3817
0.49983999999999995
0.6315700000000001
0.69731
0.7716799999999999
0.69088
0.57141
0.73035
0.86703
0.88891
0.9079400000000001
0.8118
0.7009099999999999
0.67869
0.65516
0.5794900000000001
0.52318
0.48562
0.44835
0.38482
0.33976
0.31
0.28034
0.31099
0.32411
0.29761000000000004
0.27176999999999996
0.24271
0.21299
0.25977
0.27177999999999997
0.17343
0.09845999999999999
0.061020000000000005
0.032560000000000006
0.02091
0.00943
0.004719999999999999
0.0
0.0
0.0
0.0
0.0
0.0
0.0
0.0
0.0
0.0
0.0
0.0
0.0
0.0
0.0
0.0
0.0
0.0
0.0
0.0
0.0
0.0
0.0
0.0
0.0
0.0
0.0
0.0
0.0
0.0
0.0
0.0
0.0
0.0
0.0
0.0
0.0
0.0
0.0
0.0
0.0
0.0
0.0
0.0
0.0023599999999999997
0.00836
0.01446
0.02761
0.04086
0.06309000000000001
0.08947
0.13766
0.19035
0.22927
0.26938999999999996
0.34849
0.42774
0.5222
0.62151
0.70737
0.7943600000000001
0.82747
0.85645
0.88934
0.91928
0.95533
0.97512
0.9883500000000001
0.99782
1.00166
1.00168
0.99512
0.9847899999999999
0.9685
0.94862
0.92311
0.89435
0.87007
0.83161
0.7874800000000001
0.74126
0.68898
0.63561
0.57889
0.52276
0.46134
0.40137
0.33843
0.27891000000000005
0.21722999999999998
0.16176
0.10407999999999999
0.05992
0.03053
0.01882
0.00983
0.0
0.0
0.0
0.0
0.0
0.0
0.0
0.0
0.0
0.0
0.0
0.0
0.0
0.0
0.0
0.0
0.0
0.0
0.0
0.0
0.0
0.0
0.0
0.0
0.0
0.0
0.0
0.0
0.0
0.0
0.0
0.0
0.0
0.0
0.0
0.0
0.0
0.0
0.0
0.0
0.0
0.0
0.0
0.0
0.004719999999999999
0.015210000000000001
0.02562
0.04433
0.06653
0.08616
0.10631
0.11353
0.11516
0.15741
0.19877
0.22391999999999998
0.24919
0.279
0.30963
0.33779000000000003
0.36651999999999996
0.45655
0.55338
0.72649
0.89943
0.9315599999999999
0.95165
0.96754
0.97994
0.9560599999999999
0.91874
0.87203
0.82214
0.78965
0.7590800000000001
0.6546799999999999
0.5721900000000001
0.59935
0.63451
0.6952999999999999
0.72854
0.6822699999999999
0.63373
0.57769
0.5213
0.46053
0.40014999999999995
0.33699
0.27688999999999997
0.21533000000000002
0.15941
0.10496
0.060270000000000004
0.02932
0.01891
0.00983
0.0
0.0
0.0
0.0
0.0
0.0
0.0
0.0
0.0
0.0
0.0
0.0
0.0
0.0
0.0
0.0
0.0
0.0
0.0
0.0
0.0
0.0
0.0
0.0
0.0
0.0
0.0
0.0
0.0
0.0
0.0
0.0
0.0
0.0
0.0
0.0
0.0
0.0
0.0
0.0
0.0
0.0
0.0
0.0
0.00708
0.02014
0.03315
0.05482
0.07836
0.10026
0.12140999999999999
0.16654
0.22526
0.30278
0.38574
0.47622000000000003
0.57237
0.62512
0.6745599999999999
0.72129
0.76639
0.8064
0.84404
0.87566
0.90431
0.92714
0.9466
0.96028
0.97036
0.9765199999999999
0.9635900000000001
0.9624299999999999
0.9573200000000001
0.94164
0.92245
0.89724
0.86885
0.8346
0.80676
0.7639400000000001
0.71913
0.6692100000000001
0.61813
0.56217
0.50648
0.44588
0.38682
0.32558
0.26779000000000003
0.20774
0.15380000000000002
0.09870999999999999
0.05672
0.03055
0.01886
0.00983
0.0
0.0
0.0
0.0
0.0
0.0
0.0
0.0
0.0
0.0
0.0
0.0
0.0
0.0
0.0
0.0
0.0
0.0
0.0
0.0
0.0
0.0
0.0
0.0
0.0
0.0
0.0
0.0
0.0
0.0
0.0
0.0
0.0
0.0
0.0
0.0
0.0
0.0
0.0
0.0
0.0
0.0
0.0
0.0
0.01102
0.023059999999999997
0.03556
0.07125
0.11993999999999999
0.17165
0.23036
0.28833
0.35028
0.40887
0.46908
0.5251399999999999
0.58113
0.63406
0.68588
0.731
0.77401
0.8126599999999999
0.84862
0.86029
0.87409
0.86317
0.84363
0.82902
0.81244
0.81932
0.8236100000000001
0.82664
0.82675
0.8070499999999999
0.78515
0.80486
0.81557
0.7575
0.69569
0.65832
0.61914
0.60084
0.57127
0.5275299999999999
0.48158999999999996
0.42181
0.36434
0.30408999999999997
0.24386000000000002
0.19362000000000001
0.14639
0.09731000000000001
0.05686
0.0322
0.019440000000000002
0.010230000000000001
0.0
0.0
0.0
0.0
0.0
0.0
0.0
0.0
0.0
0.0
0.0
0.0
0.0
0.0
0.0
0.0
0.0
0.0
0.0
0.0
0.0
0.0
0.0
0.0
0.0
0.0
0.0
0.0
0.0
0.0
0.0
0.0
0.0
0.0
0.0
0.0
0.0
0.0
0.0
0.0
0.0
0.0
0.0
0.0
0.00787
0.02341
0.038939999999999995
0.06808
0.1102
0.14577
0.17203
0.23198
0.298
0.3413
0.38276
0.41376999999999997
0.4295
0.46761
0.5048
0.57149
0.62989
0.68809
0.75229
0.80653
0.85953
0.82462
0.77864
0.72417
0.65132
0.70577
0.77627
0.75037
0.7067899999999999
0.73423
0.7426200000000001
0.71153
0.67901
0.5934299999999999
0.52671
0.4995
0.47193999999999997
0.46097000000000005
0.44459
0.38836000000000004
0.33563
0.36463
0.36724
0.29466000000000003
0.22879
0.15043
0.09442
0.07318000000000001
0.044090000000000004
0.02828
0.02048
0.01102
0.0
0.0
0.0
0.0
0.0
0.0
0.0
0.0
0.0
0.0
0.0
0.0
0.0
0.0
0.0
0.0
0.0
0.0
0.0
0.0
0.0
0.0
0.0
0.0
0.0
0.0
0.0
0.0
0.0
0.0
0.0
0.0
0.0
0.0
0.0
0.0
0.0
0.0
0.0
0.0
0.0
0.0
0.0
0.0
0.0062900000000000005
0.01449
0.02291
0.039619999999999995
0.05886
0.06681000000000001
0.0735
0.07809999999999999
0.08353000000000001
0.1163
0.15619999999999998
0.20657
0.25989
0.30027
0.34246
0.35863
0.37431
0.43711
0.4879
0.50199
0.51507
0.48554
0.43606
0.44160000000000005
0.4467
0.35818
0.27057
0.28796
0.30507
0.30477
0.30434
0.2546
0.22165
0.18058000000000002
0.14036
0.09935
0.05938
0.05197
0.04458
0.03336
0.02219
0.019489999999999997
0.01679
0.0141
0.01141
0.0095
0.0075899999999999995
0.00644
0.0053
0.00454
0.00378
0.0023599999999999997
0.0
0.0
0.0
0.0
0.0
0.0
0.0
0.0
0.0
0.0
0.0
0.0
0.0
0.0
0.0
0.0
0.0
0.0
0.0
0.0
0.0
0.0
0.0
0.0
0.0
0.0
0.0
0.0
0.0
0.0
0.0
0.0
0.0
0.0
0.0
0.0
0.0
0.0
0.0
0.0
0.0
0.0
0.0
0.0
0.00393
0.00949
0.015210000000000001
0.02364
0.03209
0.08656
0.15446000000000001
0.1889
0.22222999999999998
0.28531
0.36671
0.42552999999999996
0.48998
0.44214
0.35254
0.31377999999999995
0.25531
0.36601
0.4681
0.57139
0.68036
0.7541
0.83143
0.75281
0.65611
0.68015
0.72068
0.59133
0.46347000000000005
0.51215
0.55843
0.46879000000000004
0.38151
0.32805
0.29145
0.26716
0.24352000000000001
0.23171
0.21897
0.20526
0.19149000000000002
0.14118
0.09145
0.06963
0.04833
0.04011
0.03208
0.02401
0.01597
0.01102
0.0062699999999999995
0.00315
0.0
0.0
0.0
0.0
0.0
0.0
0.0
0.0
0.0
0.0
0.0
0.0
0.0
0.0
0.0
0.0
0.0
0.0
0.0
0.0
0.0
0.0
0.0
0.0
0.0
0.0
0.0
0.0
0.0
0.0
0.0
0.0
0.0
0.0
0.0
0.0
0.0
0.0
0.0
0.0
0.0
0.0
0.0
0.0023599999999999997
0.00454
0.01311
0.02117
0.032
0.04059
0.07765999999999999
0.12387000000000001
0.18899000000000002
0.26638999999999996
0.34325
0.43055
0.4603
0.48968
0.5925
0.69824
0.75281
0.7990900000000001
0.83921
0.87663
0.90695
0.9339400000000001
0.95568
0.97378
0.98772
0.99782
1.0004199999999999
0.99906
0.99199
0.98105
0.96277
0.9409
0.91422
0.88424
0.8491000000000001
0.81113
0.76685
0.72682
0.6756
0.62306
0.56598
0.5088199999999999
0.44813
0.38749
0.32532
0.26613
0.20537
0.15014
0.09736
0.05386
0.03239
0.02271
0.01259
0.0
0.0
0.0
0.0
0.0
0.0
0.0
0.0
0.0
0.0
0.0
0.0
0.0
0.0
0.0
0.0
0.0
0.0
0.0
0.0
0.0
0.0
0.0
0.0
0.0
0.0
0.0
0.0
0.0
0.0
0.0
0.0
0.0
0.0
0.0
0.0
0.0
0.0
0.0
0.0
0.0
0.0
0.0
0.00826
0.01576
0.02818
0.04051
0.06978
0.10865999999999999
0.14277
0.16784000000000002
0.22528
0.28673000000000004
0.33442
0.38295
0.46399
0.5503899999999999
0.60836
0.6661699999999999
0.71177
0.75583
0.7956599999999999
0.8231499999999999
0.85277
0.87927
0.8998999999999999
0.9171699999999999
0.92875
0.93679
0.94041
0.94045
0.93467
0.9252999999999999
0.9092
0.87664
0.8484299999999999
0.81765
0.8012
0.7788099999999999
0.7365900000000001
0.6924
0.64432
0.59497
0.5389299999999999
0.48352999999999996
0.42779
0.37243
0.31239
0.25543
0.19815
0.14655
0.09575
0.05143
0.03394
0.023329999999999997
0.01298
0.0
0.0
0.0
0.0
0.0
0.0
0.0
0.0
0.0
0.0
0.0
0.0
0.0
0.0
0.0
0.0
0.0
0.0
0.0
0.0
0.0
0.0
0.0
0.0
0.0
0.0
0.0
0.0
0.0
0.0
0.0
0.0
0.0
0.0
0.0
0.0
0.0
0.0
0.0
0.0
0.0
0.0
0.0
0.00511
0.0101
0.0154
0.01982
0.03591
0.05343
0.07073
0.0889
0.14768
0.21455000000000002
0.33617
0.47164
0.52831
0.5846399999999999
0.6303200000000001
0.67301
0.7262000000000001
0.77888
0.81826
0.84477
0.87572
0.90359
0.9251900000000001
0.9433400000000001
0.95661
0.96623
0.9699099999999999
0.96985
0.96336
0.95312
0.93786
0.91899
0.89528
0.86815
0.8346399999999999
0.79825
0.75719
0.7199800000000001
0.67011
0.61873
0.56396
0.50863
0.44867
0.38856
0.32731
0.26879000000000003
0.20806
0.15293
0.09971
0.05595
0.03604
0.025670000000000002
0.01416
0.0
0.0
0.0
0.0
0.0
0.0
0.0
0.0
0.0
0.0
0.0
0.0
0.0
0.0
0.0
0.0
0.0
0.0
0.0
0.0
0.0
0.0
0.0
0.0
0.0
0.0
0.0
0.0
0.0
0.0
0.0
0.0
0.0
0.0
0.0
0.0
0.0
0.0
0.0
0.0
0.0
0.0
0.0
0.010230000000000001
0.019649999999999997
0.030100000000000002
0.04352
0.07546
0.12781
0.18343
0.24522
0.30737000000000003
0.37474
0.43676
0.50016
0.5592999999999999
0.61485
0.6691699999999999
0.7219099999999999
0.76902
0.8137300000000001
0.85384
0.8909600000000001
0.91912
0.94362
0.96565
0.98391
0.99698
1.00613
1.00904
1.0079500000000001
0.9993
0.98675
0.96815
0.94587
0.92002
0.89074
0.85598
0.81813
0.77551
0.73034
0.67891
0.62602
0.57313
0.5157999999999999
0.45504
0.39488
0.33276
0.2729
0.20877
0.15134
0.09575
0.04846
0.03464
0.02657
0.01456
0.0
0.0
0.0
0.0
0.0
0.0
0.0
0.0
0.0
0.0
0.0
0.0
0.0
0.0
0.0
0.0
0.0
0.0
0.0
0.0
0.0
0.0
0.0
0.0
0.0
0.0
0.0
0.0
0.0
0.0
0.0
0.0
0.0
0.0
0.0
0.0
0.0
0.0
0.0
0.0
0.0
0.0
0.0
0.010230000000000001
0.01977
0.03087
0.04028
0.07231
0.12426000000000001
0.17882
0.23871
0.29760000000000003
0.36078
0.41983
0.47997
0.5372899999999999
0.5943099999999999
0.64662
0.6922
0.73738
0.7803
0.81884
0.85453
0.8839
0.90989
0.93061
0.9477000000000001
0.9593200000000001
0.96717
0.96988
0.9687899999999999
0.96297
0.95331
0.93559
0.91431
0.88832
0.85907
0.82525
0.78865
0.74541
0.7001799999999999
0.6561
0.60482
0.54945
0.49389999999999995
0.43481000000000003
0.37560000000000004
0.31524
0.25789999999999996
0.19932
0.146
0.09354000000000001
0.050320000000000004
0.03481
0.02244
0.013380000000000001
0.0
0.0
0.0
0.0
0.0
0.0
0.0
0.0
0.0
0.0
0.0
0.0
0.0
0.0
0.0
0.0
0.0
0.0
0.0
0.0
0.0
0.0
0.0
0.0
0.0
0.0
0.0
0.0
0.0
0.0
0.0
0.0
0.0
0.0
0.0
0.0
0.0
0.0
0.0
0.0
0.0
0.0
0.0
0.00787
0.01466
0.02721
0.039799999999999995
0.06523999999999999
0.10369
0.1502
0.20857
0.24717
0.2783
0.30193000000000003
0.32493
0.37727999999999995
0.43401999999999996
0.47381
0.51354
0.49661
0.45849
0.55199
0.63791
0.64522
0.64942
0.6196499999999999
0.57047
0.55737
0.54283
0.52865
0.51358
0.53587
0.5568
0.61551
0.6546900000000001
0.54964
0.46320999999999996
0.43307
0.39042
0.3702
0.34978
0.34788
0.33264
0.30835
0.28326
0.2079
0.14397
0.11903
0.09545000000000001
0.07933
0.0636
0.050140000000000004
0.03645
0.026789999999999998
0.017079999999999998
0.00983
0.0
0.0
0.0
0.0
0.0
0.0
0.0
0.0
0.0
0.0
0.0
0.0
0.0
0.0
0.0
0.0
0.0
0.0
0.0
0.0
0.0
0.0
0.0
0.0
0.0
0.0
0.0
0.0
0.0
0.0
0.0
0.0
0.0
0.0
0.0
0.0
0.0
0.0
0.0
0.0
0.0
0.0
0.0
0.00354
0.00549
0.00797
0.01062
0.01943
0.02834
0.04596
0.06391
0.08174
0.09995
0.11106999999999999
0.12208
0.07953
0.03687
0.06455
0.0928
0.17277
0.25171
0.23038999999999998
0.19854
0.14029
0.08254
0.07313
0.0637
0.08163
0.09968
0.15247
0.20597
0.20324
0.20043
0.14535
0.09133
0.08129
0.07134
0.07518000000000001
0.07898999999999999
0.20262
0.30963999999999997
0.23351
0.17296
0.11727
0.06935
0.04401
0.01909
0.01984
0.02059
0.02096
0.02133
0.01711
0.01291
0.0091
0.0053
0.00315
0.00079
0.0
0.0
0.0
0.0
0.0
0.0
0.0
0.0
0.0
0.0
0.0
0.0
0.0
0.0
0.0
0.0
0.0
0.0
0.0
0.0
0.0
0.0
0.0
0.0
0.0
0.0
0.0
0.0
0.0
0.0
0.0
0.0
0.0
0.0
0.0
0.0
0.0
0.0
0.0
0.0
0.0
0.0
0.00433
0.00835
0.013689999999999999
0.019039999999999998
0.02555
0.03208
0.037469999999999996
0.04287
0.03903
0.03521
0.04255
0.04992
0.07684
0.10413
0.09822
0.09221
0.09309
0.09397
0.08616
0.07839
0.07692
0.07544
0.07668000000000001
0.07789
0.07992
0.08193
0.07995999999999999
0.07798000000000001
0.0875
0.09701
0.10734
0.11762
0.13027
0.14284
0.14251
0.14216
0.12522
0.10855
0.09237000000000001
0.07640999999999999
0.07091
0.06543
0.0718
0.07805
0.08458
0.09004999999999999
0.06296
0.0367
0.02631
0.01597
0.012150000000000001
0.00834
0.00454
0.00079
0.0
0.0
0.0
0.0
0.0
0.0
0.0
0.0
0.0
0.0
0.0
0.0
0.0
0.0
0.0
0.0
0.0
0.0
0.0
0.0
0.0
0.0
0.0
0.0
0.0
0.0
0.0
0.0
0.0
0.0
0.0
0.0
0.0
0.0
0.0
0.0
0.0
0.0
0.0
0.0
0.0
0.0
0.00157
0.00302
0.00454
0.006059999999999999
0.009869999999999999
0.01368
0.02478
0.03594
0.03557
0.03521
0.03062
0.02603
0.05522
0.08484
0.13666
0.18991999999999998
0.20211
0.22378
0.23408
0.23323
0.35425999999999996
0.48349000000000003
0.45438
0.42375
0.32089
0.23436
0.2471
0.25962999999999997
0.39281
0.50927
0.45901
0.40882999999999997
0.44999
0.48847
0.44919
0.41072000000000003
0.29799000000000003
0.20309
0.34518
0.45946
0.37063999999999997
0.27955
0.17432
0.07937000000000001
0.09076000000000001
0.09916
0.12334999999999999
0.12086
0.08381999999999999
0.04167
0.033960000000000004
0.02633
0.01564
0.004719999999999999
0.0
0.0
0.0
0.0
0.0
0.0
0.0
0.0
0.0
0.0
0.0
0.0
0.0
0.0
0.0
0.0
0.0
0.0
0.0
0.0
0.0
0.0
0.0
0.0
0.0
0.0
0.0
0.0
0.0
0.0
0.0
0.0
0.0
0.0
0.0
0.0
0.0
0.0
0.0
0.0
0.0
0.0
0.00747
0.013720000000000001
0.0237
0.033479999999999996
0.052340000000000005
0.07422
0.10264
0.13491999999999998
0.16934
0.20286
0.24941999999999998
0.30106
0.39818000000000003
0.49686
0.48597
0.45044
0.5244800000000001
0.6176699999999999
0.65497
0.69199
0.73637
0.77832
0.78387
0.78528
0.71763
0.6336900000000001
0.62613
0.61712
0.6569400000000001
0.69429
0.6519299999999999
0.60953
0.52765
0.46220999999999995
0.3807
0.31573
0.25133
0.18181
0.14815
0.11537
0.10665999999999999
0.0979
0.08496
0.07229000000000001
0.05372
0.03517
0.03324
0.03131
0.02401
0.016730000000000002
0.011009999999999999
0.0053
0.00302
0.00079
0.0
0.0
0.0
0.0
0.0
0.0
0.0
0.0
0.0
0.0
0.0
0.0
0.0
0.0
0.0
0.0
0.0
0.0
0.0
0.0
0.0
0.0
0.0
0.0
0.0
0.0
0.0
0.0
0.0
0.0
0.0
0.0
0.0
0.0
0.0
0.0
0.0
0.0
0.0
0.0
0.0
0.0
0.01456
0.02492
0.03401
0.04308
0.052700000000000004
0.054880000000000005
0.06039
0.06132
0.07035
0.07948999999999999
0.11316
0.14827
0.22463
0.31238
0.37085
0.44421
0.50396
0.58059
0.61319
0.6453
0.62363
0.58302
0.61402
0.64348
0.6397999999999999
0.63444
0.56508
0.50991
0.45363
0.41352
0.40588
0.39772
0.39927999999999997
0.39996
0.29335
0.183
0.12189
0.0624
0.19391999999999998
0.30865
0.39079
0.43605
0.40042
0.35744
0.29925999999999997
0.24334
0.18684
0.135
0.08526
0.04846
0.039409999999999994
0.0281
0.01705
0.0062900000000000005
0.0
0.0
0.0
0.0
0.0
0.0
0.0
0.0
0.0
0.0
0.0
0.0
0.0
0.0
0.0
0.0
0.0
0.0
0.0
0.0
0.0
0.0
0.0
0.0
0.0
0.0
0.0
0.0
0.0
0.0
0.0
0.0
0.0
0.0
0.0
0.0
0.0
0.0
0.0
0.0
0.0
0.0
0.01416
0.02379
0.03676
0.049729999999999996
0.07435
0.12158
0.17407
0.22879
0.28124
0.33461
0.39282
0.45456
0.5081100000000001
0.5616599999999999
0.61102
0.66013
0.70386
0.7456799999999999
0.78259
0.8169500000000001
0.84753
0.87505
0.8962899999999999
0.91416
0.91123
0.9039299999999999
0.90479
0.90222
0.91527
0.91063
0.89424
0.8744299999999999
0.8492799999999999
0.82102
0.78777
0.7517999999999999
0.71796
0.67436
0.62587
0.57621
0.52267
0.46902
0.41105
0.35508
0.29679
0.24152
0.18631999999999999
0.13643
0.07926000000000001
0.053759999999999995
0.04099
0.02843
0.01722
0.0062900000000000005
0.0
0.0
0.0
0.0
0.0
0.0
0.0
0.0
0.0
0.0
0.0
0.0
0.0
0.0
0.0
0.0
0.0
0.0
0.0
0.0
0.0
0.0
0.0
0.0
0.0
0.0
0.0
0.0
0.0
0.0
0.0
0.0
0.0
0.0
0.0
0.0
0.0
0.0
0.0
0.0
0.0
0.004719999999999999
0.01613
0.02901
0.03743
0.045950000000000005
0.07223
0.12451999999999999
0.17964
0.24212999999999998
0.30097
0.36228
0.42127
0.48101
0.5382100000000001
0.59212
0.64342
0.6931799999999999
0.73914
0.7827999999999999
0.82126
0.85678
0.88512
0.90996
0.93075
0.94782
0.95975
0.96782
0.9702799999999999
0.96881
0.95996
0.94728
0.9303400000000001
0.9096900000000001
0.88421
0.85529
0.82075
0.78322
0.74052
0.6955
0.64677
0.59639
0.54198
0.48793000000000003
0.42934
0.37123
0.31039
0.25154
0.19287
0.13511
0.08169
0.04448
0.037090000000000005
0.02981
0.018600000000000002
0.00708
0.0
0.0
0.0
0.0
0.0
0.0
0.0
0.0
0.0
0.0
0.0
0.0
0.0
0.0
0.0
0.0
0.0
0.0
0.0
0.0
0.0
0.0
0.0
0.0
0.0
0.0
0.0
0.0
0.0
0.0
0.0
0.0
0.0
0.0
0.0
0.0
0.0
0.0
0.0
0.0
0.0
0.004719999999999999
0.01594
0.027379999999999998
0.03767
0.045840000000000006
0.07135999999999999
0.1232
0.17685
0.23792
0.29692
0.35873
0.41638
0.47461000000000003
0.5291399999999999
0.58411
0.6353
0.6849
0.72975
0.77227
0.81
0.84477
0.87317
0.89811
0.9182100000000001
0.93462
0.94596
0.95348
0.95453
0.95174
0.94469
0.93384
0.91671
0.8959600000000001
0.8696900000000001
0.84015
0.8066
0.7701
0.7276900000000001
0.68302
0.63471
0.5848099999999999
0.53138
0.47837999999999997
0.42087
0.36389
0.30423
0.24659
0.18544999999999998
0.13122999999999999
0.07939
0.045
0.037689999999999994
0.0305
0.018940000000000002
0.00708
0.0
0.0
0.0
0.0
0.0
0.0
0.0
0.0
0.0
0.0
0.0
0.0
0.0
0.0
0.0
0.0
0.0
0.0
0.0
0.0
0.0
0.0
0.0
0.0
0.0
0.0
0.0
0.0
0.0
0.0
0.0
0.0
0.0
0.0
0.0
0.0
0.0
0.0
0.0
0.0
0.0
0.00551
0.016640000000000002
0.027960000000000002
0.03868
0.047259999999999996
0.07110999999999999
0.12199
0.17595
0.23456
0.29485
0.35475999999999996
0.41278
0.4715
0.5272
0.58236
0.62851
0.67603
0.72
0.76166
0.79895
0.8333400000000001
0.8614299999999999
0.88615
0.90616
0.92257
0.93359
0.9409
0.94186
0.93908
0.93089
0.9190499999999999
0.9019400000000001
0.8813500000000001
0.85652
0.8284199999999999
0.7940900000000001
0.7569600000000001
0.71597
0.67277
0.62942
0.57945
0.52626
0.47251
0.41567000000000004
0.35951
0.29829
0.24131
0.18397
0.13107
0.08070999999999999
0.04862
0.04071
0.03049
0.01899
0.00787
0.0
0.0
0.0
0.0
0.0
0.0
0.0
0.0
0.0
0.0
0.0
0.0
0.0
0.0
0.0
0.0
0.0
0.0
0.0
0.0
0.0
0.0
0.0
0.0
0.0
0.0
0.0
0.0
0.0
0.0
0.0
0.0
0.0
0.0
0.0
0.0
0.0
0.0
0.0
0.0
0.0
0.0062900000000000005
0.017410000000000002
0.02878
0.03774
0.04931
0.07202
0.1177
0.1643
0.20962
0.26343
0.32259
0.38592000000000004
0.45688
0.5109
0.56464
0.61386
0.66167
0.69967
0.74063
0.77624
0.8090700000000001
0.83235
0.85158
0.87698
0.89938
0.9095700000000001
0.91618
0.91791
0.91603
0.90885
0.89812
0.88219
0.86287
0.83735
0.8087000000000001
0.77637
0.74129
0.7005399999999999
0.66311
0.6156200000000001
0.5668
0.5142899999999999
0.46134
0.40501
0.34754
0.29017000000000004
0.2351
0.17967
0.12865000000000001
0.07933
0.05069
0.040619999999999996
0.03034
0.01932
0.00865
0.0
0.0
0.0
0.0
0.0
0.0
0.0
0.0
0.0
0.0
0.0
0.0
0.0
0.0
0.0
0.0
0.0
0.0
0.0
0.0
0.0
0.0
0.0
0.0
0.0
0.0
0.0
0.0
0.0
0.0
0.0
0.0
0.0
0.0
0.0
0.0
0.0
0.0
0.0
0.0
0.0
0.00708
0.0178
0.02884
0.039729999999999994
0.048350000000000004
0.06967
0.11711
0.16709000000000002
0.22163999999999998
0.27551
0.33156
0.37285
0.40372
0.44144
0.4808
0.5147
0.5448200000000001
0.5647000000000001
0.5698799999999999
0.60999
0.6613300000000001
0.74137
0.8239
0.84896
0.86587
0.88252
0.88142
0.8771
0.88014
0.84
0.79673
0.78895
0.77826
0.7798099999999999
0.7728200000000001
0.75398
0.72673
0.69443
0.65266
0.59709
0.5433
0.47378
0.40612
0.37449
0.33066
0.28270999999999996
0.2327
0.17081
0.12082
0.07862000000000001
0.05622
0.04275
0.028579999999999998
0.018879999999999997
0.009439999999999999
0.0
0.0
0.0
0.0
0.0
0.0
0.0
0.0
0.0
0.0
0.0
0.0
0.0
0.0
0.0
0.0
0.0
0.0
0.0
0.0
0.0
0.0
0.0
0.0
0.0
0.0
0.0
0.0
0.0
0.0
0.0
0.0
0.0
0.0
0.0
0.0
0.0
0.0
0.0
0.0
0.0
0.0062900000000000005
0.01782
0.02954
0.03846
0.049890000000000004
0.07029
0.11736
0.1677
0.22252000000000002
0.27384
0.32403
0.38175
0.44491
0.4975
0.54979
0.59842
0.64576
0.68098
0.7112
0.7415900000000001
0.76866
0.8055
0.84037
0.85315
0.87593
0.88622
0.89304
0.89509
0.89364
0.88658
0.8760399999999999
0.8603999999999999
0.84142
0.8168099999999999
0.7891699999999999
0.75674
0.7217100000000001
0.6879400000000001
0.6449900000000001
0.5986699999999999
0.55111
0.49948000000000004
0.44762
0.39164
0.33776999999999996
0.28151
0.2278
0.17365
0.12476000000000001
0.07544
0.05706
0.043609999999999996
0.02984
0.01916
0.00865
0.0
0.0
0.0
0.0
0.0
0.0
0.0
0.0
0.0
0.0
0.0
0.0
0.0
0.0
0.0
0.0
0.0
0.0
0.0
0.0
0.0
0.0
0.0
0.0
0.0
0.0
0.0
0.0
0.0
0.0
0.0
0.0
0.0
0.0
0.0
0.0
0.0
0.0
0.0
0.0
0.0
0.00393
0.01391
0.02367
0.039060000000000004
0.053630000000000004
0.07175
0.11051000000000001
0.14374
0.16661
0.19849
0.23101
0.2414
0.23926
0.28357
0.32466
0.29866000000000004
0.27559
0.24392
0.2028
0.21881
0.23492
0.2377
0.2404
0.2165
0.19252
0.19358
0.19456
0.20113
0.2076
0.28798
0.35845
0.40326
0.46016
0.50803
0.5635399999999999
0.50591
0.46137
0.41852999999999996
0.37723
0.34734
0.31036
0.25127
0.19643
0.17256
0.14707
0.11978
0.09406999999999999
0.07508
0.056369999999999996
0.04403
0.03133
0.023649999999999997
0.01599
0.009890000000000001
0.00393
0.0
0.0
0.0
0.0
0.0
0.0
0.0
0.0
0.0
0.0
0.0
0.0
0.0
0.0
0.0
0.0
0.0
0.0
0.0
0.0
0.0
0.0
0.0
0.0
0.0
0.0
0.0
0.0
0.0
0.0
0.0
0.0
0.0
0.0
0.0
0.0
0.0
0.0
0.0
0.0
0.0
0.00551
0.01359
0.02158
0.03204
0.04218
0.04511
0.0487
0.08938
0.1347
0.18112999999999999
0.23516
0.21306999999999998
0.1747
0.29568
0.43204000000000004
0.5215599999999999
0.61771
0.6603
0.70162
0.7071799999999999
0.70468
0.59054
0.44199
0.36066000000000004
0.26379
0.38133999999999996
0.49941
0.54414
0.5874299999999999
0.49889
0.39198
0.61982
0.82517
0.80163
0.7750199999999999
0.63089
0.47778
0.39731
0.31286
0.1995
0.08537
0.11206999999999999
0.13825
0.14577
0.14958000000000002
0.16653
0.16932
0.08345
0.0198
0.02634
0.02423
0.02818
0.03268
0.020210000000000002
0.010230000000000001
0.0
0.0
0.0
0.0
0.0
0.0
0.0
0.0
0.0
0.0
0.0
0.0
0.0
0.0
0.0
0.0
0.0
0.0
0.0
0.0
0.0
0.0
0.0
0.0
0.0
0.0
0.0
0.0
0.0
0.0
0.0
0.0
0.0
0.0
0.0
0.0
0.0
0.0
0.0
0.0
0.0
0.00865
0.019760000000000003
0.031059999999999997
0.04385
0.05662
0.07407
0.11886
0.16306
0.20718
0.24677000000000002
0.27866
0.33511
0.39926
0.46762
0.53775
0.58151
0.62293
0.6641699999999999
0.70348
0.7038
0.6923400000000001
0.7290599999999999
0.7654099999999999
0.7780499999999999
0.78831
0.79202
0.79271
0.8493200000000001
0.8915299999999999
0.88785
0.86703
0.85463
0.82604
0.79652
0.77159
0.74533
0.72
0.6791799999999999
0.6365299999999999
0.5904400000000001
0.54313
0.49219999999999997
0.44095
0.38639
0.33286
0.27793
0.2256
0.173
0.12514
0.07722
0.05461
0.04493
0.03522
0.02257
0.010230000000000001
0.0
0.0
0.0
0.0
0.0
0.0
0.0
0.0
0.0
0.0
0.0
0.0
0.0
0.0
0.0
0.0
0.0
0.0
0.0
0.0
0.0
0.0
0.0
0.0
0.0
0.0
0.0
0.0
0.0
0.0
0.0
0.0
0.0
0.0
0.0
0.0
0.0
0.0
0.0
0.0
0.0
0.010230000000000001
0.02116
0.03252
0.04137
0.05285
0.06941
0.11554
0.16486
0.21878
0.26811
0.31333
0.37281
0.44063
0.47702999999999995
0.50526
0.5500700000000001
0.59349
0.63737
0.68079
0.68111
0.6715
0.7104299999999999
0.74864
0.81604
0.85956
0.83677
0.80608
0.83701
0.85484
0.84684
0.82672
0.77964
0.72974
0.72999
0.724
0.68911
0.6525700000000001
0.6206499999999999
0.58585
0.5702
0.54615
0.49479
0.44191
0.38756999999999997
0.33405
0.27851
0.22522
0.17193
0.12279000000000001
0.07632
0.054259999999999996
0.04286
0.03405
0.02305
0.01259
0.0
0.0
0.0
0.0
0.0
0.0
0.0
0.0
0.0
0.0
0.0
0.0
0.0
0.0
0.0
0.0
0.0
0.0
0.0
0.0
0.0
0.0
0.0
0.0
0.0
0.0
0.0
0.0
0.0
0.0
0.0
0.0
0.0
0.0
0.0
0.0
0.0
0.0
0.0
0.0
0.0
0.010230000000000001
0.02122
0.03261
0.04145
0.05282
0.06887
0.11488
0.16401
0.21758000000000002
0.27101
0.32689
0.38086000000000003
0.43712
0.48878
0.54008
0.58813
0.6350800000000001
0.67211
0.71213
0.7474
0.77997
0.8072999999999999
0.83153
0.8497
0.86448
0.87459
0.88124
0.88364
0.88258
0.87636
0.8666200000000001
0.85138
0.83282
0.80828
0.78075
0.7481
0.7129099999999999
0.67355
0.63713
0.59115
0.5438500000000001
0.49289
0.44158
0.38747000000000004
0.33187
0.27645
0.22322
0.17027
0.12146
0.07484
0.05271
0.043429999999999996
0.03407
0.02308
0.01259
0.0
0.0
0.0
0.0
0.0
0.0
0.0
0.0
0.0
0.0
0.0
0.0
0.0
0.0
0.0
0.0
0.0
0.0
0.0
0.0
0.0
0.0
0.0
0.0
0.0
0.0
0.0
0.0
0.0
0.0
0.0
0.0
0.0
0.0
0.0
0.0
0.0
0.0
0.0
0.0
0.0
0.00708
0.01954
0.0318
0.046009999999999995
0.06014
0.07342
0.11281999999999999
0.15618
0.21367
0.26455
0.31817
0.3698
0.42258999999999997
0.47295
0.52325
0.56848
0.61202
0.65136
0.6881900000000001
0.72234
0.7541599999999999
0.78075
0.80453
0.82337
0.83909
0.84912
0.85591
0.8560599999999999
0.8529500000000001
0.84494
0.8338
0.81172
0.77922
0.7478400000000001
0.7148300000000001
0.6489400000000001
0.58869
0.51086
0.44653
0.33917
0.23792
0.12897999999999998
0.02991
0.026420000000000003
0.022940000000000002
0.04332
0.06357
0.04311
0.02287
0.01483
0.0068200000000000005
0.005679999999999999
0.00454
0.00391
0.00315
0.0
0.0
0.0
0.0
0.0
0.0
0.0
0.0
0.0
0.0
0.0
0.0
0.0
0.0
0.0
0.0
0.0
0.0
0.0
0.0
0.0
0.0
0.0
0.0
0.0
0.0
0.0
0.0
0.0
0.0
0.0
0.0
0.0
0.0
0.0
0.0
0.0
0.0
0.0
0.0
0.0
0.01102
0.02186
0.03296
0.04251
0.05195
0.06759
0.11008
0.1579
0.2122
0.26377999999999996
0.31739999999999996
0.37001
0.42505000000000004
0.472
0.5170800000000001
0.56467
0.6119600000000001
0.65542
0.69148
0.7254400000000001
0.75681
0.78306
0.80632
0.8240700000000001
0.8385199999999999
0.84881
0.8557100000000001
0.85629
0.85351
0.84533
0.83393
0.8121900000000001
0.7830199999999999
0.77018
0.75878
0.72619
0.69129
0.6491
0.60599
0.44521
0.29991
0.25729
0.22427
0.23478
0.24159
0.19155
0.15091
0.1252
0.09872
0.06469
0.03673
0.02788
0.019059999999999997
0.01257
0.0062900000000000005
0.00315
0.0
0.0
0.0
0.0
0.0
0.0
0.0
0.0
0.0
0.0
0.0
0.0
0.0
0.0
0.0
0.0
0.0
0.0
0.0
0.0
0.0
0.0
0.0
0.0
0.0
0.0
0.0
0.0
0.0
0.0
0.0
0.0
0.0
0.0
0.0
0.0
0.0
0.0
0.0
0.0
0.011800000000000001
0.023
0.03462
0.04365
0.05267
0.06887
0.11239
0.15909
0.21018
0.261
0.3145
0.36639
0.41938
0.47062
0.52038
0.56638
0.6113
0.6532899999999999
0.6935
0.72805
0.75106
0.77718
0.80036
0.8189
0.83426
0.84474
0.85194
0.85422
0.8532000000000001
0.84682
0.83711
0.82245
0.80461
0.78127
0.75498
0.72412
0.69785
0.65865
0.61748
0.5726
0.5265299999999999
0.4772
0.42758999999999997
0.37294
0.32056999999999997
0.26722
0.21619
0.16469
0.11732
0.07273
0.055490000000000005
0.04424
0.03552
0.0242
0.013380000000000001
0.006690000000000001
0.0
0.0
0.0
0.0
0.0
0.0
0.0
0.0
0.0
0.0
0.0
0.0
0.0
0.0
0.0
0.0
0.0
0.0
0.0
0.0
0.0
0.0
0.0
0.0
0.0
0.0
0.0
0.0
0.0
0.0
0.0
0.0
0.0
0.0
0.0
0.0
0.0
0.0
0.0
0.0
0.01102
0.023870000000000002
0.03701
0.04765
0.05815
0.07022
0.11167
0.15991
0.21001
0.25956
0.31225
0.36369
0.41643
0.4667
0.51736
0.56308
0.60768
0.6486799999999999
0.6878099999999999
0.7224700000000001
0.7547200000000001
0.78198
0.79488
0.81313
0.82827
0.83817
0.84484
0.8465900000000001
0.84511
0.83796
0.82762
0.82609
0.80803
0.7839400000000001
0.75693
0.72536
0.69131
0.6529299999999999
0.61266
0.5685800000000001
0.5232
0.47451
0.42395
0.37151999999999996
0.31972
0.26644
0.21503
0.16398
0.11676
0.07166
0.054770000000000006
0.044
0.0356
0.0246
0.013640000000000001
0.00708
0.0
0.0
0.0
0.0
0.0
0.0
0.0
0.0
0.0
0.0
0.0
0.0
0.0
0.0
0.0
0.0
0.0
0.0
0.0
0.0
0.0
0.0
0.0
0.0
0.0
0.0
0.0
0.0
0.0
0.0
0.0
0.0
0.0
0.0
0.0
0.0
0.0
0.0
0.0
0.005900000000000001
0.011800000000000001
0.02247
0.03338
0.047299999999999995
0.060840000000000005
0.07479000000000001
0.11040000000000001
0.14874
0.18844
0.22908
0.26982
0.31343
0.36443000000000003
0.39787
0.43591
0.48593000000000003
0.53024
0.6016699999999999
0.6764600000000001
0.7090700000000001
0.74401
0.77807
0.8
0.8182699999999999
0.8332999999999999
0.82274
0.80468
0.77583
0.74552
0.7864
0.8129500000000001
0.78628
0.75006
0.7487699999999999
0.73715
0.6755099999999999
0.609
0.59637
0.57545
0.55026
0.51737
0.43944
0.36731
0.348
0.31257999999999997
0.25945
0.21017
0.15472
0.11523
0.07887999999999999
0.06257
0.04986
0.03688
0.02495
0.0129
0.006690000000000001
0.0
0.0
0.0
0.0
0.0
0.0
0.0
0.0
0.0
0.0
0.0
0.0
0.0
0.0
0.0
0.0
0.0
0.0
0.0
0.0
0.0
0.0
0.0
0.0
0.0
0.0
0.0
0.0
0.0
0.0
0.0
0.0
0.0
0.0
0.0
0.0
0.0
0.0
0.0
0.00433
0.00865
0.02
0.03135
0.04401
0.05663
0.05197
0.04597
0.07764
0.11165
0.14373
0.18265
0.24717
0.32598
0.37394
0.42519
0.49286
0.56541
0.6218400000000001
0.6787000000000001
0.7125
0.74383
0.77018
0.79362
0.7916599999999999
0.7931900000000001
0.7334400000000001
0.65883
0.65259
0.64466
0.64063
0.63502
0.6115499999999999
0.57635
0.5145
0.45456
0.40242
0.36189
0.28597
0.20728
0.18969999999999998
0.17236
0.11829
0.06512000000000001
0.04471
0.024480000000000002
0.03714
0.04985
0.05733
0.06381
0.04407
0.023629999999999998
0.01788
0.012150000000000001
0.00874
0.00549
0.00275
0.0
0.0
0.0
0.0
0.0
0.0
0.0
0.0
0.0
0.0
0.0
0.0
0.0
0.0
0.0
0.0
0.0
0.0
0.0
0.0
0.0
0.0
0.0
0.0
0.0
0.0
0.0
0.0
0.0
0.0
0.0
0.0
0.0
0.0
0.0
0.0
0.0
0.0
0.0
0.00354
0.00684
0.01448
0.02214
0.03463
0.046700000000000005
0.05018
0.05356
0.054549999999999994
0.05546
0.06881999999999999
0.08309
0.1534
0.22706
0.25743
0.28898
0.28151
0.27118000000000003
0.21731999999999999
0.1615
0.20956
0.25871
0.33465
0.42468
0.44436000000000003
0.46356
0.45039999999999997
0.44906
0.52958
0.59622
0.61711
0.62481
0.57568
0.53774
0.5369400000000001
0.54392
0.40125
0.27263
0.19841999999999999
0.11846
0.09146
0.0648
0.0691
0.07329000000000001
0.08161
0.09040000000000001
0.054909999999999994
0.02137
0.047369999999999995
0.07118000000000001
0.05952
0.04893
0.04027
0.03158
0.02155
0.01145
0.005900000000000001
0.0
0.0
0.0
0.0
0.0
0.0
0.0
0.0
0.0
0.0
0.0
0.0
0.0
0.0
0.0
0.0
0.0
0.0
0.0
0.0
0.0
0.0
0.0
0.0
0.0
0.0
0.0
0.0
0.0
0.0
0.0
0.0
0.0
0.0
0.0
0.0
0.0
0.0
0.0
0.0023599999999999997
0.00454
0.013710000000000002
0.02291
0.03252
0.04193
0.06686
0.09637000000000001
0.12571
0.16077000000000002
0.19671
0.23605
0.25965
0.28148
0.28395
0.27535000000000004
0.31533
0.36544
0.42102999999999996
0.47947
0.53006
0.57278
0.58735
0.6003
0.52974
0.4662
0.30005000000000004
0.14073
0.13717
0.13353
0.23376
0.32856
0.47569
0.6154
0.57112
0.51797
0.42721
0.33127
0.31527
0.29919
0.27132999999999996
0.24417
0.24838
0.25336000000000003
0.24680000000000002
0.23601
0.20625
0.17611000000000002
0.13675
0.10331
0.07497
0.05662
0.04261
0.02948
0.02091
0.01228
0.0062900000000000005
0.0
0.0
0.0
0.0
0.0
0.0
0.0
0.0
0.0
0.0
0.0
0.0
0.0
0.0
0.0
0.0
0.0
0.0
0.0
0.0
0.0
0.0
0.0
0.0
0.0
0.0
0.0
0.0
0.0
0.0
0.0
0.0
0.0
0.0
0.0
0.0
0.0
0.0
0.0
0.00433
0.00865
0.016030000000000003
0.02368
0.03469
0.04541
0.053380000000000004
0.06182
0.0878
0.11602
0.13356
0.15091
0.15514
0.15997999999999998
0.17192
0.18400999999999998
0.22496000000000002
0.26297000000000004
0.25164
0.23217
0.30666000000000004
0.37604000000000004
0.38354000000000005
0.39055
0.40395
0.41708
0.41470999999999997
0.41179000000000004
0.38921
0.36621
0.33743
0.30860000000000004
0.254
0.21134999999999998
0.138
0.0659
0.07784999999999999
0.08975
0.09691
0.10399
0.13203
0.1595
0.12057
0.08242000000000001
0.07772
0.07304000000000001
0.05219
0.03135
0.03325
0.03516
0.03131
0.027469999999999998
0.02095
0.01444
0.009869999999999999
0.0053
0.00275
0.0
0.0
0.0
0.0
0.0
0.0
0.0
0.0
0.0
0.0
0.0
0.0
0.0
0.0
0.0
0.0
0.0
0.0
0.0
0.0
0.0
0.0
0.0
0.0
0.0
0.0
0.0
0.0
0.0
0.0
0.0
0.0
0.0
0.0
0.0
0.0
0.0
0.0
0.0
0.004719999999999999
0.00943
0.01718
0.02522
0.03644
0.047479999999999994
0.054799999999999995
0.06291
0.10144
0.14527
0.152
0.15552000000000002
0.16935
0.18284
0.21786000000000003
0.25432
0.27598
0.29783
0.32694
0.35663
0.36795999999999995
0.37883
0.40495
0.43139
0.50497
0.56835
0.48483
0.38625
0.47784
0.55576
0.5381900000000001
0.51963
0.50676
0.49342
0.52934
0.5494199999999999
0.58815
0.60848
0.55123
0.49063999999999997
0.42433
0.35801
0.31289
0.26899
0.27176999999999996
0.26027
0.22706
0.19152000000000002
0.14625
0.11163
0.07553
0.055159999999999994
0.046380000000000005
0.037520000000000005
0.02752
0.01742
0.00905
0.0
0.0
0.0
0.0
0.0
0.0
0.0
0.0
0.0
0.0
0.0
0.0
0.0
0.0
0.0
0.0
0.0
0.0
0.0
0.0
0.0
0.0
0.0
0.0
0.0
0.0
0.0
0.0
0.0
0.0
0.0
0.0
0.0
0.0
0.0
0.0
0.0
0.0
0.0
0.00708
0.01375
0.02376
0.03374
0.04264
0.05098
0.06069
0.10054
0.14023
0.17186
0.18806
0.18878999999999999
0.23503
0.28385000000000005
0.31936000000000003
0.35557
0.39047000000000004
0.42593000000000003
0.48688
0.54411
0.5823400000000001
0.6296499999999999
0.6635599999999999
0.6969
0.75083
0.79632
0.8038099999999999
0.80822
0.73697
0.6437200000000001
0.64816
0.65058
0.65143
0.6502100000000001
0.63071
0.6094400000000001
0.6062000000000001
0.59096
0.5565399999999999
0.52139
0.47457
0.42332
0.38383999999999996
0.34407
0.31107
0.27632
0.20634
0.14887
0.11526
0.08342000000000001
0.07055
0.06484999999999999
0.052700000000000004
0.04038
0.02789
0.01526
0.00787
0.0
0.0
0.0
0.0
0.0
0.0
0.0
0.0
0.0
0.0
0.0
0.0
0.0
0.0
0.0
0.0
0.0
0.0
0.0
0.0
0.0
0.0
0.0
0.0
0.0
0.0
0.0
0.0
0.0
0.0
0.0
0.0
0.0
0.0
0.0
0.0
0.0
0.0
0.0
0.00354
0.0070599999999999994
0.01868
0.02979
0.04211
0.05428
0.06011
0.06709
0.09012
0.11667
0.17585
0.24900999999999998
0.25808
0.2627
0.23581
0.20742
0.17365
0.14276
0.18885
0.24287
0.27732999999999997
0.31239
0.3475
0.38314
0.43336
0.49589
0.56447
0.64385
0.61926
0.58258
0.57539
0.5670499999999999
0.56878
0.5688799999999999
0.5346799999999999
0.50069
0.41416000000000003
0.33016
0.19069
0.06338
0.12857
0.18937
0.12546
0.06211
0.04505
0.028329999999999998
0.03804
0.047729999999999995
0.03871
0.02978
0.01865
0.0075899999999999995
0.006059999999999999
0.00454
0.0034
0.00227
0.0011799999999999998
0.0
0.0
0.0
0.0
0.0
0.0
0.0
0.0
0.0
0.0
0.0
0.0
0.0
0.0
0.0
0.0
0.0
0.0
0.0
0.0
0.0
0.0
0.0
0.0
0.0
0.0
0.0
0.0
0.0
0.0
0.0
0.0
0.0
0.0
0.0
0.0
0.0
0.0
0.0
0.00747
0.01449
0.02584
0.037520000000000005
0.044969999999999996
0.05467
0.0586
0.10054
0.1472
0.19752
0.2481
0.30343000000000003
0.35424
0.40564999999999996
0.45204
0.49517
0.52309
0.5359400000000001
0.59761
0.65777
0.68353
0.71027
0.74364
0.77035
0.76659
0.75461
0.77388
0.7905399999999999
0.75493
0.71649
0.69626
0.67386
0.74179
0.78151
0.7594099999999999
0.73421
0.68791
0.63854
0.52959
0.42192
0.41974
0.40629000000000004
0.36521
0.32387
0.28944
0.25211
0.22663
0.19347999999999999
0.15403
0.10735
0.06294
0.05193
0.04557
0.04144
0.02948
0.0174
0.00983
0.0
0.0
0.0
0.0
0.0
0.0
0.0
0.0
0.0
0.0
0.0
0.0
0.0
0.0
0.0
0.0
0.0
0.0
0.0
0.0
0.0
0.0
0.0
0.0
0.0
0.0
0.0
0.0
0.0
0.0
0.0
0.0
0.0
0.0
0.0
0.0
0.0
0.0
0.0
0.00708
0.01384
0.02646
0.03893
0.05312
0.06708
0.07751999999999999
0.10832
0.14468
0.18453999999999998
0.22895
0.27593
0.32211
0.37271
0.4144
0.45386000000000004
0.49176
0.52835
0.55864
0.58596
0.6366799999999999
0.69224
0.70845
0.72039
0.72264
0.7205499999999999
0.68353
0.65312
0.6456799999999999
0.63661
0.6577999999999999
0.67648
0.66412
0.64999
0.65446
0.6479299999999999
0.6319600000000001
0.61085
0.5619400000000001
0.51325
0.46194
0.4128
0.36694
0.31924
0.32395999999999997
0.30831000000000003
0.25773
0.20951
0.11942
0.05991
0.03401
0.01831
0.01774
0.016550000000000002
0.01259
0.00864
0.004719999999999999
0.0
0.0
0.0
0.0
0.0
0.0
0.0
0.0
0.0
0.0
0.0
0.0
0.0
0.0
0.0
0.0
0.0
0.0
0.0
0.0
0.0
0.0
0.0
0.0
0.0
0.0
0.0
0.0
0.0
0.0
0.0
0.0
0.0
0.0
0.0
0.0
0.0
0.0
0.0
0.00708
0.01385
0.02718
0.040369999999999996
0.0519
0.06379
0.07277
0.10735
0.14690999999999999
0.19144999999999998
0.23474
0.27517
0.30736
0.33917
0.37339
0.40584
0.45163
0.50683
0.5245700000000001
0.5463300000000001
0.5688
0.5894199999999999
0.59587
0.60005
0.5771499999999999
0.54103
0.5620499999999999
0.58223
0.6100399999999999
0.6262300000000001
0.52274
0.41839
0.43813
0.46723000000000003
0.44939
0.43102999999999997
0.42349000000000003
0.41444
0.40388
0.39569
0.31376
0.24493
0.29031999999999997
0.31836000000000003
0.31189999999999996
0.28944
0.25268999999999997
0.20657
0.15707
0.11192
0.06749
0.0585
0.05012
0.0415
0.03096
0.020399999999999998
0.01141
0.0
0.0
0.0
0.0
0.0
0.0
0.0
0.0
0.0
0.0
0.0
0.0
0.0
0.0
0.0
0.0
0.0
0.0
0.0
0.0
0.0
0.0
0.0
0.0
0.0
0.0
0.0
0.0
0.0
0.0
0.0
0.0
0.0
0.0
0.0
0.0
0.0
0.0
0.0
0.006690000000000001
0.01308
0.019420000000000003
0.02521
0.0363
0.04682
0.04646
0.04519
0.05869
0.07184
0.09309
0.11465
0.12517
0.13597
0.12617
0.11587
0.14236000000000001
0.16935
0.24468
0.31815
0.40268
0.483
0.60317
0.71416
0.70223
0.68721
0.6502100000000001
0.60104
0.61324
0.62381
0.69368
0.74906
0.76247
0.76783
0.74672
0.72262
0.68557
0.65404
0.56787
0.48279
0.46808
0.44504000000000005
0.43194
0.40813
0.35714
0.30647
0.25489
0.20484
0.15067
0.10308
0.05796
0.05049
0.04553
0.03871
0.02739
0.01591
0.00865
0.0
0.0
0.0
0.0
0.0
0.0
0.0
0.0
0.0
0.0
0.0
0.0
0.0
0.0
0.0
0.0
0.0
0.0
0.0
0.0
0.0
0.0
0.0
0.0
0.0
0.0
0.0
0.0
0.0
0.0
0.0
0.0
0.0
0.0
0.0
0.0
0.0
0.0
0.0
0.00393
0.0070599999999999994
0.01103
0.015210000000000001
0.024399999999999998
0.03363
0.053509999999999995
0.07289
0.09484999999999999
0.11841
0.14249
0.16823
0.18309
0.1974
0.17976
0.15693000000000001
0.15581
0.15418
0.16463999999999998
0.17523
0.1739
0.1725
0.14483000000000001
0.11692
0.10334
0.08971
0.20881
0.32612
0.41589
0.51652
0.53136
0.5448
0.6196699999999999
0.6886
0.58209
0.46470999999999996
0.46032999999999996
0.46144
0.36022000000000004
0.26498
0.24009
0.20732
0.28372
0.3453
0.27455
0.21743
0.11573
0.0256
0.02035
0.01523
0.02734
0.03799
0.03295
0.02829
0.02023
0.01219
0.006690000000000001
0.0
0.0
0.0
0.0
0.0
0.0
0.0
0.0
0.0
0.0
0.0
0.0
0.0
0.0
0.0
0.0
0.0
0.0
0.0
0.0
0.0
0.0
0.0
0.0
0.0
0.0
0.0
0.0
0.0
0.0
0.0
0.0
0.0
0.0
0.0
0.0
0.0
0.0
0.0
0.01062
0.019440000000000002
0.0303
0.04101
0.04721
0.054299999999999994
0.06329
0.07409
0.09192
0.10848999999999999
0.1442
0.18800999999999998
0.24787
0.32595999999999997
0.32555
0.31383
0.37189
0.43877999999999995
0.41145
0.36633
0.38725
0.40795
0.46737
0.51862
0.5398099999999999
0.56052
0.6035499999999999
0.63628
0.64739
0.6568200000000001
0.6608099999999999
0.6627799999999999
0.65206
0.63964
0.60975
0.57951
0.52538
0.46538
0.38586000000000004
0.30335
0.26707
0.23262
0.26546
0.28608999999999996
0.27317
0.25729
0.23183
0.19823
0.15141
0.11418
0.08072
0.06838
0.05467
0.04129
0.030289999999999997
0.018850000000000002
0.01062
0.0
0.0
0.0
0.0
0.0
0.0
0.0
0.0
0.0
0.0
0.0
0.0
0.0
0.0
0.0
0.0
0.0
0.0
0.0
0.0
0.0
0.0
0.0
0.0
0.0
0.0
0.0
0.0
0.0
0.0
0.0
0.0
0.0
0.0
0.0
0.0
0.0
0.0
0.0
0.0062900000000000005
0.01108
0.019170000000000003
0.027129999999999998
0.039490000000000004
0.05163
0.07121
0.09506
0.11195999999999999
0.12699
0.14275
0.1585
0.1782
0.19823
0.21985
0.24201
0.22081
0.1933
0.16528
0.13662
0.15637
0.17633000000000001
0.18666
0.19702
0.2304
0.26403
0.3206
0.36807999999999996
0.3384
0.30841
0.29516000000000003
0.27216
0.28232999999999997
0.30182
0.23315
0.17489
0.17237
0.1698
0.17371999999999999
0.1775
0.158
0.13887
0.11715
0.09577
0.0741
0.05224
0.0585
0.06454
0.05552
0.046740000000000004
0.03477
0.02286
0.0152
0.00758
0.005679999999999999
0.00378
0.0023599999999999997
0.0
0.0
0.0
0.0
0.0
0.0
0.0
0.0
0.0
0.0
0.0
0.0
0.0
0.0
0.0
0.0
0.0
0.0
0.0
0.0
0.0
0.0
0.0
0.0
0.0
0.0
0.0
0.0
0.0
0.0
0.0
0.0
0.0
0.0
0.0
0.0
0.0
0.0
0.0
0.0011799999999999998
0.00235
0.00391
0.0053
0.01024
0.015210000000000001
0.04057
0.06516
0.06502
0.06447
0.07135999999999999
0.07829000000000001
0.09804
0.11804
0.12365000000000001
0.12931
0.12781
0.12624
0.13447
0.14283
0.14324
0.14363
0.18387
0.22458
0.20374
0.18272
0.23316
0.28392
0.31410000000000005
0.33392
0.34038999999999997
0.34645
0.35079000000000005
0.35464999999999997
0.3832
0.41001
0.38488
0.35999000000000003
0.39523
0.4173
0.36401999999999995
0.31416000000000005
0.23412
0.16396
0.11584
0.07155
0.06654
0.06147
0.04945
0.03748
0.033229999999999996
0.029
0.02248
0.01597
0.01177
0.00758
0.004719999999999999
0.0
0.0
0.0
0.0
0.0
0.0
0.0
0.0
0.0
0.0
0.0
0.0
0.0
0.0
0.0
0.0
0.0
0.0
0.0
0.0
0.0
0.0
0.0
0.0
0.0
0.0
0.0
0.0
0.0
0.0
0.0
0.0
0.0
0.0
0.0
0.0
0.0
0.0
0.0
0.005900000000000001
0.01066
0.01831
0.02597
0.03666
0.047020000000000006
0.0497
0.05216
0.04829
0.04444
0.07145
0.09809
0.12695
0.1564
0.18566999999999997
0.21962
0.25967
0.30139
0.30124
0.30005000000000004
0.30554000000000003
0.31062
0.29057
0.26986
0.25569
0.24125
0.26494
0.28854
0.32499
0.36117
0.34662
0.3318
0.39924
0.47462
0.46473000000000003
0.45405
0.39002
0.33641000000000004
0.35581999999999997
0.37883
0.36515
0.34926999999999997
0.29392
0.23953
0.23691
0.22678
0.2005
0.17297
0.1415
0.11252
0.08757
0.07336
0.0601
0.04665
0.034210000000000004
0.02168
0.01259
0.0
0.0
0.0
0.0
0.0
0.0
0.0
0.0
0.0
0.0
0.0
0.0
0.0
0.0
0.0
0.0
0.0
0.0
0.0
0.0
0.0
0.0
0.0
0.0
0.0
0.0
0.0
0.0
0.0
0.0
0.0
0.0
0.0
0.0
0.0
0.0
0.0
0.0
0.0
0.004719999999999999
0.00943
0.01832
0.02752
0.03514
0.041729999999999996
0.05509
0.06908
0.07981999999999999
0.09045
0.12254999999999999
0.15702000000000002
0.18456
0.21350999999999998
0.22678
0.23986000000000002
0.27692
0.31554000000000004
0.37044
0.42067
0.39427999999999996
0.37255
0.37553
0.37795999999999996
0.3891
0.39992
0.38959
0.37874
0.48816000000000004
0.5853400000000001
0.66298
0.72048
0.73475
0.74326
0.7287899999999999
0.7155
0.67806
0.63939
0.60905
0.5757899999999999
0.53101
0.48536
0.4343
0.38412
0.33746
0.29205000000000003
0.24512
0.19944
0.14048
0.10133
0.06888
0.05738
0.047229999999999994
0.037630000000000004
0.027530000000000002
0.01705
0.010230000000000001
0.00315
0.0
0.0
0.0
0.0
0.0
0.0
0.0
0.0
0.0
0.0
0.0
0.0
0.0
0.0
0.0
0.0
0.0
0.0
0.0
0.0
0.0
0.0
0.0
0.0
0.0
0.0
0.0
0.0
0.0
0.0
0.0
0.0
0.0
0.0
0.0
0.0
0.0
0.0
0.00826
0.01523
0.02872
0.041960000000000004
0.054
0.06631999999999999
0.08166
0.10254
0.13033
0.16087
0.20068
0.2491
0.29102999999999996
0.33622
0.39831
0.4716
0.50729
0.53928
0.50072
0.44143
0.54107
0.64071
0.70086
0.7459600000000001
0.76271
0.76381
0.7607999999999999
0.7438899999999999
0.78086
0.79132
0.79315
0.7785299999999999
0.7596
0.73815
0.72114
0.69538
0.6449199999999999
0.5944299999999999
0.59297
0.57616
0.53743
0.49597
0.44793
0.40032
0.34549
0.29445
0.24142
0.19269
0.13656000000000001
0.10448
0.05867
0.01368
0.00948
0.0053
0.0041600000000000005
0.00302
0.00197
0.00079
0.0
0.0
0.0
0.0
0.0
0.0
0.0
0.0
0.0
0.0
0.0
0.0
0.0
0.0
0.0
0.0
0.0
0.0
0.0
0.0
0.0
0.0
0.0
0.0
0.0
0.0
0.0
0.0
0.0
0.0
0.0
0.0
0.0
0.0
0.0
0.0
0.0
0.0
0.00315
0.006059999999999999
0.0126
0.019
0.02014
0.02056
0.025160000000000002
0.02978
0.07675
0.13065000000000002
0.16568
0.20023
0.23395
0.27041000000000004
0.34103
0.42366000000000004
0.48971
0.56191
0.59448
0.6236799999999999
0.6303200000000001
0.6272300000000001
0.61394
0.58668
0.5146000000000001
0.42972000000000005
0.48096
0.52301
0.50514
0.47686
0.551
0.62307
0.59757
0.5699
0.57069
0.57005
0.6109
0.6395299999999999
0.53304
0.42911
0.27847000000000005
0.14375
0.19054
0.2263
0.25856
0.2728
0.24042
0.19832
0.15338
0.10743000000000001
0.06412999999999999
0.05908
0.04999
0.04382
0.03364
0.02321
0.01377
0.00315
0.0
0.0
0.0
0.0
0.0
0.0
0.0
0.0
0.0
0.0
0.0
0.0
0.0
0.0
0.0
0.0
0.0
0.0
0.0
0.0
0.0
0.0
0.0
0.0
0.0
0.0
0.0
0.0
0.0
0.0
0.0
0.0
0.0
0.0
0.0
0.0
0.0
0.0
0.01102
0.0198
0.02843
0.03691
0.04715
0.05724
0.06001
0.08748
0.13486
0.18556999999999998
0.23956
0.29147
0.34226999999999996
0.39355
0.44265
0.49122000000000005
0.53427
0.57692
0.61646
0.65385
0.68648
0.71641
0.71131
0.6960700000000001
0.6366900000000001
0.56162
0.64191
0.71423
0.76024
0.79514
0.7911900000000001
0.78418
0.7592899999999999
0.72526
0.67952
0.63419
0.6213500000000001
0.60651
0.57739
0.5458
0.5091100000000001
0.47132
0.38324
0.30525
0.27814999999999995
0.25125
0.23029
0.20003
0.16000999999999999
0.11737
0.07586
0.06689
0.0567
0.046259999999999996
0.03525
0.023850000000000003
0.013550000000000001
0.00315
0.0
0.0
0.0
0.0
0.0
0.0
0.0
0.0
0.0
0.0
0.0
0.0
0.0
0.0
0.0
0.0
0.0
0.0
0.0
0.0
0.0
0.0
0.0
0.0
0.0
0.0
0.0
0.0
0.0
0.0
0.0
0.0
0.0
0.0
0.0
0.0
0.0
0.0
0.012199999999999999
0.02199
0.032729999999999995
0.04157
0.04814
0.054729999999999994
0.05951
0.09147
0.14039
0.19257
0.24912
0.3034
0.35581999999999997
0.4084
0.45871
0.5082300000000001
0.55296
0.59773
0.63815
0.67648
0.71024
0.74126
0.7675700000000001
0.79072
0.8090700000000001
0.82404
0.8340299999999999
0.8405900000000001
0.8429500000000001
0.8419099999999999
0.83625
0.82709
0.81214
0.79375
0.77162
0.7462300000000001
0.71572
0.6824
0.6452899999999999
0.60575
0.56253
0.51759
0.46981
0.42105000000000004
0.36959
0.31591
0.26195999999999997
0.20923
0.15688
0.10726999999999999
0.05522
0.0505
0.044899999999999995
0.03933
0.032369999999999996
0.02552
0.0152
0.004719999999999999
0.0
0.0
0.0
0.0
0.0
0.0
0.0
0.0
0.0
0.0
0.0
0.0
0.0
0.0
0.0
0.0
0.0
0.0
0.0
0.0
0.0
0.0
0.0
0.0
0.0
0.0
0.0
0.0
0.0
0.0
0.0
0.0
0.0
0.0
0.0
0.0
0.0
0.0
0.00787
0.0145
0.02911
0.043
0.056240000000000005
0.06829
0.07639
0.09551000000000001
0.12077
0.13294
0.17521
0.22529
0.26976999999999995
0.31773
0.36451
0.41516000000000003
0.43941
0.45925
0.49398000000000003
0.52877
0.5933200000000001
0.65597
0.71689
0.7725
0.77637
0.78522
0.74297
0.69328
0.6562899999999999
0.62414
0.64079
0.65522
0.69409
0.71836
0.73317
0.73229
0.68987
0.65166
0.60553
0.56009
0.52537
0.48683
0.45713
0.41908
0.36763
0.31612
0.26279
0.2105
0.15794
0.10382
0.05582
0.05046
0.045270000000000005
0.040119999999999996
0.032780000000000004
0.02552
0.01607
0.0062900000000000005
0.0
0.0
0.0
0.0
0.0
0.0
0.0
0.0
0.0
0.0
0.0
0.0
0.0
0.0
0.0
0.0
0.0
0.0
0.0
0.0
0.0
0.0
0.0
0.0
0.0
0.0
0.0
0.0
0.0
0.0
0.0
0.0
0.0
0.0
0.0
0.0
0.0
0.0
0.01141
0.02062
0.02863
0.03658
0.05107
0.06544
0.07328
0.09594
0.13394
0.18374000000000001
0.23414
0.28962
0.33846
0.38581
0.43392000000000003
0.48114999999999997
0.52704
0.57265
0.612
0.6491
0.68149
0.71121
0.73679
0.7593
0.76319
0.76228
0.7354400000000001
0.69565
0.66086
0.62206
0.63226
0.6404
0.64539
0.6465299999999999
0.57841
0.50661
0.5394800000000001
0.55636
0.44971
0.34852999999999995
0.33999
0.32996
0.31327999999999995
0.29243
0.30094
0.29304
0.2528
0.21009999999999998
0.16209
0.11795
0.07328
0.06589
0.05758
0.04908
0.03841
0.02768
0.01642
0.00551
0.0
0.0
0.0
0.0
0.0
0.0
0.0
0.0
0.0
0.0
0.0
0.0
0.0
0.0
0.0
0.0
0.0
0.0
0.0
0.0
0.0
0.0
0.0
0.0
0.0
0.0
0.0
0.0
0.0
0.0
0.0
0.0
0.0
0.0
0.0
0.0
0.0
0.0
0.01259
0.02228
0.033530000000000004
0.04466
0.05392
0.06325
0.07237
0.10011
0.14343
0.19091999999999998
0.2414
0.29078
0.33811
0.38606
0.43374
0.48198
0.52691
0.57172
0.61122
0.65067
0.68437
0.7156699999999999
0.74249
0.76651
0.78561
0.7890499999999999
0.7993899999999999
0.80664
0.8093899999999999
0.80908
0.80415
0.79604
0.78825
0.7659199999999999
0.73778
0.70758
0.68489
0.65854
0.6141599999999999
0.57202
0.5078
0.44745999999999997
0.40312
0.35935
0.30354000000000003
0.25815
0.22200999999999999
0.18553999999999998
0.15297999999999998
0.11968999999999999
0.08231999999999999
0.06777
0.05718
0.046200000000000005
0.036289999999999996
0.0263
0.01585
0.00551
0.0
0.0
0.0
0.0
0.0
0.0
0.0
0.0
0.0
0.0
0.0
0.0
0.0
0.0
0.0
0.0
0.0
0.0
0.0
0.0
0.0
0.0
0.0
0.0
0.0
0.0
0.0
0.0
0.0
0.0
0.0
0.0
0.0
0.0
0.0
0.0
0.0
0.0
0.01102
0.019510000000000003
0.03201
0.04455
0.05368
0.06172
0.07193000000000001
0.09687
0.13734
0.17553
0.21547999999999998
0.25906
0.31051999999999996
0.37651
0.42565
0.47707
0.52208
0.56529
0.5916399999999999
0.6098600000000001
0.6189
0.62274
0.63742
0.64886
0.65831
0.6592899999999999
0.66501
0.66883
0.67759
0.68445
0.68909
0.6852999999999999
0.6895399999999999
0.6908099999999999
0.68329
0.6702400000000001
0.65419
0.6326
0.5832999999999999
0.53408
0.51003
0.47873000000000004
0.43837
0.39596
0.35061000000000003
0.30478
0.25453
0.20482
0.15921000000000002
0.11713
0.07858
0.07205
0.06039
0.0485
0.037380000000000004
0.02612
0.01576
0.00551
0.0
0.0
0.0
0.0
0.0
0.0
0.0
0.0
0.0
0.0
0.0
0.0
0.0
0.0
0.0
0.0
0.0
0.0
0.0
0.0
0.0
0.0
0.0
0.0
0.0
0.0
0.0
0.0
0.0
0.0
0.0
0.0
0.0
0.0
0.0
0.0
0.0
0.0
0.01102
0.01959
0.032170000000000004
0.04485
0.053340000000000005
0.06204
0.07167
0.09581
0.13586
0.18089
0.22571000000000002
0.27787
0.32463
0.37195
0.41707
0.46176999999999996
0.4913
0.51045
0.5426
0.57221
0.5935900000000001
0.6120099999999999
0.6219600000000001
0.62266
0.63734
0.6503
0.65712
0.66211
0.66208
0.66025
0.68028
0.6924
0.68367
0.67199
0.6319
0.5919
0.5135
0.43995999999999996
0.35978
0.27656000000000003
0.21051
0.14489
0.10283
0.06125
0.04821
0.03527
0.03024
0.02522
0.047450000000000006
0.05993
0.054299999999999994
0.05811
0.03516
0.009859999999999999
0.0072
0.00454
0.00265
0.00079
0.0
0.0
0.0
0.0
0.0
0.0
0.0
0.0
0.0
0.0
0.0
0.0
0.0
0.0
0.0
0.0
0.0
0.0
0.0
0.0
0.0
0.0
0.0
0.0
0.0
0.0
0.0
0.0
0.0
0.0
0.0
0.0
0.0
0.0
0.0
0.0
0.0
0.0
0.01259
0.02232
0.03389
0.045219999999999996
0.05428
0.06325
0.06996
0.09343000000000001
0.13809
0.18378999999999998
0.23046
0.27945
0.32703
0.37557999999999997
0.42169999999999996
0.46768
0.51128
0.55377
0.5911799999999999
0.62734
0.65877
0.68789
0.71357
0.73653
0.75394
0.7684
0.76379
0.7467999999999999
0.72858
0.7062200000000001
0.72404
0.73756
0.74919
0.74881
0.72821
0.7047
0.66922
0.6364099999999999
0.5589
0.48485
0.42995999999999995
0.37521
0.36608999999999997
0.34891
0.31345
0.27372
0.23271
0.19135
0.15063
0.11059000000000001
0.0732
0.0643
0.054979999999999994
0.04641
0.036340000000000004
0.02613
0.01579
0.00551
0.0
0.0
0.0
0.0
0.0
0.0
0.0
0.0
0.0
0.0
0.0
0.0
0.0
0.0
0.0
0.0
0.0
0.0
0.0
0.0
0.0
0.0
0.0
0.0
0.0
0.0
0.0
0.0
0.0
0.0
0.0
0.0
0.0
0.0
0.0
0.0
0.0
0.0
0.01062
0.018949999999999998
0.03149
0.043859999999999996
0.055
0.06645999999999999
0.07045
0.09132
0.13394999999999999
0.17706
0.22196000000000002
0.26271
0.30568
0.35082
0.39752
0.4512
0.49825
0.54752
0.58538
0.62127
0.6517999999999999
0.67928
0.69228
0.70041
0.70324
0.70465
0.65952
0.6034299999999999
0.54396
0.49151
0.41852999999999996
0.3556
0.27735000000000004
0.19413999999999998
0.23479
0.26844
0.18012999999999998
0.09123
0.12293000000000001
0.15414
0.22266
0.28687999999999997
0.27187
0.25698000000000004
0.23438
0.20871
0.20338
0.1913
0.13969
0.10086
0.06848
0.03979
0.0317
0.02364
0.01789
0.01217
0.00721
0.0023599999999999997
0.0
0.0
0.0
0.0
0.0
0.0
0.0
0.0
0.0
0.0
0.0
0.0
0.0
0.0
0.0
0.0
0.0
0.0
0.0
0.0
0.0
0.0
0.0
0.0
0.0
0.0
0.0
0.0
0.0
0.0
0.0
0.0
0.0
0.0
0.0
0.0
0.0
0.0
0.00157
0.00302
0.005679999999999999
0.00834
0.01253
0.016730000000000002
0.02325
0.02978
0.055990000000000005
0.08159999999999999
0.08191
0.08178
0.08268
0.08348
0.09376000000000001
0.10415
0.10787000000000001
0.11159000000000001
0.09956
0.0874
0.10256
0.11784
0.11025
0.10262
0.08875
0.07479000000000001
0.06976
0.06470999999999999
0.06512000000000001
0.06551
0.08897
0.11239
0.16748
0.22238999999999998
0.24355000000000002
0.25753
0.33694
0.41925
0.37709
0.33017
0.28208999999999995
0.23646
0.19641999999999998
0.16106
0.14983000000000002
0.13875
0.1145
0.09067
0.06551
0.03979
0.03145
0.02382
0.025
0.02638
0.016989999999999998
0.0079
0.00438
0.00079
0.0
0.0
0.0
0.0
0.0
0.0
0.0
0.0
0.0
0.0
0.0
0.0
0.0
0.0
0.0
0.0
0.0
0.0
0.0
0.0
0.0
0.0
0.0
0.0
0.0
0.0
0.0
0.0
0.0
0.0
0.0
0.0
0.0
0.0
0.0
0.0
0.0
0.0
0.00787
0.01478
0.019219999999999998
0.0229
0.041
0.05779
0.0755
0.09769
0.12057999999999999
0.14016
0.18352000000000002
0.24241
0.25117
0.25233
0.23482
0.2058
0.28202
0.369
0.43749
0.50702
0.59263
0.68026
0.70757
0.7375
0.7563300000000001
0.77223
0.7473
0.70863
0.7582899999999999
0.79567
0.7795700000000001
0.77407
0.75825
0.7507999999999999
0.72891
0.7041900000000001
0.66937
0.63325
0.6046699999999999
0.57253
0.53377
0.49292
0.44787
0.40232
0.3372
0.27955
0.23092
0.18478
0.15372
0.11298
0.07440000000000001
0.07513
0.06294
0.05133
0.03878
0.02613
0.015179999999999999
0.00393
0.0
0.0
0.0
0.0
0.0
0.0
0.0
0.0
0.0
0.0
0.0
0.0
0.0
0.0
0.0
0.0
0.0
0.0
0.0
0.0
0.0
0.0
0.0
0.0
0.0
0.0
0.0
0.0
0.0
0.0
0.0
0.0
0.0
0.0
0.0
0.0
0.0
0.0
0.010230000000000001
0.01819
0.0312
0.04373
0.05231
0.061259999999999995
0.06773
0.09074
0.13229
0.17795
0.22463999999999998
0.27126999999999996
0.31775
0.36546
0.4118
0.45919
0.50545
0.55053
0.58845
0.62386
0.65688
0.68783
0.7145900000000001
0.73884
0.7346
0.7174400000000001
0.7400599999999999
0.76001
0.7746000000000001
0.79491
0.74214
0.68028
0.69973
0.7153999999999999
0.69729
0.67631
0.645
0.61184
0.58493
0.55469
0.52586
0.49336
0.43543
0.38245
0.32804
0.27586
0.23501
0.19346000000000002
0.15865
0.11563
0.07296
0.06515
0.05564
0.04854
0.038119999999999994
0.02768
0.01696
0.0062900000000000005
0.0
0.0
0.0
0.0
0.0
0.0
0.0
0.0
0.0
0.0
0.0
0.0
0.0
0.0
0.0
0.0
0.0
0.0
0.0
0.0
0.0
0.0
0.0
0.0
0.0
0.0
0.0
0.0
0.0
0.0
0.0
0.0
0.0
0.0
0.0
0.0
0.0
0.0
0.009439999999999999
0.01754
0.02984
0.04208
0.048310000000000006
0.056909999999999995
0.06143
0.08113
0.1256
0.17373
0.22232
0.27631
0.32561
0.37566000000000005
0.42388
0.47182999999999997
0.51654
0.55741
0.59682
0.6342899999999999
0.667
0.69714
0.72282
0.74549
0.76393
0.7791699999999999
0.7893
0.7962100000000001
0.79884
0.79836
0.7932100000000001
0.7849299999999999
0.7719600000000001
0.75587
0.7323500000000001
0.71524
0.67608
0.64015
0.60436
0.56687
0.52744
0.48627
0.44891000000000003
0.40808999999999995
0.35397
0.29944
0.25433
0.20797
0.15837
0.11152
0.06672
0.05907
0.05321
0.04732
0.036539999999999996
0.02807
0.01745
0.00708
0.0
0.0
0.0
0.0
0.0
0.0
0.0
0.0
0.0
0.0
0.0
0.0
0.0
0.0
0.0
0.0
0.0
0.0
0.0
0.0
0.0
0.0
0.0
0.0
0.0
0.0
0.0
0.0
0.0
0.0
0.0
0.0
0.0
0.0
0.0
0.0
0.0
0.0
0.00747
0.013359999999999999
0.0238
0.03411
0.04954
0.06495000000000001
0.07701000000000001
0.09826
0.13268000000000002
0.17292
0.21047
0.24477000000000002
0.27044999999999997
0.28776
0.31927999999999995
0.35070999999999997
0.40926
0.46918
0.49168
0.51125
0.53046
0.54779
0.5774900000000001
0.60742
0.63448
0.65366
0.68211
0.7087899999999999
0.71772
0.72422
0.70554
0.68465
0.68135
0.67508
0.60539
0.53047
0.48807
0.44508
0.42752999999999997
0.40979000000000004
0.43541
0.44398000000000004
0.40819
0.37194
0.3312
0.28981
0.24974000000000002
0.20862999999999998
0.15677000000000002
0.1187
0.07894
0.053590000000000006
0.04305
0.03227
0.02956
0.02618
0.01622
0.0062900000000000005
0.0
0.0
0.0
0.0
0.0
0.0
0.0
0.0
0.0
0.0
0.0
0.0
0.0
0.0
0.0
0.0
0.0
0.0
0.0
0.0
0.0
0.0
0.0
0.0
0.0
0.0
0.0
0.0
0.0
0.0
0.0
0.0
0.0
0.0
0.0
0.0
0.0
0.0
0.012199999999999999
0.02163
0.03352
0.045219999999999996
0.053630000000000004
0.06197999999999999
0.06778
0.0882
0.12978
0.17547
0.22190000000000001
0.27096
0.31899
0.36804000000000003
0.41557
0.46432999999999996
0.50768
0.55004
0.58913
0.62648
0.65942
0.69004
0.71677
0.74076
0.7596
0.76349
0.78444
0.7902
0.79539
0.78449
0.78046
0.7734
0.75822
0.7515700000000001
0.72445
0.69535
0.67273
0.6461399999999999
0.59529
0.54463
0.48099000000000003
0.42507
0.38836000000000004
0.35124
0.33448
0.30562
0.22804
0.17034
0.12551
0.08934
0.069
0.062329999999999997
0.056530000000000004
0.05058
0.040299999999999996
0.02995
0.018449999999999998
0.00708
0.0
0.0
0.0
0.0
0.0
0.0
0.0
0.0
0.0
0.0
0.0
0.0
0.0
0.0
0.0
0.0
0.0
0.0
0.0
0.0
0.0
0.0
0.0
0.0
0.0
0.0
0.0
0.0
0.0
0.0
0.0
0.0
0.0
0.0
0.0
0.0
0.0
0.0
0.011800000000000001
0.02109
0.031239999999999997
0.04138
0.050409999999999996
0.05925
0.06433
0.08342000000000001
0.12637
0.17266
0.22055000000000002
0.27025
0.31831
0.368
0.41486
0.46235000000000004
0.50199
0.5392899999999999
0.55736
0.56323
0.59393
0.6233500000000001
0.67673
0.7314700000000001
0.7452799999999999
0.75563
0.7715599999999999
0.77746
0.78076
0.77338
0.7527999999999999
0.72911
0.74524
0.74752
0.7291599999999999
0.70763
0.66428
0.6250800000000001
0.60154
0.57217
0.5259199999999999
0.47974
0.44338
0.403
0.34062
0.28301
0.16858
0.07995000000000001
0.08499
0.08553
0.07558
0.07337
0.06199
0.049479999999999996
0.039229999999999994
0.02897
0.01797
0.00708
0.0
0.0
0.0
0.0
0.0
0.0
0.0
0.0
0.0
0.0
0.0
0.0
0.0
0.0
0.0
0.0
0.0
0.0
0.0
0.0
0.0
0.0
0.0
0.0
0.0
0.0
0.0
0.0
0.0
0.0
0.0
0.0
0.0
0.0
0.0
0.0
0.0
0.0
0.011800000000000001
0.02117
0.03068
0.040229999999999995
0.04986
0.05692
0.061770000000000005
0.07895
0.12298
0.17037
0.21862
0.26868000000000003
0.31792000000000004
0.37031000000000003
0.41774
0.46482999999999997
0.5088199999999999
0.55151
0.59036
0.62717
0.66016
0.68331
0.70888
0.73161
0.7495599999999999
0.76447
0.77078
0.76097
0.7643099999999999
0.7561599999999999
0.76203
0.7565599999999999
0.74393
0.72846
0.71938
0.7055499999999999
0.64437
0.58162
0.5248999999999999
0.46772
0.4865
0.48543000000000003
0.43741
0.39057
0.3502
0.30692
0.2511
0.20038999999999998
0.15466999999999997
0.12007999999999999
0.08781
0.07144
0.060840000000000005
0.04992
0.039299999999999995
0.02846
0.01807
0.00787
0.0
0.0
0.0
0.0
0.0
0.0
0.0
0.0
0.0
0.0
0.0
0.0
0.0
0.0
0.0
0.0
0.0
0.0
0.0
0.0
0.0
0.0
0.0
0.0
0.0
0.0
0.0
0.0
0.0
0.0
0.0
0.0
0.0
0.0
0.0
0.0
0.0
0.0
0.011800000000000001
0.02104
0.0315
0.04195
0.04981
0.05765
0.06536
0.08151
0.12401000000000001
0.17033
0.21721000000000001
0.26632
0.31455
0.36373
0.41304
0.45987
0.50196
0.5419700000000001
0.57428
0.60117
0.64109
0.68436
0.6592100000000001
0.61707
0.56697
0.51169
0.48206
0.45097000000000004
0.39053
0.3286
0.5535399999999999
0.7567200000000001
0.67948
0.5951000000000001
0.48694
0.37556
0.23711000000000002
0.10842
0.18096
0.24752000000000002
0.36267
0.44251
0.41257
0.37723
0.34684
0.30515
0.24372
0.19166
0.13291
0.09282
0.07016
0.05625
0.04768
0.038
0.02754
0.01677
0.01028
0.00393
0.0
0.0
0.0
0.0
0.0
0.0
0.0
0.0
0.0
0.0
0.0
0.0
0.0
0.0
0.0
0.0
0.0
0.0
0.0
0.0
0.0
0.0
0.0
0.0
0.0
0.0
0.0
0.0
0.0
0.0
0.0
0.0
0.0
0.0
0.0
0.0
0.0
0.0
0.01062
0.01886
0.02988
0.04086
0.04974
0.05845
0.06829
0.08654
0.12628
0.15874000000000002
0.19993
0.24415
0.29814999999999997
0.3638
0.39838
0.42722000000000004
0.40898
0.36281
0.38761
0.41195
0.43439
0.45677
0.51347
0.57984
0.57152
0.55283
0.5260900000000001
0.49756
0.46457
0.4305
0.36817
0.29573
0.36296
0.42906
0.46536
0.48958999999999997
0.46131
0.43375
0.47096
0.49783
0.44842000000000004
0.40851
0.31512
0.23347
0.25181
0.256
0.23825
0.20811000000000002
0.15919
0.12034
0.08502
0.07549
0.06196
0.048299999999999996
0.03558
0.02207
0.01375
0.00551
0.0
0.0
0.0
0.0
0.0
0.0
0.0
0.0
0.0
0.0
0.0
0.0
0.0
0.0
0.0
0.0
0.0
0.0
0.0
0.0
0.0
0.0
0.0
0.0
0.0
0.0
0.0
0.0
0.0
0.0
0.0
0.0
0.0
0.0
0.0
0.0
0.0
0.0
0.01141
0.02048
0.02901
0.03975
0.046630000000000005
0.05325
0.06067
0.07732
0.11283
0.15497
0.19313999999999998
0.23058
0.29062
0.36243000000000003
0.41119
0.46109
0.50498
0.5461900000000001
0.58477
0.62102
0.60424
0.56865
0.65611
0.73319
0.73454
0.7280800000000001
0.66948
0.5963999999999999
0.67135
0.73517
0.75685
0.76828
0.75248
0.73399
0.70311
0.67579
0.63475
0.59266
0.58766
0.57851
0.5108
0.44799
0.40201
0.35713
0.3352
0.30593
0.24542
0.19827
0.16161
0.12186
0.07826000000000001
0.06613
0.0578
0.04943
0.038079999999999996
0.0269
0.01734
0.00787
0.0
0.0
0.0
0.0
0.0
0.0
0.0
0.0
0.0
0.0
0.0
0.0
0.0
0.0
0.0
0.0
0.0
0.0
0.0
0.0
0.0
0.0
0.0
0.0
0.0
0.0
0.0
0.0
0.0
0.0
0.0
0.0
0.0
0.0
0.0
0.0
0.0
0.0
0.01102
0.01964
0.02898
0.03825
0.04541
0.05461
0.060840000000000005
0.07656
0.11849
0.15946000000000002
0.17697
0.16863999999999998
0.1879
0.20642
0.25233
0.30707999999999996
0.33086
0.35531999999999997
0.42779
0.50988
0.59678
0.68533
0.6143099999999999
0.5151100000000001
0.62666
0.73407
0.7630800000000001
0.78589
0.7932899999999999
0.7975800000000001
0.7848099999999999
0.76904
0.76164
0.75063
0.7264400000000001
0.6998
0.67974
0.6554
0.62158
0.58545
0.54169
0.49885
0.45661
0.4123
0.35593
0.30135
0.25063
0.20448
0.16112
0.11106999999999999
0.06495999999999999
0.05366
0.049
0.0444
0.03676
0.02741
0.01747
0.00787
0.0
0.0
0.0
0.0
0.0
0.0
0.0
0.0
0.0
0.0
0.0
0.0
0.0
0.0
0.0
0.0
0.0
0.0
0.0
0.0
0.0
0.0
0.0
0.0
0.0
0.0
0.0
0.0
0.0
0.0
0.0
0.0
0.0
0.0
0.0
0.0
0.0
0.0
0.01141
0.020390000000000002
0.03023
0.04009
0.04925
0.05808
0.06579
0.08133
0.11405
0.13787
0.19229
0.26409
0.31137
0.35764
0.40688
0.45364
0.49986
0.5465099999999999
0.58324
0.62071
0.65349
0.6838099999999999
0.6999500000000001
0.70825
0.7410599999999999
0.76849
0.77936
0.7870900000000001
0.78054
0.77067
0.7583300000000001
0.7386900000000001
0.73317
0.7323099999999999
0.7174400000000001
0.6988300000000001
0.6781200000000001
0.64797
0.61268
0.57916
0.53316
0.48732
0.44193
0.39503
0.34546
0.29727
0.24409
0.19496
0.13756000000000002
0.09627
0.07053
0.0565
0.05219
0.047810000000000005
0.03669
0.026359999999999998
0.01604
0.00551
0.0
0.0
0.0
0.0
0.0
0.0
0.0
0.0
0.0
0.0
0.0
0.0
0.0
0.0
0.0
0.0
0.0
0.0
0.0
0.0
0.0
0.0
0.0
0.0
0.0
0.0
0.0
0.0
0.0
0.0
0.0
0.0
0.0
0.0
0.0
0.0
0.0
0.0
0.00826
0.0147
0.024730000000000002
0.03471
0.048549999999999996
0.061340000000000006
0.056799999999999996
0.05061
0.08759
0.12836
0.14758000000000002
0.16622
0.18331
0.20022
0.21151
0.22354
0.32077999999999995
0.42717
0.4648
0.50364
0.54044
0.5776699999999999
0.59042
0.60057
0.56311
0.51393
0.46094
0.39582
0.37669
0.35707
0.4117
0.47481
0.47833
0.4808
0.38312
0.29646
0.29652999999999996
0.29614999999999997
0.23278000000000001
0.16733
0.25559
0.32537
0.34464
0.35229000000000005
0.33561
0.31104000000000004
0.22891
0.16736
0.11676
0.08066
0.07242
0.06556999999999999
0.04114
0.01367
0.011
0.00834
0.005690000000000001
0.00315
0.0
0.0
0.0
0.0
0.0
0.0
0.0
0.0
0.0
0.0
0.0
0.0
0.0
0.0
0.0
0.0
0.0
0.0
0.0
0.0
0.0
0.0
0.0
0.0
0.0
0.0
0.0
0.0
0.0
0.0
0.0
0.0
0.0
0.0
0.0
0.0
0.0
0.0
0.00511
0.009130000000000001
0.01754
0.02597
0.03732
0.048350000000000004
0.04753
0.04596
0.03748
0.02904
0.03714
0.045270000000000005
0.07977
0.11388
0.14156
0.17005
0.15242
0.13391
0.16754
0.20169
0.19375
0.1856
0.15128999999999998
0.11665
0.09926
0.08179
0.07053
0.05923
0.07725
0.09528
0.16851
0.2383
0.22078
0.19731
0.13634000000000002
0.07604999999999999
0.09787
0.11946999999999999
0.12794
0.13629
0.11684
0.09772
0.11369
0.12918000000000002
0.13726
0.14425
0.10307
0.06266
0.0717
0.06892
0.05056
0.04468
0.03773
0.0297
0.02062
0.01216
0.00797
0.00393
0.0
0.0
0.0
0.0
0.0
0.0
0.0
0.0
0.0
0.0
0.0
0.0
0.0
0.0
0.0
0.0
0.0
0.0
0.0
0.0
0.0
0.0
0.0
0.0
0.0
0.0
0.0
0.0
0.0
0.0
0.0
0.0
0.0
0.0
0.0
0.0
0.0
0.0
0.00157
0.0030299999999999997
0.00911
0.015220000000000001
0.02714
0.039119999999999995
0.05669
0.07390000000000001
0.08002
0.08539
0.10951000000000001
0.13458
0.14984999999999998
0.16559000000000001
0.17836000000000002
0.1938
0.21395
0.23431
0.25357
0.27311
0.30657999999999996
0.34091000000000005
0.37232
0.40406
0.37917
0.35323000000000004
0.34581
0.33788
0.46257
0.58459
0.59865
0.61111
0.62372
0.63327
0.6301
0.6174299999999999
0.52052
0.43015
0.41179000000000004
0.39280000000000004
0.34296
0.29178
0.25052
0.21145
0.2374
0.25042
0.1971
0.15144
0.13581000000000001
0.11626
0.09197
0.07623999999999999
0.06357
0.04981
0.039670000000000004
0.02926
0.01814
0.00708
0.0
0.0
0.0
0.0
0.0
0.0
0.0
0.0
0.0
0.0
0.0
0.0
0.0
0.0
0.0
0.0
0.0
0.0
0.0
0.0
0.0
0.0
0.0
0.0
0.0
0.0
0.0
0.0
0.0
0.0
0.0
0.0
0.0
0.0
0.0
0.0
0.0
0.0
0.010230000000000001
0.01825
0.02915
0.03972
0.04838
0.05738
0.06756000000000001
0.08244
0.12129999999999999
0.15808000000000003
0.19908
0.25443
0.30092
0.34669
0.35787
0.34747
0.40522
0.46432999999999996
0.48162
0.49477
0.5342
0.57489
0.6033
0.62424
0.6215
0.62299
0.65636
0.69614
0.7365900000000001
0.77246
0.77478
0.7655599999999999
0.73272
0.6918
0.6942699999999999
0.69184
0.66225
0.63
0.5902200000000001
0.55091
0.48479
0.42347
0.36575
0.30972000000000005
0.27279000000000003
0.23777
0.22285
0.1991
0.16115000000000002
0.12941
0.09745999999999999
0.07862000000000001
0.06747
0.05489
0.04163
0.02825
0.01769
0.00708
0.0
0.0
0.0
0.0
0.0
0.0
0.0
0.0
0.0
0.0
0.0
0.0
0.0
0.0
0.0
0.0
0.0
0.0
0.0
0.0
0.0
0.0
0.0
0.0
0.0
0.0
0.0
0.0
0.0
0.0
0.0
0.0
0.0
0.0
0.0
0.0
0.0
0.0
0.010230000000000001
0.01975
0.02825
0.03675
0.04223
0.04777
0.053259999999999995
0.06678
0.11973
0.16388
0.21192
0.25958
0.30785
0.3659
0.41458999999999996
0.46352
0.5089
0.5547799999999999
0.59442
0.63183
0.64291
0.63366
0.63605
0.63199
0.63567
0.64387
0.65642
0.6673
0.64612
0.62305
0.5999800000000001
0.5677300000000001
0.5584
0.5557000000000001
0.48744
0.42873
0.44629
0.46059
0.44208
0.42279
0.40075
0.38155
0.35087
0.31916
0.30463999999999997
0.28461000000000003
0.24841999999999997
0.20962
0.17038
0.12734
0.08539
0.06905
0.06121
0.05328
0.04271
0.032049999999999995
0.02018
0.00865
0.0
0.0
0.0
0.0
0.0
0.0
0.0
0.0
0.0
0.0
0.0
0.0
0.0
0.0
0.0
0.0
0.0
0.0
0.0
0.0
0.0
0.0
0.0
0.0
0.0
0.0
0.0
0.0
0.0
0.0
0.0
0.0
0.0
0.0
0.0
0.0
0.0
0.0
0.00905
0.01668
0.02856
0.04032
0.05289
0.0643
0.07305
0.0852
0.12068000000000001
0.16842
0.21403999999999998
0.26329
0.31168
0.36266000000000004
0.41292
0.46170999999999995
0.49685
0.52595
0.54275
0.5530499999999999
0.57394
0.59139
0.60081
0.6143099999999999
0.6392
0.66946
0.65279
0.64003
0.61372
0.5774
0.60172
0.6160599999999999
0.6042799999999999
0.59108
0.5603400000000001
0.52936
0.5355700000000001
0.54375
0.50205
0.46741000000000005
0.41919999999999996
0.37417
0.34292
0.31159
0.2846
0.25562999999999997
0.21957
0.18569999999999998
0.16076
0.12672
0.08811
0.06843
0.05978
0.05052
0.04032
0.03058
0.018789999999999998
0.00708
0.0
0.0
0.0
0.0
0.0
0.0
0.0
0.0
0.0
0.0
0.0
0.0
0.0
0.0
0.0
0.0
0.0
0.0
0.0
0.0
0.0
0.0
0.0
0.0
0.0
0.0
0.0
0.0
0.0
0.0
0.0
0.0
0.0
0.0
0.0
0.0
0.0
0.0
0.010230000000000001
0.01883
0.02899
0.03915
0.04675
0.05674
0.06193
0.07415999999999999
0.11691
0.16346
0.21089
0.26048000000000004
0.30917
0.36122000000000004
0.40806
0.45472
0.49888
0.5418999999999999
0.5814
0.61907
0.6525700000000001
0.67634
0.70225
0.72536
0.74405
0.75977
0.7709199999999999
0.7790199999999999
0.7707200000000001
0.75509
0.74678
0.73575
0.7079099999999999
0.67824
0.67137
0.66024
0.65712
0.64416
0.61698
0.58611
0.5457000000000001
0.50386
0.45861
0.41268
0.36308999999999997
0.31177999999999995
0.2621
0.2145
0.1646
0.12153
0.08226
0.05875
0.05332
0.047880000000000006
0.03716
0.02869
0.01778
0.00708
0.0
0.0
0.0
0.0
0.0
0.0
0.0
0.0
0.0
0.0
0.0
0.0
0.0
0.0
0.0
0.0
0.0
0.0
0.0
0.0
0.0
0.0
0.0
0.0
0.0
0.0
0.0
0.0
0.0
0.0
0.0
0.0
0.0
0.0
0.0
0.0
0.0
0.0
0.00197
0.00378
0.00873
0.01368
0.018269999999999998
0.02286
0.047880000000000006
0.07104
0.10158
0.1388
0.14259
0.14153
0.17798
0.21743
0.26303
0.31651
0.33
0.34172
0.34842
0.35974
0.44101999999999997
0.52722
0.56875
0.6113500000000001
0.67932
0.74134
0.72541
0.7062999999999999
0.65285
0.59014
0.57943
0.56735
0.51948
0.48028
0.45966
0.43874
0.48957
0.52623
0.54084
0.5400900000000001
0.48810000000000003
0.4358
0.40561
0.37372000000000005
0.35147
0.31532
0.26699
0.21947999999999998
0.17159
0.1266
0.08327
0.06573000000000001
0.05649
0.049460000000000004
0.040130000000000006
0.030780000000000002
0.019600000000000003
0.00865
0.0
0.0
0.0
0.0
0.0
0.0
0.0
0.0
0.0
0.0
0.0
0.0
0.0
0.0
0.0
0.0
0.0
0.0
0.0
0.0
0.0
0.0
0.0
0.0
0.0
0.0
0.0
0.0
0.0
0.0
0.0
0.0
0.0
0.0
0.0
0.0
0.0
0.0
0.00865
0.016640000000000002
0.027530000000000002
0.0384
0.046990000000000004
0.05553
0.06492
0.07903
0.11807
0.1466
0.18878
0.24465
0.29958999999999997
0.35804
0.40612
0.45469
0.49867
0.54173
0.57326
0.60015
0.63412
0.66627
0.6795599999999999
0.68769
0.711
0.7321799999999999
0.71314
0.69272
0.67752
0.65999
0.68832
0.71241
0.6695
0.62448
0.65749
0.684
0.6772100000000001
0.66174
0.6271599999999999
0.59058
0.55018
0.50845
0.46276999999999996
0.41701
0.36873
0.32091000000000003
0.27122
0.22316999999999998
0.17543
0.13079
0.08764
0.06656999999999999
0.05901
0.05137
0.04108
0.03071
0.01921
0.00787
0.0
0.0
0.0
0.0
0.0
0.0
0.0
0.0
0.0
0.0
0.0
0.0
0.0
0.0
0.0
0.0
0.0
0.0
0.0
0.0
0.0
0.0
0.0
0.0
0.0
0.0
0.0
0.0
0.0
0.0
0.0
0.0
0.0
0.0
0.0
0.0
0.0
0.0
0.00865
0.0166
0.027829999999999997
0.039020000000000006
0.047560000000000005
0.05602
0.06434999999999999
0.07625
0.11735
0.16374
0.21145
0.26174000000000003
0.31101999999999996
0.36372000000000004
0.41173000000000004
0.45963
0.50368
0.54648
0.57152
0.5885199999999999
0.579
0.56211
0.49541
0.42086
0.40420999999999996
0.39576
0.53508
0.66752
0.60764
0.54622
0.52797
0.50888
0.5874299999999999
0.66132
0.64307
0.6227699999999999
0.57464
0.52791
0.44033999999999995
0.36096
0.37638
0.37958
0.39274000000000003
0.38814
0.36037
0.32195
0.27316
0.22596
0.17828
0.13366
0.08846
0.06893
0.061130000000000004
0.05323
0.04235
0.03136
0.019469999999999998
0.00787
0.0
0.0
0.0
0.0
0.0
0.0
0.0
0.0
0.0
0.0
0.0
0.0
0.0
0.0
0.0
0.0
0.0
0.0
0.0
0.0
0.0
0.0
0.0
0.0
0.0
0.0
0.0
0.0
0.0
0.0
0.0
0.0
0.0
0.0
0.0
0.0
0.0
0.0
0.00865
0.0166
0.027129999999999998
0.037689999999999994
0.04498
0.05453
0.05948
0.07114
0.11134999999999999
0.14793
0.17832
0.19169
0.21221
0.22896
0.26164
0.29658999999999996
0.34436
0.39477999999999996
0.40352
0.40951
0.39475
0.36852999999999997
0.44214
0.50943
0.46525
0.41838
0.37574
0.3422
0.40451
0.47701
0.5039399999999999
0.5294500000000001
0.45853
0.37844
0.36477
0.35075
0.47655000000000003
0.58197
0.5947100000000001
0.5903099999999999
0.5515399999999999
0.51068
0.46548
0.41964999999999997
0.37099
0.31989999999999996
0.25597
0.20119
0.12445
0.07425
0.06012
0.04822
0.04945
0.05108
0.04008
0.0293
0.018850000000000002
0.00865
0.0
0.0
0.0
0.0
0.0
0.0
0.0
0.0
0.0
0.0
0.0
0.0
0.0
0.0
0.0
0.0
0.0
0.0
0.0
0.0
0.0
0.0
0.0
0.0
0.0
0.0
0.0
0.0
0.0
0.0
0.0
0.0
0.0
0.0
0.0
0.0
0.0
0.0
0.00787
0.01517
0.02634
0.037509999999999995
0.05043
0.06308
0.07490000000000001
0.09023
0.12461
0.1606
0.19601
0.23001
0.26133
0.29191
0.33283999999999997
0.3765
0.41087
0.44344
0.43924
0.42277
0.43807
0.4525
0.51802
0.57768
0.59014
0.60103
0.5835
0.55535
0.49635
0.436
0.45093
0.46477999999999997
0.29370999999999997
0.11297
0.08667
0.06056
0.057390000000000004
0.05422
0.05067
0.047119999999999995
0.04281
0.038509999999999996
0.03461
0.030719999999999997
0.02876
0.026809999999999997
0.030629999999999998
0.03445
0.03096
0.027489999999999997
0.02134
0.015210000000000001
0.01292
0.01062
0.00834
0.006059999999999999
0.0041600000000000005
0.0023599999999999997
0.0
0.0
0.0
0.0
0.0
0.0
0.0
0.0
0.0
0.0
0.0
0.0
0.0
0.0
0.0
0.0
0.0
0.0
0.0
0.0
0.0
0.0
0.0
0.0
0.0
0.0
0.0
0.0
0.0
0.0
0.0
0.0
0.0
0.0
0.0
0.0
0.0
0.0
0.0062900000000000005
0.012150000000000001
0.01735
0.02311
0.03507
0.04678
0.04058
0.03362
0.027870000000000002
0.02214
0.02637
0.03062
0.03527
0.03993
0.05042
0.06104
0.11467000000000001
0.16875
0.21522
0.25959
0.3382
0.42782
0.4756
0.52483
0.44391
0.34863
0.33811
0.32699
0.32203
0.31672
0.34631
0.37539999999999996
0.47038
0.55979
0.58429
0.6046
0.6264700000000001
0.6330399999999999
0.6062799999999999
0.57633
0.5493899999999999
0.51634
0.47301
0.42797
0.38016
0.33148
0.2807
0.22713999999999998
0.17486000000000002
0.13097999999999999
0.09064
0.07465999999999999
0.061689999999999995
0.0495
0.03879
0.027870000000000002
0.01814
0.00865
0.0
0.0
0.0
0.0
0.0
0.0
0.0
0.0
0.0
0.0
0.0
0.0
0.0
0.0
0.0
0.0
0.0
0.0
0.0
0.0
0.0
0.0
0.0
0.0
0.0
0.0
0.0
0.0
0.0
0.0
0.0
0.0
0.0
0.0
0.0
0.0
0.0
0.0
0.00826
0.01597
0.02621
0.0352
0.041159999999999995
0.04721
0.051179999999999996
0.06303
0.11468
0.16554
0.21761000000000003
0.27172
0.32473
0.37983999999999996
0.43017
0.47995
0.52734
0.57331
0.6153200000000001
0.65523
0.69045
0.72296
0.7516799999999999
0.77724
0.7979700000000001
0.81529
0.8279500000000001
0.83709
0.84153
0.84247
0.83794
0.82992
0.8176100000000001
0.80183
0.78111
0.7571
0.72887
0.69769
0.6624500000000001
0.62472
0.58329
0.53985
0.49299
0.44488
0.39388
0.34252
0.28724
0.23471
0.18095
0.12921000000000002
0.07887000000000001
0.05361
0.04499
0.0405
0.03387
0.02732
0.01856
0.009439999999999999
0.0
0.0
0.0
0.0
0.0
0.0
0.0
0.0
0.0
0.0
0.0
0.0
0.0
0.0
0.0
0.0
0.0
0.0
0.0
0.0
0.0
0.0
0.0
0.0
0.0
0.0
0.0
0.0
0.0
0.0
0.0
0.0
0.0
0.0
0.0
0.0
0.0
0.0
0.00787
0.016550000000000002
0.024820000000000002
0.0332
0.038549999999999994
0.04401
0.05212
0.06478
0.11425
0.16696
0.22082
0.27632
0.33244999999999997
0.38595
0.43777
0.48887
0.53574
0.5808
0.6232300000000001
0.66322
0.6994600000000001
0.73299
0.76181
0.78749
0.8085
0.82602
0.83838
0.8472000000000001
0.85172
0.8527
0.84897
0.84169
0.82925
0.81329
0.79204
0.7675
0.73895
0.70737
0.67122
0.63252
0.58992
0.54544
0.49773
0.44883999999999996
0.3975
0.34579000000000004
0.28934
0.23579
0.18188
0.13022
0.08022
0.05023
0.045340000000000005
0.04047
0.03423
0.028120000000000003
0.018969999999999997
0.009439999999999999
0.0
0.0
0.0
0.0
0.0
0.0
0.0
0.0
0.0
0.0
0.0
0.0
0.0
0.0
0.0
0.0
0.0
0.0
0.0
0.0
0.0
0.0
0.0
0.0
0.0
0.0
0.0
0.0
0.0
0.0
0.0
0.0
0.0
0.0
0.0
0.0
0.0
0.0
0.00787
0.015210000000000001
0.024829999999999998
0.036719999999999996
0.04448
0.05216
0.05796
0.07115
0.1166
0.16576
0.2161
0.26852
0.32268
0.37442000000000003
0.4245
0.47433
0.52044
0.5654600000000001
0.60358
0.6427200000000001
0.67795
0.7107100000000001
0.72396
0.7286900000000001
0.72224
0.7094
0.71525
0.72041
0.75078
0.77964
0.77799
0.77339
0.78423
0.78743
0.7609
0.73202
0.71114
0.6861
0.65154
0.61472
0.5737899999999999
0.53313
0.48627
0.43847
0.38806
0.33762000000000003
0.28593999999999997
0.2319
0.18030000000000002
0.13119999999999998
0.08292000000000001
0.05656
0.05131
0.046060000000000004
0.03779
0.02947
0.017920000000000002
0.00865
0.0
0.0
0.0
0.0
0.0
0.0
0.0
0.0
0.0
0.0
0.0
0.0
0.0
0.0
0.0
0.0
0.0
0.0
0.0
0.0
0.0
0.0
0.0
0.0
0.0
0.0
0.0
0.0
0.0
0.0
0.0
0.0
0.0
0.0
0.0
0.0
0.0
0.0
0.00747
0.0144
0.02499
0.03561
0.04415
0.05256
0.06039
0.07445
0.11931
0.16177
0.20856
0.2615
0.31127
0.36388
0.41431
0.46214999999999995
0.50741
0.5512699999999999
0.58533
0.6135900000000001
0.6492899999999999
0.6831699999999999
0.71072
0.7307100000000001
0.7452000000000001
0.7642
0.77871
0.79836
0.79273
0.79253
0.7868999999999999
0.78688
0.78247
0.77427
0.75385
0.73045
0.7030299999999999
0.67306
0.5984400000000001
0.52435
0.43336
0.3584
0.24763
0.14569
0.16376
0.17626
0.1189
0.06447
0.05167
0.0394
0.046299999999999994
0.05108
0.052270000000000004
0.05203
0.03849
0.02501
0.01427
0.00315
0.0
0.0
0.0
0.0
0.0
0.0
0.0
0.0
0.0
0.0
0.0
0.0
0.0
0.0
0.0
0.0
0.0
0.0
0.0
0.0
0.0
0.0
0.0
0.0
0.0
0.0
0.0
0.0
0.0
0.0
0.0
0.0
0.0
0.0
0.0
0.0
0.0
0.0
0.0062900000000000005
0.01216
0.02591
0.039490000000000004
0.052590000000000005
0.06552
0.07597
0.08989
0.12412000000000001
0.16635
0.21059
0.26137
0.29654
0.32700999999999997
0.37722
0.43169
0.45914
0.48096
0.54096
0.60876
0.6416499999999999
0.67271
0.69965
0.72424
0.68067
0.63119
0.58585
0.53715
0.52939
0.52049
0.49081
0.44983
0.45376
0.4669
0.5385599999999999
0.60322
0.6390800000000001
0.66353
0.6295
0.59346
0.55088
0.5079
0.42155000000000004
0.34987
0.31439
0.28404
0.26497000000000004
0.23435
0.18384
0.13965
0.09741
0.0718
0.06269
0.05346
0.04209
0.030420000000000003
0.01833
0.0062900000000000005
0.0
0.0
0.0
0.0
0.0
0.0
0.0
0.0
0.0
0.0
0.0
0.0
0.0
0.0
0.0
0.0
0.0
0.0
0.0
0.0
0.0
0.0
0.0
0.0
0.0
0.0
0.0
0.0
0.0
0.0
0.0
0.0
0.0
0.0
0.0
0.0
0.0
0.0
0.0062900000000000005
0.01259
0.02472
0.037200000000000004
0.045759999999999995
0.05397
0.06669
0.08033
0.11154
0.15322
0.18808000000000002
0.22605
0.24306
0.2556
0.27682999999999996
0.29158999999999996
0.33281
0.37118
0.41997
0.47901
0.53001
0.58374
0.6287
0.66637
0.68571
0.70317
0.7217
0.73829
0.74987
0.75895
0.75826
0.75847
0.7100700000000001
0.65212
0.65283
0.6430800000000001
0.55567
0.47392
0.42752999999999997
0.38315
0.37101999999999996
0.35616000000000003
0.31989
0.27727999999999997
0.28711000000000003
0.28911000000000003
0.25783999999999996
0.21975
0.18027
0.137
0.09566
0.07158
0.0613
0.05128
0.039909999999999994
0.02836
0.01763
0.00708
0.0
0.0
0.0
0.0
0.0
0.0
0.0
0.0
0.0
0.0
0.0
0.0
0.0
0.0
0.0
0.0
0.0
0.0
0.0
0.0
0.0
0.0
0.0
0.0
0.0
0.0
0.0
0.0
0.0
0.0
0.0
0.0
0.0
0.0
0.0
0.0
0.0
0.0
0.0062900000000000005
0.01259
0.02555
0.03892
0.04994
0.06064
0.0684
0.08297
0.12384999999999999
0.16935
0.21850999999999998
0.26753
0.30525
0.33988999999999997
0.38935000000000003
0.44623
0.49292
0.54059
0.56235
0.57435
0.59426
0.61113
0.60991
0.59442
0.64888
0.69556
0.72251
0.7504400000000001
0.70838
0.66224
0.70827
0.74976
0.6897000000000001
0.62124
0.6463099999999999
0.65715
0.65134
0.6397
0.5889800000000001
0.53874
0.5027200000000001
0.46551
0.39794
0.33659
0.31786000000000003
0.28916000000000003
0.25405
0.21665
0.17105
0.12994999999999998
0.09345
0.06406999999999999
0.056119999999999996
0.04811
0.03739
0.02644
0.01629
0.0062900000000000005
0.0
0.0
0.0
0.0
0.0
0.0
0.0
0.0
0.0
0.0
0.0
0.0
0.0
0.0
0.0
0.0
0.0
0.0
0.0
0.0
0.0
0.0
0.0
0.0
0.0
0.0
0.0
0.0
0.0
0.0
0.0
0.0
0.0
0.0
0.0
0.0
0.0
0.0
0.0062900000000000005
0.01259
0.02402
0.03587
0.04548
0.05503
0.06229
0.07707
0.12099
0.1669
0.21368
0.26335000000000003
0.31010000000000004
0.35406
0.39444
0.42517
0.47213
0.5240900000000001
0.57433
0.62487
0.65108
0.66825
0.6502100000000001
0.6163200000000001
0.63228
0.6466900000000001
0.6795
0.70372
0.6933400000000001
0.67336
0.67576
0.67622
0.65943
0.64095
0.63781
0.62422
0.57628
0.53786
0.51939
0.50545
0.49252999999999997
0.47378
0.38986000000000004
0.31033999999999995
0.28673000000000004
0.26281
0.24809
0.22471000000000002
0.14952000000000001
0.09767
0.08465
0.07558
0.06274
0.0497
0.03665
0.02346
0.013800000000000002
0.00393
0.0
0.0
0.0
0.0
0.0
0.0
0.0
0.0
0.0
0.0
0.0
0.0
0.0
0.0
0.0
0.0
0.0
0.0
0.0
0.0
0.0
0.0
0.0
0.0
0.0
0.0
0.0
0.0
0.0
0.0
0.0
0.0
0.0
0.0
0.0
0.0
0.0
0.0
0.0
0.00708
0.01449
0.02215
0.032049999999999995
0.04174
0.05004
0.05843
0.09212000000000001
0.1349
0.17958000000000002
0.2349
0.26141000000000003
0.28267000000000003
0.26955
0.2464
0.25587
0.26400999999999997
0.30743
0.35256
0.40882999999999997
0.45925
0.47426
0.48856
0.47587999999999997
0.45076
0.49622000000000005
0.53087
0.55636
0.58085
0.58794
0.6033099999999999
0.62173
0.63724
0.69049
0.71924
0.70237
0.67422
0.60749
0.5364500000000001
0.4179
0.305
0.29187
0.27811
0.2575
0.23458
0.18768
0.14490999999999998
0.14301
0.12529
0.09290999999999999
0.063
0.05493
0.04668
0.037270000000000005
0.02785
0.016989999999999998
0.0062900000000000005
0.0
0.0
0.0
0.0
0.0
0.0
0.0
0.0
0.0
0.0
0.0
0.0
0.0
0.0
0.0
0.0
0.0
0.0
0.0
0.0
0.0
0.0
0.0
0.0
0.0
0.0
0.0
0.0
0.0
0.0
0.0
0.0
0.0
0.0
0.0
0.0
0.0
0.0
0.0
0.01102
0.022879999999999998
0.03504
0.04512
0.055
0.06232
0.07756
0.11815
0.16651
0.21214
0.26061
0.30866000000000005
0.35818
0.40579000000000004
0.45380000000000004
0.47775
0.48652999999999996
0.55461
0.62333
0.65786
0.69033
0.70829
0.72142
0.7246900000000001
0.7158
0.7249
0.73136
0.68675
0.63879
0.6678200000000001
0.69392
0.74366
0.7678400000000001
0.7462300000000001
0.7219800000000001
0.65024
0.56677
0.37365
0.19118000000000002
0.16316
0.13271
0.17368
0.20939
0.21244
0.20476
0.20237
0.19669999999999999
0.1331
0.08218
0.05923
0.03825
0.03518
0.032119999999999996
0.0229
0.013699999999999999
0.00875
0.00393
0.0
0.0
0.0
0.0
0.0
0.0
0.0
0.0
0.0
0.0
0.0
0.0
0.0
0.0
0.0
0.0
0.0
0.0
0.0
0.0
0.0
0.0
0.0
0.0
0.0
0.0
0.0
0.0
0.0
0.0
0.0
0.0
0.0
0.0
0.0
0.0
0.0
0.0
0.0
0.010230000000000001
0.02137
0.032780000000000004
0.04279
0.052770000000000004
0.06562
0.08522
0.11985
0.15691999999999998
0.18759
0.20807
0.24362999999999999
0.28032
0.33829000000000004
0.40767000000000003
0.44123
0.46542
0.52432
0.58424
0.6500199999999999
0.70959
0.67688
0.6051799999999999
0.61953
0.63205
0.62226
0.60993
0.65138
0.70241
0.65973
0.60624
0.5483300000000001
0.48129
0.49505
0.49616000000000005
0.48910000000000003
0.48002999999999996
0.43297
0.38153
0.38833
0.38885000000000003
0.38323
0.37249
0.32377
0.27564
0.25229
0.22315000000000002
0.16393000000000002
0.12021
0.08868000000000001
0.06597
0.054619999999999995
0.04307
0.0316
0.020050000000000002
0.01202
0.00393
0.0
0.0
0.0
0.0
0.0
0.0
0.0
0.0
0.0
0.0
0.0
0.0
0.0
0.0
0.0
0.0
0.0
0.0
0.0
0.0
0.0
0.0
0.0
0.0
0.0
0.0
0.0
0.0
0.0
0.0
0.0
0.0
0.0
0.0
0.0
0.0
0.0
0.0
0.0
0.010230000000000001
0.02189
0.0339
0.041909999999999996
0.04994
0.061869999999999994
0.08089
0.11882
0.16825
0.21677000000000002
0.26312
0.314
0.36713999999999997
0.40801
0.44210000000000005
0.47207
0.49949
0.54626
0.59413
0.6182000000000001
0.6382899999999999
0.69153
0.74683
0.76803
0.7950499999999999
0.80825
0.83324
0.82541
0.81033
0.80963
0.79731
0.7572000000000001
0.70696
0.6705399999999999
0.63359
0.58097
0.53977
0.5192899999999999
0.49673
0.47148
0.44426
0.37475
0.30786
0.26714
0.22865
0.21431
0.19577
0.17157
0.13658
0.09806000000000001
0.06831
0.05821
0.04783
0.036899999999999995
0.02545
0.01541
0.00551
0.0
0.0
0.0
0.0
0.0
0.0
0.0
0.0
0.0
0.0
0.0
0.0
0.0
0.0
0.0
0.0
0.0
0.0
0.0
0.0
0.0
0.0
0.0
0.0
0.0
0.0
0.0
0.0
0.0
0.0
0.0
0.0
0.0
0.0
0.0
0.0
0.0
0.0
0.0
0.00865
0.00826
0.00788
0.00977
0.01063
0.03517
0.058929999999999996
0.08119
0.10504000000000001
0.14856999999999998
0.2019
0.23826
0.27806000000000003
0.30062
0.32006
0.33842
0.35574
0.43682
0.51915
0.57831
0.63179
0.6533
0.6725
0.6622100000000001
0.6392
0.68457
0.72165
0.76109
0.7992100000000001
0.77167
0.73981
0.62305
0.5095
0.50137
0.49191
0.50273
0.5014700000000001
0.44929
0.40764
0.3836
0.35858999999999996
0.33738999999999997
0.31524
0.30186
0.27948
0.22331
0.17198
0.12885
0.09406999999999999
0.08103
0.06871
0.05602
0.04312
0.03093
0.018359999999999998
0.01091
0.00315
0.0
0.0
0.0
0.0
0.0
0.0
0.0
0.0
0.0
0.0
0.0
0.0
0.0
0.0
0.0
0.0
0.0
0.0
0.0
0.0
0.0
0.0
0.0
0.0
0.0
0.0
0.0
0.0
0.0
0.0
0.0
0.0
0.0
0.0
0.0
0.0
0.0
0.0
0.0
0.00787
0.01952
0.031149999999999997
0.04342
0.055850000000000004
0.060829999999999995
0.0767
0.11948
0.16674
0.21489
0.26596
0.31641
0.36819999999999997
0.39861
0.41847
0.35974
0.27632
0.30166000000000004
0.32738
0.30557
0.28197000000000005
0.29957999999999996
0.31727999999999995
0.36872000000000005
0.42093
0.44625
0.47137
0.50013
0.5163300000000001
0.5274800000000001
0.53739
0.67332
0.77263
0.7448899999999999
0.71496
0.67508
0.62967
0.5860700000000001
0.54264
0.49025
0.44306
0.43954000000000004
0.41981999999999997
0.37301
0.32538
0.27554
0.22774
0.18062999999999999
0.13427
0.08824
0.05075
0.04732
0.0422
0.03196
0.022
0.01294
0.00393
0.0
0.0
0.0
0.0
0.0
0.0
0.0
0.0
0.0
0.0
0.0
0.0
0.0
0.0
0.0
0.0
0.0
0.0
0.0
0.0
0.0
0.0
0.0
0.0
0.0
0.0
0.0
0.0
0.0
0.0
0.0
0.0
0.0
0.0
0.0
0.0
0.0
0.0
0.0
0.00315
0.0068200000000000005
0.01063
0.01444
0.018260000000000002
0.025929999999999998
0.03365
0.039450000000000006
0.045200000000000004
0.06498999999999999
0.0844
0.09648999999999999
0.10882
0.09037
0.07145
0.08263
0.09389
0.17288
0.25146
0.28304
0.31542000000000003
0.23208
0.14195
0.13078
0.12415999999999999
0.19069
0.25798000000000004
0.30349
0.34897
0.40932999999999997
0.48087
0.481
0.47961000000000004
0.45148
0.41352999999999995
0.43417
0.44224
0.39614
0.35058
0.42224
0.46322
0.43929
0.41191
0.33476999999999996
0.27167
0.21492
0.16985
0.16024000000000002
0.13681000000000001
0.09687
0.07162
0.05892
0.04686
0.03448
0.021929999999999998
0.01226
0.0023599999999999997
0.0
0.0
0.0
0.0
0.0
0.0
0.0
0.0
0.0
0.0
0.0
0.0
0.0
0.0
0.0
0.0
0.0
0.0
0.0
0.0
0.0
0.0
0.0
0.0
0.0
0.0
0.0
0.0
0.0
0.0
0.0
0.0
0.0
0.0
0.0
0.0
0.0
0.0
0.0
0.004719999999999999
0.012580000000000001
0.02062
0.02943
0.0381
0.03517
0.03208
0.046009999999999995
0.06
0.07393999999999999
0.08818000000000001
0.08467
0.08079
0.07131
0.06166
0.08495
0.10840999999999999
0.12319
0.13818
0.13703
0.13584000000000002
0.13306
0.13022
0.17951
0.22941999999999999
0.25642000000000004
0.29458999999999996
0.32217
0.34956
0.39038999999999996
0.44277999999999995
0.43891
0.43451
0.39106
0.35986
0.35854
0.35657
0.33966
0.32271
0.29701
0.27094999999999997
0.17657
0.08479
0.05577
0.026809999999999997
0.024480000000000002
0.02215
0.020980000000000002
0.01982
0.02325
0.026699999999999998
0.023239999999999997
0.0198
0.01445
0.00911
0.00531
0.00157
0.0
0.0
0.0
0.0
0.0
0.0
0.0
0.0
0.0
0.0
0.0
0.0
0.0
0.0
0.0
0.0
0.0
0.0
0.0
0.0
0.0
0.0
0.0
0.0
0.0
0.0
0.0
0.0
0.0
0.0
0.0
0.0
0.0
0.0
0.0
0.0
0.0
0.0
0.0
0.004719999999999999
0.0143
0.02367
0.03392
0.04425
0.03753
0.029769999999999998
0.0419
0.054310000000000004
0.08552
0.11896
0.10379000000000001
0.08764
0.12179000000000001
0.15666999999999998
0.22047
0.28435000000000005
0.30938
0.33438
0.33406
0.33287
0.29247
0.25088
0.22003999999999999
0.18153999999999998
0.21228
0.24318
0.21794999999999998
0.19265000000000002
0.19578
0.19879
0.29913
0.39088999999999996
0.40287
0.42437
0.46402
0.49951999999999996
0.44937
0.40131
0.32474000000000003
0.26045999999999997
0.22726
0.1955
0.1376
0.0848
0.07547
0.06631000000000001
0.04028
0.01447
0.030170000000000002
0.04309
0.04268
0.0418
0.031219999999999998
0.0198
0.01062
0.00079
0.0
0.0
0.0
0.0
0.0
0.0
0.0
0.0
0.0
0.0
0.0
0.0
0.0
0.0
0.0
0.0
0.0
0.0
0.0
0.0
0.0
0.0
0.0
0.0
0.0
0.0
0.0
0.0
0.0
0.0
0.0
0.0
0.0
0.0
0.0
0.0
0.0
0.0
0.0
0.004719999999999999
0.01411
0.02345
0.03518
0.046880000000000005
0.05888
0.07155
0.10011
0.13842
0.17952
0.22768
0.24830000000000002
0.26530000000000004
0.28687
0.30660000000000004
0.34719
0.38999
0.38237
0.37116000000000005
0.32679
0.28793
0.31777999999999995
0.34841
0.44556
0.53325
0.37366000000000005
0.19954
0.13006
0.06862
0.06939000000000001
0.07014
0.07048
0.07082
0.07465999999999999
0.07845999999999999
0.19635
0.30072000000000004
0.44586000000000003
0.5571799999999999
0.5165299999999999
0.47611000000000003
0.41407
0.36443000000000003
0.30182
0.24272
0.18362
0.12963999999999998
0.08363
0.039270000000000006
0.02677
0.01445
0.01329
0.012150000000000001
0.011699999999999999
0.01065
0.005900000000000001
0.00079
0.0
0.0
0.0
0.0
0.0
0.0
0.0
0.0
0.0
0.0
0.0
0.0
0.0
0.0
0.0
0.0
0.0
0.0
0.0
0.0
0.0
0.0
0.0
0.0
0.0
0.0
0.0
0.0
0.0
0.0
0.0
0.0
0.0
0.0
0.0
0.0
0.0
0.0
0.0
0.00708
0.01782
0.028820000000000002
0.03764
0.04882
0.05465999999999999
0.07562
0.12031
0.16957
0.21919999999999998
0.27152
0.32332
0.37826
0.42812
0.47797
0.52526
0.57165
0.61385
0.6490199999999999
0.6853899999999999
0.7194299999999999
0.74858
0.77499
0.7915099999999999
0.81644
0.82545
0.83078
0.83288
0.84665
0.8437100000000001
0.8373400000000001
0.82596
0.81122
0.7912
0.768
0.74015
0.70941
0.66477
0.62458
0.58749
0.55167
0.50383
0.45572
0.40446
0.3533
0.30005000000000004
0.24809
0.19219
0.14195
0.09309
0.05219
0.046020000000000005
0.03983
0.0318
0.0238
0.01298
0.0
0.0
0.0
0.0
0.0
0.0
0.0
0.0
0.0
0.0
0.0
0.0
0.0
0.0
0.0
0.0
0.0
0.0
0.0
0.0
0.0
0.0
0.0
0.0
0.0
0.0
0.0
0.0
0.0
0.0
0.0
0.0
0.0
0.0
0.0
0.0
0.0
0.0
0.0
0.0
0.0062900000000000005
0.016300000000000002
0.02644
0.038590000000000006
0.05088
0.054619999999999995
0.07645
0.11915
0.1687
0.21943000000000001
0.27288
0.32741000000000003
0.38024
0.43065
0.481
0.52807
0.5737300000000001
0.61548
0.64949
0.68535
0.71889
0.7480399999999999
0.77442
0.7770199999999999
0.77109
0.78204
0.7901
0.79322
0.7931900000000001
0.80621
0.82467
0.80706
0.80001
0.7795700000000001
0.7561
0.72872
0.69867
0.66343
0.61999
0.56802
0.5162100000000001
0.48061000000000004
0.44082
0.38676
0.33511
0.27932
0.22743
0.17737
0.13222
0.09731000000000001
0.05895
0.04956
0.04222
0.031219999999999998
0.020399999999999998
0.012199999999999999
0.0
0.0
0.0
0.0
0.0
0.0
0.0
0.0
0.0
0.0
0.0
0.0
0.0
0.0
0.0
0.0
0.0
0.0
0.0
0.0
0.0
0.0
0.0
0.0
0.0
0.0
0.0
0.0
0.0
0.0
0.0
0.0
0.0
0.0
0.0
0.0
0.0
0.0
0.0
0.0
0.0062900000000000005
0.01771
0.02922
0.039420000000000004
0.04943
0.06141
0.07790000000000001
0.09375
0.10740000000000001
0.16563
0.25165
0.31145
0.37582
0.42566000000000004
0.47581
0.52281
0.56848
0.6107899999999999
0.65166
0.68828
0.72265
0.75181
0.77824
0.78151
0.78789
0.72154
0.63891
0.61837
0.5842999999999999
0.59563
0.61715
0.62993
0.64
0.69864
0.73885
0.6706
0.60252
0.55972
0.51687
0.52785
0.5245599999999999
0.47062
0.41891
0.38699
0.34891
0.29684
0.24686000000000002
0.19496
0.14725
0.10255
0.061869999999999994
0.05123
0.043
0.03283
0.02264
0.01298
0.0
0.0
0.0
0.0
0.0
0.0
0.0
0.0
0.0
0.0
0.0
0.0
0.0
0.0
0.0
0.0
0.0
0.0
0.0
0.0
0.0
0.0
0.0
0.0
0.0
0.0
0.0
0.0
0.0
0.0
0.0
0.0
0.0
0.0
0.0
0.0
0.0
0.0
0.0
0.0
0.004719999999999999
0.01648
0.02818
0.04059
0.052719999999999996
0.06389
0.08564
0.12198
0.16594
0.2107
0.25553
0.30049000000000003
0.34584
0.35898
0.35642
0.34311
0.31291
0.39661
0.49536
0.47879
0.46726999999999996
0.43081
0.37868
0.48718
0.5979099999999999
0.60526
0.59925
0.601
0.6013999999999999
0.63158
0.64789
0.6323
0.61546
0.58448
0.55296
0.5442
0.53253
0.5648099999999999
0.57997
0.53554
0.49166000000000004
0.43561
0.37671
0.33166
0.28904
0.23217
0.18002
0.11483
0.05776
0.04111
0.0254
0.02184
0.01831
0.01438
0.0104
0.00551
0.0
0.0
0.0
0.0
0.0
0.0
0.0
0.0
0.0
0.0
0.0
0.0
0.0
0.0
0.0
0.0
0.0
0.0
0.0
0.0
0.0
0.0
0.0
0.0
0.0
0.0
0.0
0.0
0.0
0.0
0.0
0.0
0.0
0.0
0.0
0.0
0.0
0.0
0.0
0.0
0.0023599999999999997
0.00875
0.01524
0.02444
0.03367
0.03943
0.045200000000000004
0.05221
0.05922
0.09951
0.14236000000000001
0.1733
0.20616
0.22982
0.25442
0.22496000000000002
0.18587
0.238
0.28637999999999997
0.30461
0.323
0.36966000000000004
0.41764
0.38823
0.35756
0.50276
0.63821
0.63312
0.63858
0.64732
0.65428
0.46075
0.26993
0.25483
0.24003
0.29721
0.36238
0.43236
0.48355000000000004
0.45751
0.4308
0.36747
0.30489
0.26463
0.22509
0.22684
0.21577000000000002
0.16375
0.12104999999999999
0.09636
0.06594
0.054920000000000004
0.04371
0.03163
0.019510000000000003
0.01102
0.0
0.0
0.0
0.0
0.0
0.0
0.0
0.0
0.0
0.0
0.0
0.0
0.0
0.0
0.0
0.0
0.0
0.0
0.0
0.0
0.0
0.0
0.0
0.0
0.0
0.0
0.0
0.0
0.0
0.0
0.0
0.0
0.0
0.0
0.0
0.0
0.0
0.0
0.0
0.0
0.00157
0.00391
0.006059999999999999
0.00948
0.01291
0.01482
0.016739999999999998
0.02096
0.02519
0.03404
0.04292
0.053770000000000005
0.06465
0.07784
0.09104000000000001
0.09348000000000001
0.09593
0.08125
0.06654
0.10187
0.13771
0.14001
0.14231
0.18246
0.22312
0.26249
0.29264999999999997
0.26003
0.21747999999999998
0.28631
0.34547000000000005
0.41679
0.49879
0.54859
0.58228
0.58154
0.5870599999999999
0.52418
0.47448
0.35270999999999997
0.23041
0.12911
0.030699999999999998
0.07604999999999999
0.11759
0.15682
0.18378
0.14106
0.1038
0.0726
0.04436
0.03513
0.02581
0.01995
0.014039999999999999
0.00747
0.0
0.0
0.0
0.0
0.0
0.0
0.0
0.0
0.0
0.0
0.0
0.0
0.0
0.0
0.0
0.0
0.0
0.0
0.0
0.0
0.0
0.0
0.0
0.0
0.0
0.0
0.0
0.0
0.0
0.0
0.0
0.0
0.0
0.0
0.0
0.0
0.0
0.0
0.0
0.0
0.00079
0.0034
0.006059999999999999
0.00796
0.009859999999999999
0.01253
0.015210000000000001
0.02599
0.03688
0.1004
0.17121
0.21174
0.25499
0.24615
0.22638999999999998
0.22457
0.22072
0.27511
0.33221
0.3033
0.2728
0.40408999999999995
0.54137
0.6266
0.70186
0.6643
0.6110399999999999
0.72054
0.81713
0.83136
0.8380700000000001
0.81264
0.78453
0.74429
0.69787
0.62094
0.54625
0.45186000000000004
0.3599
0.39929000000000003
0.43767
0.36310000000000003
0.30525
0.28798
0.26788
0.18289
0.11273000000000001
0.11843000000000001
0.1162
0.08684
0.06319
0.04897
0.03478
0.02443
0.014
0.00747
0.0
0.0
0.0
0.0
0.0
0.0
0.0
0.0
0.0
0.0
0.0
0.0
0.0
0.0
0.0
0.0
0.0
0.0
0.0
0.0
0.0
0.0
0.0
0.0
0.0
0.0
0.0
0.0
0.0
0.0
0.0
0.0
0.0
0.0
0.0
0.0
0.0
0.0
0.0
0.0
0.00157
0.00265
0.00378
0.00454
0.0053
0.01485
0.02463
0.03295
0.041229999999999996
0.03179
0.02216
0.03426
0.04646
0.12825999999999999
0.21994999999999998
0.27967000000000003
0.34197000000000005
0.32177
0.29911
0.40122
0.51944
0.6282300000000001
0.73551
0.5332100000000001
0.29814999999999997
0.51618
0.7111900000000001
0.57125
0.42673
0.31617
0.19999
0.38819
0.56072
0.5435800000000001
0.5258200000000001
0.5293300000000001
0.5188200000000001
0.31364
0.11709
0.14033
0.16340000000000002
0.13915
0.11537
0.08556
0.056100000000000004
0.04833
0.04059
0.02673
0.01294
0.01064
0.00835
0.00797
0.0075899999999999995
0.00911
0.01066
0.00551
0.0
0.0
0.0
0.0
0.0
0.0
0.0
0.0
0.0
0.0
0.0
0.0
0.0
0.0
0.0
0.0
0.0
0.0
0.0
0.0
0.0
0.0
0.0
0.0
0.0
0.0
0.0
0.0
0.0
0.0
0.0
0.0
0.0
0.0
0.0
0.0
0.0
0.0
0.0
0.0
0.00079
0.0034
0.006059999999999999
0.00834
0.01062
0.014060000000000001
0.0175
0.02632
0.03517
0.051
0.06686
0.08426
0.10187
0.12294
0.14456
0.17224
0.20683
0.21119
0.20812
0.16777
0.12689
0.14609
0.16552
0.1699
0.17425
0.28355
0.38688
0.52009
0.6406499999999999
0.6609700000000001
0.67845
0.64918
0.63154
0.58996
0.5375800000000001
0.38816
0.23335
0.20576
0.17846
0.33367
0.46507
0.3479
0.2471
0.15184
0.06841
0.04278
0.01755
0.02316
0.02702
0.048729999999999996
0.06458
0.05074
0.037270000000000005
0.02634
0.015300000000000001
0.00787
0.0
0.0
0.0
0.0
0.0
0.0
0.0
0.0
0.0
0.0
0.0
0.0
0.0
0.0
0.0
0.0
0.0
0.0
0.0
0.0
0.0
0.0
0.0
0.0
0.0
0.0
0.0
0.0
0.0
0.0
0.0
0.0
0.0
0.0
0.0
0.0
0.0
0.0
0.0
0.0
0.00315
0.01456
0.02481
0.03564
0.04641
0.039549999999999995
0.0386
0.048670000000000005
0.054479999999999994
0.06107
0.06762
0.08237
0.0973
0.12492
0.15317
0.1804
0.20835
0.23378
0.26861
0.30801999999999996
0.34849
0.44742000000000004
0.5518
0.65343
0.74824
0.78926
0.8197000000000001
0.84099
0.8449
0.8529800000000001
0.84396
0.83139
0.81562
0.79511
0.77164
0.7426
0.71101
0.67457
0.63617
0.59365
0.54983
0.49532
0.44279
0.39267
0.34332999999999997
0.29039
0.23906
0.18209
0.13604
0.09836
0.06053
0.04926
0.04115
0.02929
0.01735
0.00905
0.0
0.0
0.0
0.0
0.0
0.0
0.0
0.0
0.0
0.0
0.0
0.0
0.0
0.0
0.0
0.0
0.0
0.0
0.0
0.0
0.0
0.0
0.0
0.0
0.0
0.0
0.0
0.0
0.0
0.0
0.0
0.0
0.0
0.0
0.0
0.0
0.0
0.0
0.0
0.0
0.0
0.01416
0.024050000000000002
0.03541
0.046590000000000006
0.056670000000000005
0.08495
0.12458
0.17318
0.22419999999999998
0.27488
0.32402
0.37407
0.42831
0.48606
0.53414
0.58169
0.6257
0.6686799999999999
0.7057899999999999
0.73242
0.76155
0.78795
0.80948
0.8279
0.84149
0.85182
0.8562799999999999
0.85741
0.84039
0.8159
0.81392
0.8164
0.80231
0.7746900000000001
0.7465599999999999
0.71568
0.68711
0.64866
0.60527
0.56036
0.51264
0.46419
0.41252
0.35934
0.30542
0.25318999999999997
0.19944
0.14911000000000002
0.10093
0.05849
0.046450000000000005
0.038829999999999996
0.02664
0.0167
0.00865
0.0
0.0
0.0
0.0
0.0
0.0
0.0
0.0
0.0
0.0
0.0
0.0
0.0
0.0
0.0
0.0
0.0
0.0
0.0
0.0
0.0
0.0
0.0
0.0
0.0
0.0
0.0
0.0
0.0
0.0
0.0
0.0
0.0
0.0
0.0
0.0
0.0
0.0
0.0
0.0
0.0
0.01377
0.023510000000000003
0.033409999999999995
0.04332
0.05246
0.08513
0.13038999999999998
0.18066
0.23109
0.28442
0.33698
0.39088999999999996
0.44311
0.49382
0.54122
0.58772
0.63006
0.6706599999999999
0.7002
0.72589
0.73049
0.7231799999999999
0.7414700000000001
0.75654
0.72715
0.6952200000000001
0.61771
0.5519
0.36171
0.17471
0.26827999999999996
0.34923000000000004
0.39313
0.44599
0.43666000000000005
0.43826
0.34344
0.24406
0.18811000000000003
0.14173
0.11718
0.09303
0.14543
0.18183000000000002
0.20015
0.20624
0.17603
0.14104
0.09695999999999999
0.06315
0.04839
0.036770000000000004
0.02521
0.013730000000000001
0.00708
0.0
0.0
0.0
0.0
0.0
0.0
0.0
0.0
0.0
0.0
0.0
0.0
0.0
0.0
0.0
0.0
0.0
0.0
0.0
0.0
0.0
0.0
0.0
0.0
0.0
0.0
0.0
0.0
0.0
0.0
0.0
0.0
0.0
0.0
0.0
0.0
0.0
0.0
0.0
0.0
0.0
0.01377
0.023399999999999997
0.03359
0.04376
0.05131
0.0873
0.13134
0.18069
0.23055
0.28363
0.3352
0.38833999999999996
0.43933999999999995
0.49129
0.5393
0.58694
0.63064
0.66761
0.7034600000000001
0.7369
0.76628
0.7927799999999999
0.8142
0.83245
0.84536
0.85492
0.85941
0.86052
0.8364299999999999
0.80561
0.78196
0.7559199999999999
0.75502
0.74828
0.7091799999999999
0.6692100000000001
0.64352
0.6138899999999999
0.58343
0.54761
0.50289
0.45682
0.40654
0.35657
0.28141000000000005
0.21803
0.15209
0.10368000000000001
0.06785
0.04059
0.03096
0.02136
0.01449
0.00786
0.00393
0.0
0.0
0.0
0.0
0.0
0.0
0.0
0.0
0.0
0.0
0.0
0.0
0.0
0.0
0.0
0.0
0.0
0.0
0.0
0.0
0.0
0.0
0.0
0.0
0.0
0.0
0.0
0.0
0.0
0.0
0.0
0.0
0.0
0.0
0.0
0.0
0.0
0.0
0.0
0.0
0.0
0.01141
0.02094
0.03422
0.04743
0.05331
0.08512
0.12691
0.17219
0.22599
0.28382999999999997
0.33615
0.39277999999999996
0.44431
0.49595999999999996
0.54363
0.5903999999999999
0.6333300000000001
0.6745599999999999
0.70425
0.73776
0.76644
0.79224
0.8129400000000001
0.83051
0.8431900000000001
0.85258
0.84888
0.85664
0.83874
0.82647
0.78677
0.74429
0.6672899999999999
0.58223
0.5617300000000001
0.53952
0.38808
0.22813999999999998
0.25185
0.27451
0.31387
0.34273000000000003
0.32232
0.29663
0.25071
0.20614
0.12981
0.07274
0.04256
0.012150000000000001
0.00834
0.00454
0.0034
0.00227
0.0011799999999999998
0.0
0.0
0.0
0.0
0.0
0.0
0.0
0.0
0.0
0.0
0.0
0.0
0.0
0.0
0.0
0.0
0.0
0.0
0.0
0.0
0.0
0.0
0.0
0.0
0.0
0.0
0.0
0.0
0.0
0.0
0.0
0.0
0.0
0.0
0.0
0.0
0.0
0.0
0.0
0.0
0.0
0.010230000000000001
0.018269999999999998
0.0289
0.040229999999999995
0.04777
0.08391
0.13027
0.17811000000000002
0.22722
0.26902
0.32449
0.38005
0.41048
0.43672000000000005
0.47842
0.51889
0.55572
0.59177
0.6259199999999999
0.6591
0.74087
0.80596
0.76279
0.68655
0.74598
0.80776
0.83784
0.85719
0.83033
0.7900900000000001
0.7659600000000001
0.74115
0.7091000000000001
0.6760700000000001
0.66374
0.64675
0.6435700000000001
0.62883
0.5874400000000001
0.54418
0.49763999999999997
0.45032
0.40308999999999995
0.35489
0.30163999999999996
0.25042
0.1988
0.14980000000000002
0.10325
0.06038
0.0433
0.03547
0.024579999999999998
0.01365
0.00708
0.0
0.0
0.0
0.0
0.0
0.0
0.0
0.0
0.0
0.0
0.0
0.0
0.0
0.0
0.0
0.0
0.0
0.0
0.0
0.0
0.0
0.0
0.0
0.0
0.0
0.0
0.0
0.0
0.0
0.0
0.0
0.0
0.0
0.0
0.0
0.0
0.0
0.0
0.0
0.0
0.0
0.00983
0.01821
0.0317
0.04528
0.05107
0.09
0.13432
0.184
0.23513
0.28946
0.34201
0.39603
0.44712
0.49881
0.5470900000000001
0.59446
0.63488
0.67273
0.7070599999999999
0.73836
0.77344
0.80661
0.81602
0.83373
0.84661
0.85625
0.843
0.8021699999999999
0.78676
0.76864
0.80822
0.82986
0.75247
0.66638
0.69902
0.71217
0.68257
0.64916
0.60568
0.56086
0.5095
0.45841000000000004
0.40878
0.35862
0.29752999999999996
0.24348
0.19113
0.14511000000000002
0.0996
0.061450000000000005
0.04553
0.03542
0.02416
0.013380000000000001
0.006690000000000001
0.0
0.0
0.0
0.0
0.0
0.0
0.0
0.0
0.0
0.0
0.0
0.0
0.0
0.0
0.0
0.0
0.0
0.0
0.0
0.0
0.0
0.0
0.0
0.0
0.0
0.0
0.0
0.0
0.0
0.0
0.0
0.0
0.0
0.0
0.0
0.0
0.0
0.0
0.0
0.0
0.0
0.011800000000000001
0.02105
0.03259
0.04407
0.05314
0.09017
0.13301
0.18572999999999998
0.23517
0.2879
0.33955
0.39317
0.44392000000000004
0.49534
0.54314
0.58893
0.53149
0.44526
0.5339400000000001
0.61584
0.6910700000000001
0.76405
0.74065
0.7088
0.7589199999999999
0.80735
0.8334600000000001
0.84742
0.8434400000000001
0.8363400000000001
0.80638
0.7656499999999999
0.7558400000000001
0.74252
0.62479
0.50735
0.44536000000000003
0.38497000000000003
0.31673
0.25508000000000003
0.23577
0.21596
0.21863999999999997
0.2233
0.1401
0.06789
0.07452
0.07720999999999999
0.05046
0.025929999999999998
0.01788
0.009859999999999999
0.00666
0.00315
0.0
0.0
0.0
0.0
0.0
0.0
0.0
0.0
0.0
0.0
0.0
0.0
0.0
0.0
0.0
0.0
0.0
0.0
0.0
0.0
0.0
0.0
0.0
0.0
0.0
0.0
0.0
0.0
0.0
0.0
0.0
0.0
0.0
0.0
0.0
0.0
0.0
0.0
0.0
0.0
0.0
0.0
0.011800000000000001
0.0211
0.03197
0.04282
0.05136
0.09115999999999999
0.13817
0.18681999999999999
0.23565
0.28623000000000004
0.33999
0.39749
0.44745
0.49702999999999997
0.54606
0.5947100000000001
0.63466
0.6741699999999999
0.70836
0.7397
0.7684099999999999
0.78854
0.7835700000000001
0.76971
0.77637
0.7798999999999999
0.75999
0.73721
0.7044600000000001
0.68337
0.6666599999999999
0.64855
0.63289
0.6152000000000001
0.56226
0.51122
0.46256
0.4039
0.38127
0.34664999999999996
0.20681
0.07951000000000001
0.08095999999999999
0.08385
0.08052
0.07576999999999999
0.05335
0.03128
0.02116
0.01139
0.00948
0.00758
0.00492
0.0023599999999999997
0.0
0.0
0.0
0.0
0.0
0.0
0.0
0.0
0.0
0.0
0.0
0.0
0.0
0.0
0.0
0.0
0.0
0.0
0.0
0.0
0.0
0.0
0.0
0.0
0.0
0.0
0.0
0.0
0.0
0.0
0.0
0.0
0.0
0.0
0.0
0.0
0.0
0.0
0.0
0.0
0.0
0.0
0.01102
0.020309999999999998
0.032560000000000006
0.044719999999999996
0.053759999999999995
0.09431
0.13848
0.192
0.24266
0.29710000000000003
0.3503
0.40541000000000005
0.45773
0.5106
0.55952
0.6066
0.6504099999999999
0.69278
0.7248
0.75339
0.7862899999999999
0.8169099999999999
0.77503
0.7129800000000001
0.6938799999999999
0.65822
0.6838
0.6939500000000001
0.72775
0.75861
0.70599
0.64098
0.70386
0.7484500000000001
0.74714
0.73465
0.6972
0.65776
0.61337
0.56878
0.51943
0.46975
0.41587
0.36293000000000003
0.30837
0.25619
0.20299
0.15402000000000002
0.10321999999999999
0.062189999999999995
0.04388
0.03384
0.02188
0.010230000000000001
0.0
0.0
0.0
0.0
0.0
0.0
0.0
0.0
0.0
0.0
0.0
0.0
0.0
0.0
0.0
0.0
0.0
0.0
0.0
0.0
0.0
0.0
0.0
0.0
0.0
0.0
0.0
0.0
0.0
0.0
0.0
0.0
0.0
0.0
0.0
0.0
0.0
0.0
0.0
0.0
0.0
0.0
0.010230000000000001
0.01882
0.03107
0.04322
0.054700000000000006
0.09562000000000001
0.13938
0.18880000000000002
0.24226
0.29564999999999997
0.34786
0.40207
0.45380000000000004
0.50624
0.5550900000000001
0.60219
0.64674
0.69016
0.72724
0.76214
0.79312
0.82139
0.84372
0.8497100000000001
0.86354
0.87415
0.82048
0.7354700000000001
0.71994
0.70225
0.76724
0.823
0.78587
0.7470800000000001
0.71065
0.6728500000000001
0.64387
0.61203
0.5807100000000001
0.54611
0.43756
0.33963
0.33112
0.3085
0.27302
0.23435
0.13307
0.06081
0.03601
0.01291
0.00948
0.006059999999999999
0.00378
0.00157
0.0
0.0
0.0
0.0
0.0
0.0
0.0
0.0
0.0
0.0
0.0
0.0
0.0
0.0
0.0
0.0
0.0
0.0
0.0
0.0
0.0
0.0
0.0
0.0
0.0
0.0
0.0
0.0
0.0
0.0
0.0
0.0
0.0
0.0
0.0
0.0
0.0
0.0
0.0
0.0
0.0
0.0
0.009439999999999999
0.01808
0.030699999999999998
0.04321
0.0555
0.09623000000000001
0.14033
0.19000999999999998
0.23479
0.27788
0.32135
0.36257
0.43307999999999996
0.50757
0.55462
0.60064
0.61948
0.6249199999999999
0.62193
0.59873
0.68199
0.76032
0.7393
0.71514
0.64461
0.5846
0.63298
0.6964199999999999
0.74427
0.79203
0.72987
0.65684
0.548
0.41585
0.45838
0.48298
0.51901
0.5350199999999999
0.49889
0.46199
0.43672000000000005
0.39964999999999995
0.33772
0.28863
0.274
0.24309
0.19612000000000002
0.15141
0.10554999999999999
0.06615
0.046119999999999994
0.03407
0.02125
0.00865
0.0
0.0
0.0
0.0
0.0
0.0
0.0
0.0
0.0
0.0
0.0
0.0
0.0
0.0
0.0
0.0
0.0
0.0
0.0
0.0
0.0
0.0
0.0
0.0
0.0
0.0
0.0
0.0
0.0
0.0
0.0
0.0
0.0
0.0
0.0
0.0
0.0
0.0
0.0
0.0
0.0
0.0
0.00905
0.01728
0.030809999999999997
0.04432
0.05838
0.09795000000000001
0.14042
0.18868000000000001
0.23767
0.29492
0.34604
0.39926
0.45047000000000004
0.50241
0.55067
0.59885
0.6426799999999999
0.68223
0.7191000000000001
0.75387
0.78351
0.81051
0.83259
0.85165
0.84868
0.8516699999999999
0.8102699999999999
0.7629600000000001
0.76158
0.7576
0.76934
0.7763
0.77313
0.7654299999999999
0.7455499999999999
0.72174
0.6895
0.65428
0.60991
0.56437
0.51486
0.4651
0.4123
0.36044
0.30610000000000004
0.25416
0.20158
0.14994
0.10298
0.06286
0.04322
0.03286
0.0202
0.00787
0.0
0.0
0.0
0.0
0.0
0.0
0.0
0.0
0.0
0.0
0.0
0.0
0.0
0.0
0.0
0.0
0.0
0.0
0.0
0.0
0.0
0.0
0.0
0.0
0.0
0.0
0.0
0.0
0.0
0.0
0.0
0.0
0.0
0.0
0.0
0.0
0.0
0.0
0.0
0.0
0.0
0.0
0.00905
0.01721
0.03032
0.043340000000000004
0.05871
0.08938
0.1258
0.16812
0.21906
0.27376999999999996
0.32489999999999997
0.37935
0.43682
0.49151
0.5440900000000001
0.5980599999999999
0.63295
0.66403
0.67284
0.67191
0.70259
0.7317100000000001
0.73762
0.73954
0.7287899999999999
0.70269
0.70701
0.7094400000000001
0.69852
0.6859
0.72309
0.7444400000000001
0.73037
0.7128099999999999
0.65108
0.57923
0.60062
0.60063
0.5385599999999999
0.48064
0.42363
0.37805
0.32977999999999996
0.28372
0.24991999999999998
0.21342
0.17786000000000002
0.13762
0.09525
0.05905
0.04063
0.02918
0.01808
0.00708
0.0
0.0
0.0
0.0
0.0
0.0
0.0
0.0
0.0
0.0
0.0
0.0
0.0
0.0
0.0
0.0
0.0
0.0
0.0
0.0
0.0
0.0
0.0
0.0
0.0
0.0
0.0
0.0
0.0
0.0
0.0
0.0
0.0
0.0
0.0
0.0
0.0
0.0
0.0
0.0
0.0
0.0
0.00747
0.014410000000000001
0.015460000000000002
0.01626
0.018449999999999998
0.018260000000000002
0.04375
0.06969
0.07883
0.08742
0.13449
0.18256999999999998
0.18880000000000002
0.19425
0.21249
0.23069
0.2843
0.34018
0.36361
0.38743
0.31627
0.2314
0.24276
0.25412
0.20792
0.16202
0.24642
0.32299
0.39676999999999996
0.47020999999999996
0.45391000000000004
0.4372
0.40731
0.36122000000000004
0.21568
0.08603
0.07418000000000001
0.06254
0.11247
0.16211
0.19604
0.22050999999999998
0.2238
0.21574000000000002
0.13409000000000001
0.05735
0.04657
0.03593
0.02862
0.02133
0.01597
0.01063
0.00645
0.0023599999999999997
0.0
0.0
0.0
0.0
0.0
0.0
0.0
0.0
0.0
0.0
0.0
0.0
0.0
0.0
0.0
0.0
0.0
0.0
0.0
0.0
0.0
0.0
0.0
0.0
0.0
0.0
0.0
0.0
0.0
0.0
0.0
0.0
0.0
0.0
0.0
0.0
0.0
0.0
0.0
0.0
0.0
0.0
0.00826
0.01593
0.02588
0.038020000000000005
0.0546
0.09806999999999999
0.14452
0.19656
0.24815
0.30289
0.35104
0.39762000000000003
0.45619
0.51823
0.5639400000000001
0.60848
0.648
0.6833899999999999
0.71463
0.74311
0.7540800000000001
0.7603300000000001
0.70847
0.63832
0.58931
0.52113
0.53504
0.54792
0.61793
0.66899
0.64007
0.61041
0.55722
0.49110000000000004
0.47141000000000005
0.45089
0.33133999999999997
0.20679
0.16326
0.12900999999999999
0.08039
0.03297
0.030629999999999998
0.028300000000000002
0.05122
0.07265
0.08061
0.08557
0.04603
0.012150000000000001
0.013710000000000002
0.01576
0.00864
0.00157
0.0
0.0
0.0
0.0
0.0
0.0
0.0
0.0
0.0
0.0
0.0
0.0
0.0
0.0
0.0
0.0
0.0
0.0
0.0
0.0
0.0
0.0
0.0
0.0
0.0
0.0
0.0
0.0
0.0
0.0
0.0
0.0
0.0
0.0
0.0
0.0
0.0
0.0
0.0
0.0
0.0
0.0
0.0023599999999999997
0.00477
0.0065899999999999995
0.008199999999999999
0.009980000000000001
0.01139
0.03384
0.056600000000000004
0.13872
0.23557
0.31387
0.40617000000000003
0.36757999999999996
0.29214999999999997
0.25339
0.18925
0.19015
0.19078
0.19994
0.20915
0.19378
0.17829
0.1505
0.12273999999999999
0.12123
0.11966
0.15602000000000002
0.19271000000000002
0.29207
0.38111
0.38553
0.38937
0.36157
0.33394999999999997
0.43461
0.5272100000000001
0.5229199999999999
0.51388
0.43289
0.34884
0.35063
0.33522
0.33444999999999997
0.31893
0.24663
0.19118000000000002
0.17221
0.14761000000000002
0.10341
0.06502
0.04286
0.02884
0.01677
0.004719999999999999
0.0
0.0
0.0
0.0
0.0
0.0
0.0
0.0
0.0
0.0
0.0
0.0
0.0
0.0
0.0
0.0
0.0
0.0
0.0
0.0
0.0
0.0
0.0
0.0
0.0
0.0
0.0
0.0
0.0
0.0
0.0
0.0
0.0
0.0
0.0
0.0
0.0
0.0
0.0
0.0
0.0
0.0
0.00511
0.010039999999999999
0.01828
0.02599
0.039689999999999996
0.05372
0.05467
0.055200000000000006
0.051770000000000004
0.048299999999999996
0.06806999999999999
0.08806
0.11279
0.13801
0.16838999999999998
0.19967
0.19249000000000002
0.18503999999999998
0.24105000000000001
0.28978
0.28899
0.28787
0.29599000000000003
0.30406
0.3371
0.37026
0.3237
0.26227999999999996
0.32694
0.3763
0.42221
0.48337
0.47593
0.46734
0.34199
0.23632
0.32364
0.39106
0.47
0.51413
0.48787
0.45600999999999997
0.36208999999999997
0.27781
0.13434000000000001
0.01677
0.04901
0.07572
0.0645
0.047729999999999995
0.03476
0.02571
0.0144
0.00315
0.0
0.0
0.0
0.0
0.0
0.0
0.0
0.0
0.0
0.0
0.0
0.0
0.0
0.0
0.0
0.0
0.0
0.0
0.0
0.0
0.0
0.0
0.0
0.0
0.0
0.0
0.0
0.0
0.0
0.0
0.0
0.0
0.0
0.0
0.0
0.0
0.0
0.0
0.0
0.0
0.0
0.0
0.00708
0.013710000000000002
0.02531
0.03585
0.05622
0.10167
0.15059999999999998
0.20523
0.25919
0.31631
0.37263999999999997
0.42852999999999997
0.48137
0.53407
0.5824
0.6287200000000001
0.65
0.65954
0.62094
0.5617300000000001
0.59999
0.63879
0.59566
0.53226
0.53155
0.52951
0.52408
0.51771
0.43986000000000003
0.36185
0.47002999999999995
0.5585399999999999
0.6522100000000001
0.72149
0.53167
0.32522
0.26891000000000004
0.20528
0.21159
0.21744
0.26095
0.28781
0.26626
0.24853
0.14933000000000002
0.06433
0.04729
0.030539999999999998
0.024390000000000002
0.018260000000000002
0.01292
0.00758
0.0041600000000000005
0.00079
0.0
0.0
0.0
0.0
0.0
0.0
0.0
0.0
0.0
0.0
0.0
0.0
0.0
0.0
0.0
0.0
0.0
0.0
0.0
0.0
0.0
0.0
0.0
0.0
0.0
0.0
0.0
0.0
0.0
0.0
0.0
0.0
0.0
0.0
0.0
0.0
0.0
0.0
0.0
0.0
0.0
0.0
0.00708
0.01416
0.02585
0.03688
0.05955
0.10795
0.16011
0.21844
0.27591000000000004
0.33864999999999995
0.39682
0.45636
0.5139400000000001
0.56878
0.62088
0.6718099999999999
0.7182000000000001
0.76252
0.80092
0.83654
0.8679
0.89607
0.91875
0.93786
0.95197
0.96233
0.96476
0.96333
0.9581000000000001
0.9490599999999999
0.93492
0.91711
0.89219
0.8638899999999999
0.83156
0.79622
0.7562300000000001
0.7137899999999999
0.66592
0.61637
0.56244
0.5077900000000001
0.45183999999999996
0.39441000000000004
0.3347
0.27686
0.21713
0.15907
0.10425
0.05654
0.03183
0.02404
0.01377
0.0
0.0
0.0
0.0
0.0
0.0
0.0
0.0
0.0
0.0
0.0
0.0
0.0
0.0
0.0
0.0
0.0
0.0
0.0
0.0
0.0
0.0
0.0
0.0
0.0
0.0
0.0
0.0
0.0
0.0
0.0
0.0
0.0
0.0
0.0
0.0
0.0
0.0
0.0
0.0
0.0
0.0
0.0
0.0
0.01495
0.02515
0.03464
0.059969999999999996
0.10961
0.16251
0.22108
0.28052999999999995
0.34093
0.39872
0.45763
0.5142899999999999
0.5708
0.61936
0.66987
0.71608
0.7603
0.79887
0.83469
0.86545
0.8929900000000001
0.91538
0.93426
0.9477899999999999
0.95758
0.9608
0.96021
0.95536
0.94669
0.93029
0.91027
0.88597
0.8583500000000001
0.82565
0.79014
0.74889
0.70545
0.65804
0.6090399999999999
0.5591900000000001
0.50498
0.44727999999999996
0.39014
0.33026
0.27251
0.21156
0.15688999999999997
0.10354000000000001
0.05797
0.03326
0.02479
0.01377
0.0
0.0
0.0
0.0
0.0
0.0
0.0
0.0
0.0
0.0
0.0
0.0
0.0
0.0
0.0
0.0
0.0
0.0
0.0
0.0
0.0
0.0
0.0
0.0
0.0
0.0
0.0
0.0
0.0
0.0
0.0
0.0
0.0
0.0
0.0
0.0
0.0
0.0
0.0
0.0
0.0
0.0
0.0
0.0
0.01102
0.02404
0.03743
0.06148
0.10396
0.14928
0.20474
0.20036
0.17491
0.24680000000000002
0.32459
0.42901999999999996
0.5491
0.57555
0.5927100000000001
0.6109199999999999
0.62907
0.5849
0.5173300000000001
0.55813
0.59796
0.64216
0.70251
0.7304400000000001
0.7566499999999999
0.64881
0.5386799999999999
0.5229400000000001
0.5063500000000001
0.55591
0.6190800000000001
0.69674
0.75513
0.68911
0.6303799999999999
0.62627
0.62027
0.6011
0.5749299999999999
0.53328
0.48851999999999995
0.43431000000000003
0.38001999999999997
0.32015
0.26392000000000004
0.2061
0.15291
0.10139
0.0576
0.032409999999999994
0.02116
0.011800000000000001
0.0
0.0
0.0
0.0
0.0
0.0
0.0
0.0
0.0
0.0
0.0
0.0
0.0
0.0
0.0
0.0
0.0
0.0
0.0
0.0
0.0
0.0
0.0
0.0
0.0
0.0
0.0
0.0
0.0
0.0
0.0
0.0
0.0
0.0
0.0
0.0
0.0
0.0
0.0
0.0
0.0
0.0
0.0
0.0
0.011800000000000001
0.022449999999999998
0.033549999999999996
0.062329999999999997
0.10745
0.15547
0.20931
0.26327
0.32054000000000005
0.37565
0.43222000000000005
0.4849
0.5375800000000001
0.5864
0.63507
0.67887
0.72092
0.7578400000000001
0.7923300000000001
0.82184
0.84838
0.86946
0.88737
0.90024
0.9097000000000001
0.91296
0.91276
0.90637
0.8966000000000001
0.87486
0.85025
0.83426
0.8145800000000001
0.7825
0.74795
0.66506
0.5776100000000001
0.5076700000000001
0.43261
0.3727
0.30892000000000003
0.27854
0.25335
0.22738999999999998
0.19799
0.17612
0.14156
0.09516
0.05663
0.033170000000000005
0.02095
0.011800000000000001
0.0
0.0
0.0
0.0
0.0
0.0
0.0
0.0
0.0
0.0
0.0
0.0
0.0
0.0
0.0
0.0
0.0
0.0
0.0
0.0
0.0
0.0
0.0
0.0
0.0
0.0
0.0
0.0
0.0
0.0
0.0
0.0
0.0
0.0
0.0
0.0
0.0
0.0
0.0
0.0
0.0
0.0
0.0
0.0
0.011800000000000001
0.02404
0.03661
0.06384000000000001
0.10651000000000001
0.15189
0.20336
0.25922
0.31487
0.36818
0.42345
0.47604
0.5291699999999999
0.57809
0.62646
0.67049
0.71302
0.7505499999999999
0.7858999999999999
0.8159099999999999
0.8358
0.85694
0.8750800000000001
0.8832899999999999
0.8880800000000001
0.89812
0.8952
0.80399
0.69269
0.67955
0.66475
0.68604
0.6874600000000001
0.67434
0.6577999999999999
0.6047
0.55349
0.5133300000000001
0.47112
0.47069
0.46425
0.38097000000000003
0.31398000000000004
0.26852
0.22347
0.17729
0.13341
0.09234999999999999
0.054369999999999995
0.03125
0.020390000000000002
0.01102
0.0
0.0
0.0
0.0
0.0
0.0
0.0
0.0
0.0
0.0
0.0
0.0
0.0
0.0
0.0
0.0
0.0
0.0
0.0
0.0
0.0
0.0
0.0
0.0
0.0
0.0
0.0
0.0
0.0
0.0
0.0
0.0
0.0
0.0
0.0
0.0
0.0
0.0
0.0
0.0
0.0
0.0
0.0
0.0
0.010230000000000001
0.02293
0.03587
0.06423999999999999
0.10715999999999999
0.15265
0.20452
0.26133999999999996
0.31832
0.37247
0.42869999999999997
0.48125
0.5344500000000001
0.58489
0.63501
0.68011
0.72042
0.75818
0.79373
0.8239
0.8513200000000001
0.87315
0.8918400000000001
0.88175
0.8781
0.86064
0.83904
0.8127000000000001
0.78846
0.77152
0.75236
0.74261
0.72958
0.71749
0.6971499999999999
0.66326
0.62729
0.43178
0.24925
0.18563
0.1298
0.12304000000000001
0.11537
0.11287
0.11001999999999999
0.08517
0.060289999999999996
0.05147
0.04348
0.02807
0.01396
0.00747
0.0
0.0
0.0
0.0
0.0
0.0
0.0
0.0
0.0
0.0
0.0
0.0
0.0
0.0
0.0
0.0
0.0
0.0
0.0
0.0
0.0
0.0
0.0
0.0
0.0
0.0
0.0
0.0
0.0
0.0
0.0
0.0
0.0
0.0
0.0
0.0
0.0
0.0
0.0
0.0
0.0
0.0
0.0
0.0
0.009439999999999999
0.022170000000000002
0.03508
0.06439
0.10704000000000001
0.15259999999999999
0.20481
0.26095
0.31747000000000003
0.3715
0.42787000000000003
0.48101
0.53508
0.58509
0.6346799999999999
0.67728
0.72099
0.75809
0.79287
0.8076
0.826
0.85377
0.8879199999999999
0.8761
0.85109
0.75493
0.64427
0.6169600000000001
0.57059
0.65154
0.7267899999999999
0.7180599999999999
0.7063200000000001
0.65755
0.60887
0.60245
0.5901000000000001
0.532
0.47652
0.46828
0.45644999999999997
0.40701
0.35758
0.29691
0.23713
0.18400999999999998
0.13662
0.09212000000000001
0.054340000000000006
0.02996
0.01734
0.00905
0.0
0.0
0.0
0.0
0.0
0.0
0.0
0.0
0.0
0.0
0.0
0.0
0.0
0.0
0.0
0.0
0.0
0.0
0.0
0.0
0.0
0.0
0.0
0.0
0.0
0.0
0.0
0.0
0.0
0.0
0.0
0.0
0.0
0.0
0.0
0.0
0.0
0.0
0.0
0.0
0.0
0.0
0.0
0.0
0.009439999999999999
0.02086
0.032600000000000004
0.0639
0.11162000000000001
0.16
0.21505000000000002
0.26965
0.32821
0.38397000000000003
0.44160000000000005
0.49579
0.5500900000000001
0.59902
0.64673
0.6335
0.5941000000000001
0.5707000000000001
0.55513
0.5956699999999999
0.63658
0.6429600000000001
0.64739
0.77874
0.88973
0.8699199999999999
0.8366399999999999
0.84294
0.84599
0.69209
0.52979
0.41825999999999997
0.31097
0.26425
0.20196
0.40142
0.56451
0.57221
0.57077
0.51763
0.46502
0.40235000000000004
0.33886
0.27885000000000004
0.22436
0.18159999999999998
0.13942
0.08979999999999999
0.05174
0.02913
0.01659
0.00865
0.0
0.0
0.0
0.0
0.0
0.0
0.0
0.0
0.0
0.0
0.0
0.0
0.0
0.0
0.0
0.0
0.0
0.0
0.0
0.0
0.0
0.0
0.0
0.0
0.0
0.0
0.0
0.0
0.0
0.0
0.0
0.0
0.0
0.0
0.0
0.0
0.0
0.0
0.0
0.0
0.0
0.0
0.0
0.0
0.00787
0.02072
0.03377
0.06559999999999999
0.10923999999999999
0.1561
0.21344
0.26650999999999997
0.32349
0.37763
0.4337
0.48716000000000004
0.5411
0.59242
0.64173
0.688
0.7333999999999999
0.77088
0.80587
0.83566
0.86245
0.88376
0.9017999999999999
0.8803
0.84447
0.7983
0.75363
0.8013899999999999
0.8499800000000001
0.86225
0.8654700000000001
0.85346
0.82596
0.7712
0.72202
0.67691
0.63105
0.6089600000000001
0.5787899999999999
0.4908
0.40429000000000004
0.3348
0.2727
0.15697
0.060450000000000004
0.0735
0.06968
0.06599
0.05219
0.026920000000000003
0.01592
0.00826
0.0
0.0
0.0
0.0
0.0
0.0
0.0
0.0
0.0
0.0
0.0
0.0
0.0
0.0
0.0
0.0
0.0
0.0
0.0
0.0
0.0
0.0
0.0
0.0
0.0
0.0
0.0
0.0
0.0
0.0
0.0
0.0
0.0
0.0
0.0
0.0
0.0
0.0
0.0
0.0
0.0
0.0
0.0
0.0
0.00865
0.0207
0.03296
0.06584000000000001
0.10897
0.15566999999999998
0.21416
0.25615
0.30175
0.34747
0.39165
0.4624
0.53411
0.5862
0.6386499999999999
0.68513
0.7341599999999999
0.76959
0.8022999999999999
0.8344600000000001
0.86401
0.88558
0.90392
0.91663
0.92588
0.9275399999999999
0.92564
0.9073
0.88555
0.86384
0.84729
0.8326399999999999
0.82127
0.75962
0.69374
0.5093
0.32045
0.1769
0.03608
0.028739999999999998
0.02141
0.01833
0.01525
0.01295
0.01065
0.01216
0.01368
0.01177
0.009859999999999999
0.0068200000000000005
0.00378
0.00197
0.0
0.0
0.0
0.0
0.0
0.0
0.0
0.0
0.0
0.0
0.0
0.0
0.0
0.0
0.0
0.0
0.0
0.0
0.0
0.0
0.0
0.0
0.0
0.0
0.0
0.0
0.0
0.0
0.0
0.0
0.0
0.0
0.0
0.0
0.0
0.0
0.0
0.0
0.0
0.0
0.0
0.0
0.0
0.0
0.00393
0.00943
0.01446
0.02481
0.03519
0.04864
0.06221
0.05759
0.05293
0.05992
0.06693
0.10465
0.14356
0.20407
0.26035
0.35701
0.44645
0.4602
0.47252999999999995
0.46563
0.45717
0.43919
0.43833
0.60262
0.74948
0.8486699999999999
0.92822
0.90974
0.9026900000000001
0.88719
0.8684299999999999
0.84435
0.8281499999999999
0.79504
0.75944
0.6909400000000001
0.62205
0.56576
0.51087
0.48292
0.45002
0.40355
0.35569
0.29687
0.2422
0.17249
0.12127
0.07637000000000001
0.044829999999999995
0.02522
0.01227
0.0062900000000000005
0.0
0.0
0.0
0.0
0.0
0.0
0.0
0.0
0.0
0.0
0.0
0.0
0.0
0.0
0.0
0.0
0.0
0.0
0.0
0.0
0.0
0.0
0.0
0.0
0.0
0.0
0.0
0.0
0.0
0.0
0.0
0.0
0.0
0.0
0.0
0.0
0.0
0.0
0.0
0.0
0.0
0.0
0.0
0.0
0.00787
0.01829
0.03253
0.06979
0.11775
0.16773
0.2243
0.27988999999999997
0.33914999999999995
0.3956
0.45396
0.50845
0.56309
0.6129199999999999
0.6616799999999999
0.7063400000000001
0.74905
0.76964
0.78443
0.7998099999999999
0.8040499999999999
0.8139299999999999
0.82065
0.78616
0.74338
0.65349
0.56243
0.59993
0.61651
0.6516799999999999
0.7005800000000001
0.7121000000000001
0.71829
0.69304
0.66532
0.64085
0.6077899999999999
0.53695
0.47652
0.40566
0.33876
0.34573000000000004
0.34425
0.29608999999999996
0.24721
0.14934
0.07861
0.05978
0.03814
0.02084
0.01416
0.0
0.0
0.0
0.0
0.0
0.0
0.0
0.0
0.0
0.0
0.0
0.0
0.0
0.0
0.0
0.0
0.0
0.0
0.0
0.0
0.0
0.0
0.0
0.0
0.0
0.0
0.0
0.0
0.0
0.0
0.0
0.0
0.0
0.0
0.0
0.0
0.0
0.0
0.0
0.0
0.0
0.0
0.0
0.0
0.0
0.004719999999999999
0.017
0.031100000000000003
0.06378
0.10740000000000001
0.1529
0.20508
0.25502
0.30745
0.34188
0.36942
0.45743
0.55157
0.57175
0.57433
0.53713
0.48732
0.54492
0.5883200000000001
0.5877
0.5664600000000001
0.58247
0.59745
0.57488
0.5507000000000001
0.62326
0.67491
0.73239
0.76804
0.76097
0.75146
0.63734
0.54626
0.45627
0.38523
0.5481699999999999
0.66408
0.55616
0.45248
0.32606999999999997
0.2174
0.11971
0.0375
0.03668
0.03574
0.05023
0.06403
0.047049999999999995
0.03093
0.019579999999999997
0.00865
0.0
0.0
0.0
0.0
0.0
0.0
0.0
0.0
0.0
0.0
0.0
0.0
0.0
0.0
0.0
0.0
0.0
0.0
0.0
0.0
0.0
0.0
0.0
0.0
0.0
0.0
0.0
0.0
0.0
0.0
0.0
0.0
0.0
0.0
0.0
0.0
0.0
0.0
0.0
0.0
0.0
0.0
0.0
0.0
0.0
0.00551
0.01739
0.03289
0.06831999999999999
0.12041
0.17115
0.22901
0.28522000000000003
0.34563
0.38372
0.41502
0.42019999999999996
0.40486
0.43739
0.46899
0.44782
0.43407999999999997
0.5261
0.6074299999999999
0.6222300000000001
0.63552
0.60182
0.5453
0.55398
0.56163
0.57298
0.58326
0.6396799999999999
0.6737799999999999
0.71672
0.73786
0.74497
0.75273
0.6864600000000001
0.62783
0.6234500000000001
0.61842
0.61214
0.59173
0.53703
0.48251
0.42455000000000004
0.36801
0.30822000000000005
0.25184
0.19372
0.14167
0.08926
0.047259999999999996
0.020399999999999998
0.00787
0.0
0.0
0.0
0.0
0.0
0.0
0.0
0.0
0.0
0.0
0.0
0.0
0.0
0.0
0.0
0.0
0.0
0.0
0.0
0.0
0.0
0.0
0.0
0.0
0.0
0.0
0.0
0.0
0.0
0.0
0.0
0.0
0.0
0.0
0.0
0.0
0.0
0.0
0.0
0.0
0.0
0.0
0.0
0.0
0.0
0.0062900000000000005
0.01749
0.03422
0.07326
0.12159
0.17271
0.23081000000000002
0.28764999999999996
0.3485
0.4058
0.46501
0.5201
0.57539
0.6257
0.6748999999999999
0.6840499999999999
0.6795800000000001
0.67102
0.6628
0.7310399999999999
0.80853
0.86186
0.9095599999999999
0.85096
0.75564
0.76913
0.7802
0.7649
0.74742
0.719
0.68925
0.6686799999999999
0.64574
0.60529
0.54963
0.49605
0.44473
0.32700999999999997
0.22036
0.23275
0.2302
0.24515
0.24311000000000002
0.24458000000000002
0.22544
0.18612
0.14125
0.09002
0.049159999999999995
0.020579999999999998
0.010230000000000001
0.0
0.0
0.0
0.0
0.0
0.0
0.0
0.0
0.0
0.0
0.0
0.0
0.0
0.0
0.0
0.0
0.0
0.0
0.0
0.0
0.0
0.0
0.0
0.0
0.0
0.0
0.0
0.0
0.0
0.0
0.0
0.0
0.0
0.0
0.0
0.0
0.0
0.0
0.0
0.0
0.0
0.0
0.0
0.0
0.0
0.0062900000000000005
0.017070000000000002
0.03424
0.06929
0.11709
0.16845
0.22701
0.28092
0.33751
0.38456999999999997
0.42874
0.49513
0.56651
0.61778
0.67025
0.64555
0.59615
0.47374
0.33857
0.42077
0.5049
0.49332
0.48008999999999996
0.43697
0.41307
0.55196
0.68948
0.73358
0.7577699999999999
0.77677
0.79084
0.777
0.75571
0.69557
0.64218
0.5164500000000001
0.38336000000000003
0.21647
0.06781999999999999
0.052649999999999995
0.03781
0.0906
0.14212
0.10178
0.06412000000000001
0.05772
0.05085
0.03843
0.026539999999999998
0.01577
0.0062900000000000005
0.0
0.0
0.0
0.0
0.0
0.0
0.0
0.0
0.0
0.0
0.0
0.0
0.0
0.0
0.0
0.0
0.0
0.0
0.0
0.0
0.0
0.0
0.0
0.0
0.0
0.0
0.0
0.0
0.0
0.0
0.0
0.0
0.0
0.0
0.0
0.0
0.0
0.0
0.0
0.0
0.0
0.0
0.0
0.0
0.0
0.0062900000000000005
0.01738
0.03539
0.07137
0.11817
0.14962
0.16644
0.21103
0.25905
0.28632
0.309
0.348
0.38738
0.43234
0.47861000000000004
0.5023500000000001
0.52411
0.56159
0.59922
0.61993
0.63928
0.64035
0.63939
0.6112799999999999
0.6013
0.58831
0.57423
0.54455
0.51439
0.5003500000000001
0.48577
0.42755
0.38903
0.28732
0.17925
0.13845
0.0988
0.08517
0.0747
0.12325
0.17093
0.11509
0.06257
0.11454
0.15180000000000002
0.11056
0.07372
0.05092
0.03087
0.01731
0.00551
0.0
0.0
0.0
0.0
0.0
0.0
0.0
0.0
0.0
0.0
0.0
0.0
0.0
0.0
0.0
0.0
0.0
0.0
0.0
0.0
0.0
0.0
0.0
0.0
0.0
0.0
0.0
0.0
0.0
0.0
0.0
0.0
0.0
0.0
0.0
0.0
0.0
0.0
0.0
0.0
0.0
0.0
0.0
0.0
0.0
0.00315
0.013349999999999999
0.024489999999999998
0.04862
0.07895
0.0987
0.11087000000000001
0.09734999999999999
0.07701000000000001
0.06989
0.062259999999999996
0.08436
0.10703
0.15286000000000002
0.20034
0.21656999999999998
0.23304
0.21287
0.19275
0.18646000000000001
0.17997
0.12883
0.07867
0.10428
0.13022999999999998
0.15275
0.17547
0.16738999999999998
0.15929
0.16244999999999998
0.16558
0.1776
0.1895
0.21059999999999998
0.23156000000000002
0.21719999999999998
0.203
0.24581999999999998
0.28439
0.22876
0.18788
0.16263
0.139
0.09677
0.062270000000000006
0.05001
0.03564
0.02476
0.01478
0.00747
0.00157
0.0
0.0
0.0
0.0
0.0
0.0
0.0
0.0
0.0
0.0
0.0
0.0
0.0
0.0
0.0
0.0
0.0
0.0
0.0
0.0
0.0
0.0
0.0
0.0
0.0
0.0
0.0
0.0
0.0
0.0
0.0
0.0
0.0
0.0
0.0
0.0
0.0
0.0
0.0
0.0
0.0
0.0
0.0
0.0
0.0
0.00079
0.00227
0.00378
0.00454
0.0053
0.00683
0.00835
0.015609999999999999
0.02289
0.04174
0.06071
0.08166
0.10301
0.11105
0.11917
0.13916
0.15956
0.1457
0.13182
0.12248
0.11314
0.11781
0.1225
0.1376
0.15278999999999998
0.18327000000000002
0.21412
0.20067
0.18724000000000002
0.22655
0.25204
0.29525
0.35474
0.30329
0.27033999999999997
0.24621
0.22271000000000002
0.21019
0.19813999999999998
0.25318
0.29554
0.23204
0.18375
0.17192
0.16205
0.11916
0.0854
0.05693
0.032670000000000005
0.016489999999999998
0.004719999999999999
0.0
0.0
0.0
0.0
0.0
0.0
0.0
0.0
0.0
0.0
0.0
0.0
0.0
0.0
0.0
0.0
0.0
0.0
0.0
0.0
0.0
0.0
0.0
0.0
0.0
0.0
0.0
0.0
0.0
0.0
0.0
0.0
0.0
0.0
0.0
0.0
0.0
0.0
0.0
0.0
0.0
0.0
0.0
0.0
0.0
0.00315
0.01184
0.02532
0.04939
0.07891
0.08008
0.06555
0.09038
0.11633
0.13985
0.17217
0.19647
0.22169999999999998
0.23261
0.24294
0.26956
0.2969
0.28974
0.28211
0.30817
0.3345
0.35684
0.37935
0.43654000000000004
0.51522
0.5396
0.56314
0.50476
0.42572000000000004
0.48278
0.51724
0.53384
0.56579
0.56776
0.56549
0.54884
0.54364
0.51589
0.48481
0.41831
0.34619
0.29188
0.24082
0.23505
0.21252000000000001
0.16775
0.12494
0.0773
0.04064
0.01659
0.004719999999999999
0.0
0.0
0.0
0.0
0.0
0.0
0.0
0.0
0.0
0.0
0.0
0.0
0.0
0.0
0.0
0.0
0.0
0.0
0.0
0.0
0.0
0.0
0.0
0.0
0.0
0.0
0.0
0.0
0.0
0.0
0.0
0.0
0.0
0.0
0.0
0.0
0.0
0.0
0.0
0.0
0.0
0.0
0.0
0.0
0.0
0.00393
0.01416
0.03846
0.07278
0.11379
0.08801
0.029769999999999998
0.08145999999999999
0.136
0.1457
0.15850999999999998
0.12376000000000001
0.09478
0.12204999999999999
0.15002000000000001
0.19304
0.25167
0.2535
0.255
0.32308
0.39332
0.35978
0.32516
0.32623
0.34725
0.27706000000000003
0.22676
0.46975
0.69424
0.70398
0.7107
0.78146
0.8254199999999999
0.7938500000000001
0.7597
0.66265
0.56035
0.39905
0.24688
0.26603
0.2753
0.33543
0.36423
0.30275
0.24536000000000002
0.1856
0.13301
0.08184000000000001
0.041159999999999995
0.0152
0.004719999999999999
0.0
0.0
0.0
0.0
0.0
0.0
0.0
0.0
0.0
0.0
0.0
0.0
0.0
0.0
0.0
0.0
0.0
0.0
0.0
0.0
0.0
0.0
0.0
0.0
0.0
0.0
0.0
0.0
0.0
0.0
0.0
0.0
0.0
0.0
0.0
0.0
0.0
0.0
0.0
0.0
0.0
0.0
0.0
0.0
0.0
0.0
0.01377
0.03358
0.06593
0.10559
0.12201000000000001
0.12896000000000002
0.11234999999999999
0.08241
0.09692
0.11453
0.15286000000000002
0.20317
0.21187
0.22031
0.19769
0.18671000000000001
0.19988999999999998
0.21324
0.26225
0.29811
0.37015
0.44379
0.48792
0.51079
0.47517000000000004
0.4175
0.3543
0.29179
0.26994999999999997
0.23238
0.34579000000000004
0.459
0.45247000000000004
0.44471
0.41988
0.39426
0.30506
0.21053
0.21666999999999997
0.22886
0.18585
0.15449000000000002
0.13065000000000002
0.11164
0.09888
0.0855
0.05312
0.02857
0.01416
0.0
0.0
0.0
0.0
0.0
0.0
0.0
0.0
0.0
0.0
0.0
0.0
0.0
0.0
0.0
0.0
0.0
0.0
0.0
0.0
0.0
0.0
0.0
0.0
0.0
0.0
0.0
0.0
0.0
0.0
0.0
0.0
0.0
0.0
0.0
0.0
0.0
0.0
0.0
0.0
0.0
0.0
0.0
0.0
0.0
0.0
0.0
0.01102
0.027190000000000002
0.06315
0.12
0.11957999999999999
0.09481
0.10276
0.10873999999999999
0.0991
0.09307
0.12387000000000001
0.15583000000000002
0.14346
0.13071000000000002
0.14108
0.15165
0.12326999999999999
0.09514
0.12521
0.15591
0.16798
0.18012
0.18581999999999999
0.19149000000000002
0.19841
0.20528
0.20911000000000002
0.21287
0.24216
0.29011000000000003
0.24275
0.21442
0.20755
0.20067
0.18449000000000002
0.16849
0.12951
0.09181
0.10826000000000001
0.12975
0.14572
0.16515000000000002
0.09187000000000001
0.03208
0.025929999999999998
0.0198
0.01445
0.00911
0.00551
0.0
0.0
0.0
0.0
0.0
0.0
0.0
0.0
0.0
0.0
0.0
0.0
0.0
0.0
0.0
0.0
0.0
0.0
0.0
0.0
0.0
0.0
0.0
0.0
0.0
0.0
0.0
0.0
0.0
0.0
0.0
0.0
0.0
0.0
0.0
0.0
0.0
0.0
0.0
0.0
0.0
0.0
0.0
0.0
0.0
0.0
0.0
0.00197
0.00302
0.0041600000000000005
0.0053
0.00834
0.0114
0.02364
0.03594
0.027120000000000002
0.01832
0.02678
0.03526
0.06656999999999999
0.09899
0.11697
0.13523
0.14074
0.14634
0.14948
0.15266
0.11485
0.0777
0.07773000000000001
0.07775
0.07536
0.07296
0.0631
0.05336
0.04945
0.04555
0.0525
0.05945
0.09311
0.12776
0.09293000000000001
0.05928
0.04069
0.02219
0.02025
0.01832
0.016390000000000002
0.01447
0.01141
0.00835
0.0068200000000000005
0.0053
0.0041600000000000005
0.00302
0.00157
0.0
0.0
0.0
0.0
0.0
0.0
0.0
0.0
0.0
0.0
0.0
0.0
0.0
0.0
0.0
0.0
0.0
0.0
0.0
0.0
0.0
0.0
0.0
0.0
0.0
0.0
0.0
0.0
0.0
0.0
0.0
0.0
0.0
0.0
0.0
0.0
0.0
0.0
0.0
0.0
0.0
0.0
0.0
0.0
0.0
0.0
0.0
0.00275
0.0053
0.00796
0.01062
0.01368
0.016739999999999998
0.02019
0.023649999999999997
0.026350000000000002
0.02906
0.04448
0.05998
0.06118
0.062380000000000005
0.09133
0.1212
0.14167
0.16246000000000002
0.18061000000000002
0.199
0.14332
0.08906
0.10301
0.11707
0.09004000000000001
0.06349
0.07269
0.08198
0.06670000000000001
0.05175
0.045899999999999996
0.04007
0.0412
0.04233
0.048479999999999995
0.054630000000000005
0.04647
0.038340000000000006
0.047479999999999994
0.056170000000000005
0.09688
0.13398
0.07654999999999999
0.023629999999999998
0.0175
0.01139
0.00872
0.006059999999999999
0.00315
0.0
0.0
0.0
0.0
0.0
0.0
0.0
0.0
0.0
0.0
0.0
0.0
0.0
0.0
0.0
0.0
0.0
0.0
0.0
0.0
0.0
0.0
0.0
0.0
0.0
0.0
0.0
0.0
0.0
0.0
0.0
0.0
0.0
0.0
0.0
0.0
0.0
0.0
0.0
0.0
0.0
0.0
0.0
0.0
0.0
0.0
0.0
0.005900000000000001
0.014289999999999999
0.04684000000000001
0.09028
0.15211000000000002
0.22553
0.2044
0.14662
0.12648
0.09279000000000001
0.10719
0.12558
0.17753
0.22455
0.25338
0.2829
0.39108
0.49287000000000003
0.56324
0.6351
0.6430499999999999
0.64849
0.61418
0.55432
0.6240399999999999
0.67815
0.73103
0.78046
0.73913
0.68753
0.7553099999999999
0.80498
0.78669
0.76981
0.7270599999999999
0.68253
0.6190800000000001
0.55474
0.51184
0.4675
0.40644
0.34802
0.28181
0.22182
0.16315000000000002
0.11606999999999999
0.06848
0.032490000000000005
0.012199999999999999
0.0
0.0
0.0
0.0
0.0
0.0
0.0
0.0
0.0
0.0
0.0
0.0
0.0
0.0
0.0
0.0
0.0
0.0
0.0
0.0
0.0
0.0
0.0
0.0
0.0
0.0
0.0
0.0
0.0
0.0
0.0
0.0
0.0
0.0
0.0
0.0
0.0
0.0
0.0
0.0
0.0
0.0
0.0
0.0
0.0
0.0
0.0
0.005900000000000001
0.01065
0.020730000000000002
0.030969999999999998
0.05187
0.07755
0.08612
0.09728
0.11752
0.13824
0.14809999999999998
0.15786
0.22496000000000002
0.28635000000000005
0.28763
0.28764
0.32444
0.36219999999999997
0.42096
0.46161
0.55452
0.67065
0.75246
0.81587
0.80672
0.7950499999999999
0.66088
0.52916
0.52218
0.51425
0.49857999999999997
0.48208
0.5294
0.55223
0.4762
0.38948
0.39976999999999996
0.39088
0.43843
0.45912000000000003
0.41598
0.36912
0.30597
0.24694
0.18491
0.13063999999999998
0.07694
0.03607
0.01102
0.0
0.0
0.0
0.0
0.0
0.0
0.0
0.0
0.0
0.0
0.0
0.0
0.0
0.0
0.0
0.0
0.0
0.0
0.0
0.0
0.0
0.0
0.0
0.0
0.0
0.0
0.0
0.0
0.0
0.0
0.0
0.0
0.0
0.0
0.0
0.0
0.0
0.0
0.0
0.0
0.0
0.0
0.0
0.0
0.0
0.0
0.0
0.01276
0.039060000000000004
0.07903
0.13419
0.18869999999999998
0.25143
0.31005
0.37307999999999997
0.43333
0.4958
0.55273
0.61017
0.65963
0.71023
0.7562000000000001
0.8004
0.83816
0.87339
0.90266
0.92888
0.9490599999999999
0.96581
0.9761
0.98276
0.98382
0.98121
0.97099
0.9572200000000001
0.93814
0.91577
0.88662
0.85466
0.8179099999999999
0.77889
0.73339
0.68965
0.6372000000000001
0.5843700000000001
0.52615
0.46887
0.40711
0.34808999999999996
0.28551
0.22809000000000001
0.16438999999999998
0.11344
0.06503
0.02835
0.00983
0.0
0.0
0.0
0.0
0.0
0.0
0.0
0.0
0.0
0.0
0.0
0.0
0.0
0.0
0.0
0.0
0.0
0.0
0.0
0.0
0.0
0.0
0.0
0.0
0.0
0.0
0.0
0.0
0.0
0.0
0.0
0.0
0.0
0.0
0.0
0.0
0.0
0.0
0.0
0.0
0.0
0.0
0.0
0.0
0.0
0.0
0.0
0.01298
0.03657
0.07488
0.12390000000000001
0.17459
0.23349
0.29475999999999997
0.35704
0.41583
0.47723000000000004
0.53326
0.59013
0.6445
0.69901
0.7431
0.7899299999999999
0.8276399999999999
0.86287
0.89212
0.91838
0.9391
0.95648
0.967
0.97396
0.9734700000000001
0.96938
0.95933
0.9458300000000001
0.92736
0.90565
0.82666
0.73345
0.64788
0.54936
0.50964
0.46966
0.49219999999999997
0.48963999999999996
0.48048
0.4567
0.39986
0.34484
0.2821
0.22083000000000003
0.16136
0.11076000000000001
0.06326
0.0269
0.009439999999999999
0.0
0.0
0.0
0.0
0.0
0.0
0.0
0.0
0.0
0.0
0.0
0.0
0.0
0.0
0.0
0.0
0.0
0.0
0.0
0.0
0.0
0.0
0.0
0.0
0.0
0.0
0.0
0.0
0.0
0.0
0.0
0.0
0.0
0.0
0.0
0.0
0.0
0.0
0.0
0.0
0.0
0.0
0.0
0.0
0.0
0.0
0.0
0.011300000000000001
0.02665
0.060759999999999995
0.10157
0.1445
0.19415000000000002
0.19062
0.16852
0.19871
0.22868
0.23795
0.23249
0.41633
0.6114700000000001
0.6920599999999999
0.7682599999999999
0.8070900000000001
0.84392
0.87383
0.90111
0.92227
0.94035
0.94479
0.94575
0.9495399999999999
0.9499
0.9429
0.94176
0.92249
0.90007
0.87185
0.84087
0.809
0.7690499999999999
0.72414
0.67791
0.6256799999999999
0.57328
0.5142
0.45643
0.39526
0.33712000000000003
0.26974000000000004
0.21338
0.15500999999999998
0.10568999999999999
0.06019
0.02377
0.00905
0.0
0.0
0.0
0.0
0.0
0.0
0.0
0.0
0.0
0.0
0.0
0.0
0.0
0.0
0.0
0.0
0.0
0.0
0.0
0.0
0.0
0.0
0.0
0.0
0.0
0.0
0.0
0.0
0.0
0.0
0.0
0.0
0.0
0.0
0.0
0.0
0.0
0.0
0.0
0.0
0.0
0.0
0.0
0.0
0.0
0.0
0.0
0.012119999999999999
0.037380000000000004
0.07781
0.1296
0.18584
0.24769999999999998
0.30605
0.369
0.42848
0.49028
0.54647
0.60321
0.65666
0.70694
0.7554
0.8027000000000001
0.8399
0.87454
0.90377
0.92991
0.94984
0.9524199999999999
0.9621000000000001
0.96827
0.98096
0.9753999999999999
0.9424199999999999
0.91557
0.7784800000000001
0.63267
0.59515
0.55787
0.46152
0.38799
0.37722
0.36463
0.39057
0.39344
0.27688999999999997
0.16269999999999998
0.18788
0.1988
0.18656999999999999
0.17536000000000002
0.1403
0.10613
0.05911
0.02275
0.00787
0.0
0.0
0.0
0.0
0.0
0.0
0.0
0.0
0.0
0.0
0.0
0.0
0.0
0.0
0.0
0.0
0.0
0.0
0.0
0.0
0.0
0.0
0.0
0.0
0.0
0.0
0.0
0.0
0.0
0.0
0.0
0.0
0.0
0.0
0.0
0.0
0.0
0.0
0.0
0.0
0.0
0.0
0.0
0.0
0.0
0.0
0.0
0.01126
0.03419
0.07465000000000001
0.1256
0.13216
0.13155
0.09522
0.04133
0.04752
0.05372
0.06858
0.08411
0.0879
0.09201000000000001
0.1454
0.19509
0.18596000000000001
0.16344999999999998
0.16746
0.17145
0.16335
0.15525
0.12857
0.10231
0.11011
0.11793000000000001
0.15112
0.18487
0.13147999999999999
0.07993
0.12367
0.16858
0.14825
0.12812
0.16440000000000002
0.19143000000000002
0.19903
0.20527
0.12555
0.04961
0.06018
0.07114
0.05795
0.045079999999999995
0.03674
0.02863
0.01858
0.00882
0.0
0.0
0.0
0.0
0.0
0.0
0.0
0.0
0.0
0.0
0.0
0.0
0.0
0.0
0.0
0.0
0.0
0.0
0.0
0.0
0.0
0.0
0.0
0.0
0.0
0.0
0.0
0.0
0.0
0.0
0.0
0.0
0.0
0.0
0.0
0.0
0.0
0.0
0.0
0.0
0.0
0.0
0.0
0.0
0.0
0.0
0.0
0.0
0.00807
0.02555
0.041159999999999995
0.056960000000000004
0.0633
0.06939000000000001
0.05711
0.03209
0.06351
0.09695000000000001
0.09551000000000001
0.09387000000000001
0.0896
0.08545
0.09849
0.11172
0.1097
0.10771
0.09866
0.08964
0.12974000000000002
0.17095
0.18191
0.19291999999999998
0.17674
0.16066999999999998
0.15023
0.13985
0.16090000000000002
0.18211000000000002
0.15553
0.12944
0.10269
0.07654000000000001
0.07286
0.06928
0.06071
0.05221
0.04253
0.03288
0.02825
0.02364
0.06767000000000001
0.09843
0.10803
0.10796
0.0587
0.01898
0.0
0.0
0.0
0.0
0.0
0.0
0.0
0.0
0.0
0.0
0.0
0.0
0.0
0.0
0.0
0.0
0.0
0.0
0.0
0.0
0.0
0.0
0.0
0.0
0.0
0.0
0.0
0.0
0.0
0.0
0.0
0.0
0.0
0.0
0.0
0.0
0.0
0.0
0.0
0.0
0.0
0.0
0.0
0.0
0.0
0.0
0.0
0.0
0.01129
0.03803
0.056799999999999996
0.07386
0.07435
0.055920000000000004
0.07023
0.08127
0.09837
0.11587
0.12664
0.13728
0.16696
0.19774
0.18505000000000002
0.17209
0.17748
0.18286000000000002
0.19222
0.20163999999999999
0.31288
0.41141
0.43236
0.4531
0.46592
0.45521
0.5929
0.72487
0.66562
0.62734
0.6801799999999999
0.7070299999999999
0.76219
0.78
0.72903
0.66991
0.5820299999999999
0.48969999999999997
0.41781999999999997
0.35066
0.28875
0.23032
0.22419
0.20322
0.15708000000000003
0.11506
0.06063
0.0185
0.0
0.0
0.0
0.0
0.0
0.0
0.0
0.0
0.0
0.0
0.0
0.0
0.0
0.0
0.0
0.0
0.0
0.0
0.0
0.0
0.0
0.0
0.0
0.0
0.0
0.0
0.0
0.0
0.0
0.0
0.0
0.0
0.0
0.0
0.0
0.0
0.0
0.0
0.0
0.0
0.0
0.0
0.0
0.0
0.0
0.0
0.0
0.0
0.011640000000000001
0.038810000000000004
0.08449
0.14139
0.19727
0.26148000000000005
0.322
0.38703
0.44639999999999996
0.5068
0.56335
0.62012
0.67072
0.72026
0.75563
0.7872899999999999
0.74084
0.6660499999999999
0.62767
0.5620499999999999
0.43151
0.25515
0.35329
0.43171
0.32158
0.23418
0.37893
0.52276
0.5624
0.59982
0.67547
0.72365
0.69999
0.6815
0.66714
0.64711
0.51744
0.39547000000000004
0.34384
0.29195
0.15736
0.030539999999999998
0.023629999999999998
0.016730000000000002
0.01291
0.0091
0.005679999999999999
0.0023599999999999997
0.0
0.0
0.0
0.0
0.0
0.0
0.0
0.0
0.0
0.0
0.0
0.0
0.0
0.0
0.0
0.0
0.0
0.0
0.0
0.0
0.0
0.0
0.0
0.0
0.0
0.0
0.0
0.0
0.0
0.0
0.0
0.0
0.0
0.0
0.0
0.0
0.0
0.0
0.0
0.0
0.0
0.0
0.0
0.0
0.0
0.0
0.0
0.0
0.0024300000000000003
0.00507
0.00942
0.01368
0.02133
0.029
0.03246
0.03593
0.04455
0.05331
0.07446
0.09638
0.09587999999999999
0.09539
0.10773
0.12026
0.15959
0.20009
0.22135
0.24295
0.17045
0.10066
0.15677000000000002
0.21475
0.21196
0.20911000000000002
0.18315
0.15753999999999999
0.19929
0.22778
0.37131000000000003
0.50948
0.48178
0.47108
0.32969
0.19047999999999998
0.16965
0.14966
0.13431
0.11941
0.06892
0.0221
0.041229999999999996
0.055299999999999995
0.08041
0.08999
0.046509999999999996
0.01208
0.0
0.0
0.0
0.0
0.0
0.0
0.0
0.0
0.0
0.0
0.0
0.0
0.0
0.0
0.0
0.0
0.0
0.0
0.0
0.0
0.0
0.0
0.0
0.0
0.0
0.0
0.0
0.0
0.0
0.0
0.0
0.0
0.0
0.0
0.0
0.0
0.0
0.0
0.0
0.0
0.0
0.0
0.0
0.0
0.0
0.0
0.0
0.0
0.0011799999999999998
0.00227
0.00378
0.0053
0.02179
0.039450000000000006
0.06815
0.09825
0.14356
0.19243000000000002
0.21612
0.24006
0.26312
0.28574
0.35766000000000003
0.41677
0.43344
0.44955
0.44983
0.44859
0.34275
0.23908000000000001
0.31607999999999997
0.37487
0.32638
0.27806000000000003
0.30704000000000004
0.3359
0.36116000000000004
0.38543
0.44931
0.48861
0.478
0.46573000000000003
0.47162
0.45616
0.41597
0.37676
0.31994
0.25561
0.25651
0.2403
0.17223
0.10944
0.07297
0.038740000000000004
0.02484
0.00799
0.0
0.0
0.0
0.0
0.0
0.0
0.0
0.0
0.0
0.0
0.0
0.0
0.0
0.0
0.0
0.0
0.0
0.0
0.0
0.0
0.0
0.0
0.0
0.0
0.0
0.0
0.0
0.0
0.0
0.0
0.0
0.0
0.0
0.0
0.0
0.0
0.0
0.0
0.0
0.0
0.0
0.0
0.0
0.0
0.0
0.0
0.0
0.0
0.007549999999999999
0.02017
0.06444
0.11868000000000001
0.16804
0.22559
0.24972
0.25464
0.29142
0.32742
0.38418
0.44491
0.45938999999999997
0.46973000000000004
0.51035
0.55187
0.69948
0.8459500000000001
0.7854
0.70631
0.71539
0.7221000000000001
0.79242
0.86987
0.92873
0.97433
0.8471799999999999
0.7014400000000001
0.5468200000000001
0.37762
0.55508
0.7
0.6766599999999999
0.65089
0.52819
0.39903
0.41972000000000004
0.44689
0.37437
0.31916
0.30978
0.28337
0.225
0.17292
0.12565
0.0845
0.03939
0.00875
0.0
0.0
0.0
0.0
0.0
0.0
0.0
0.0
0.0
0.0
0.0
0.0
0.0
0.0
0.0
0.0
0.0
0.0
0.0
0.0
0.0
0.0
0.0
0.0
0.0
0.0
0.0
0.0
0.0
0.0
0.0
0.0
0.0
0.0
0.0
0.0
0.0
0.0
0.0
0.0
0.0
0.0
0.0
0.0
0.0
0.0
0.0
0.0
0.00787
0.031760000000000004
0.07748999999999999
0.13326
0.19175
0.25773
0.31935
0.38631
0.43954000000000004
0.49323
0.4673
0.41617000000000004
0.5599700000000001
0.71258
0.76254
0.81653
0.85393
0.8887999999999999
0.91808
0.9443400000000001
0.8518600000000001
0.73242
0.6239
0.51198
0.5205299999999999
0.55116
0.37222000000000005
0.18481999999999998
0.17929
0.17376
0.18231
0.19097
0.23349
0.26018
0.36557999999999996
0.45738999999999996
0.49081
0.49674
0.31988
0.13404
0.08168
0.032850000000000004
0.06697
0.08708
0.08878
0.08442
0.04107
0.01031
0.0
0.0
0.0
0.0
0.0
0.0
0.0
0.0
0.0
0.0
0.0
0.0
0.0
0.0
0.0
0.0
0.0
0.0
0.0
0.0
0.0
0.0
0.0
0.0
0.0
0.0
0.0
0.0
0.0
0.0
0.0
0.0
0.0
0.0
0.0
0.0
0.0
0.0
0.0
0.0
0.0
0.0
0.0
0.0
0.0
0.0
0.0
0.0
0.00747
0.03447
0.08395999999999999
0.14459
0.20316
0.27091000000000004
0.33337
0.40082
0.4623
0.5247200000000001
0.58265
0.64091
0.69372
0.74573
0.79244
0.82828
0.86603
0.90112
0.9289400000000001
0.9535800000000001
0.97299
0.98891
0.99879
1.00501
1.00406
0.99942
0.98818
0.9734400000000001
0.9541000000000001
0.93144
0.90239
0.88099
0.84197
0.80062
0.7531100000000001
0.70412
0.60163
0.50426
0.48371
0.45642
0.40072
0.34608999999999995
0.27785000000000004
0.21622999999999998
0.15091
0.09577
0.04491
0.01019
0.0
0.0
0.0
0.0
0.0
0.0
0.0
0.0
0.0
0.0
0.0
0.0
0.0
0.0
0.0
0.0
0.0
0.0
0.0
0.0
0.0
0.0
0.0
0.0
0.0
0.0
0.0
0.0
0.0
0.0
0.0
0.0
0.0
0.0
0.0
0.0
0.0
0.0
0.0
0.0
0.0
0.0
0.0
0.0
0.0
0.0
0.0
0.0
0.0
0.01332
0.04022
0.06798
0.14662
0.24129
0.31409
0.39698
0.38235
0.34245
0.43468
0.52075
0.5532
0.58269
0.66969
0.75426
0.71266
0.66962
0.75275
0.84658
0.8274199999999999
0.79718
0.73922
0.6568200000000001
0.6794600000000001
0.70043
0.71184
0.72101
0.7345900000000001
0.72526
0.65999
0.6153200000000001
0.53937
0.44906999999999997
0.41385
0.37886000000000003
0.39349
0.38625
0.43762
0.46181
0.39907
0.3391
0.23678
0.15025
0.11016
0.07332999999999999
0.0341
0.00707
0.0
0.0
0.0
0.0
0.0
0.0
0.0
0.0
0.0
0.0
0.0
0.0
0.0
0.0
0.0
0.0
0.0
0.0
0.0
0.0
0.0
0.0
0.0
0.0
0.0
0.0
0.0
0.0
0.0
0.0
0.0
0.0
0.0
0.0
0.0
0.0
0.0
0.0
0.0
0.0
0.0
0.0
0.0
0.0
0.0
0.0
0.0
0.0
0.0
0.026850000000000002
0.08077
0.13984
0.19831000000000001
0.26618
0.32805
0.39501
0.45626
0.51993
0.57562
0.6334099999999999
0.6866
0.73915
0.7754500000000001
0.80814
0.8493999999999999
0.88867
0.88428
0.88218
0.92668
0.96188
0.94655
0.91862
0.9005
0.8789199999999999
0.79862
0.70439
0.6618099999999999
0.61917
0.51624
0.43788
0.43661
0.43278
0.48346
0.52439
0.45808
0.40924
0.42984
0.43025
0.3659
0.30562
0.2256
0.16175
0.11278
0.07132
0.03204
0.00393
0.0
0.0
0.0
0.0
0.0
0.0
0.0
0.0
0.0
0.0
0.0
0.0
0.0
0.0
0.0
0.0
0.0
0.0
0.0
0.0
0.0
0.0
0.0
0.0
0.0
0.0
0.0
0.0
0.0
0.0
0.0
0.0
0.0
0.0
0.0
0.0
0.0
0.0
0.0
0.0
0.0
0.0
0.0
0.0
0.0
0.0
0.0
0.0
0.0
0.02426
0.07621
0.13288
0.19204
0.2587
0.32030000000000003
0.38715
0.44847000000000004
0.51247
0.57039
0.62671
0.68238
0.7380399999999999
0.78204
0.82411
0.84735
0.8655900000000001
0.91735
0.95552
0.9763099999999999
0.99364
1.00322
1.00911
1.00877
1.00468
0.99538
0.98241
0.9192
0.8493200000000001
0.77512
0.69517
0.7363099999999999
0.75627
0.7234400000000001
0.69031
0.61624
0.54808
0.40864
0.28325
0.30995
0.31418
0.26544999999999996
0.21756
0.14986000000000002
0.09454000000000001
0.034820000000000004
0.0
0.0
0.0
0.0
0.0
0.0
0.0
0.0
0.0
0.0
0.0
0.0
0.0
0.0
0.0
0.0
0.0
0.0
0.0
0.0
0.0
0.0
0.0
0.0
0.0
0.0
0.0
0.0
0.0
0.0
0.0
0.0
0.0
0.0
0.0
0.0
0.0
0.0
0.0
0.0
0.0
0.0
0.0
0.0
0.0
0.0
0.0
0.0
0.0
0.0
0.02587
0.08175
0.14504
0.20439
0.27316
0.33520999999999995
0.40223000000000003
0.46252
0.5260900000000001
0.58426
0.6429199999999999
0.6945
0.74506
0.7812100000000001
0.8231
0.85972
0.89371
0.92096
0.94509
0.96457
0.98063
0.9890599999999999
0.9938899999999999
0.8764299999999999
0.72
0.77965
0.84382
0.80644
0.7583
0.7754500000000001
0.77722
0.76728
0.74772
0.72187
0.6916599999999999
0.60019
0.51293
0.40207
0.31048000000000003
0.33336
0.33537
0.259
0.19240000000000002
0.1202
0.06676
0.023239999999999997
0.0
0.0
0.0
0.0
0.0
0.0
0.0
0.0
0.0
0.0
0.0
0.0
0.0
0.0
0.0
0.0
0.0
0.0
0.0
0.0
0.0
0.0
0.0
0.0
0.0
0.0
0.0
0.0
0.0
0.0
0.0
0.0
0.0
0.0
0.0
0.0
0.0
0.0
0.0
0.0
0.0
0.0
0.0
0.0
0.0
0.0
0.0
0.0
0.0
0.0
0.01583
0.04075
0.06283
0.0597
0.05279
0.0555
0.05632
0.09226999999999999
0.13901
0.1235
0.11606
0.11955
0.12298
0.1672
0.21314
0.27438
0.32044
0.35212
0.38433999999999996
0.38368
0.38268
0.38475
0.38661
0.41958
0.47587999999999997
0.55204
0.64854
0.60003
0.53028
0.49104000000000003
0.45239999999999997
0.41520999999999997
0.37807
0.52336
0.62051
0.59437
0.56372
0.5013299999999999
0.44098000000000004
0.37612
0.31518999999999997
0.24755000000000002
0.18456
0.12279000000000001
0.07205
0.0248
0.0
0.0
0.0
0.0
0.0
0.0
0.0
0.0
0.0
0.0
0.0
0.0
0.0
0.0
0.0
0.0
0.0
0.0
0.0
0.0
0.0
0.0
0.0
0.0
0.0
0.0
0.0
0.0
0.0
0.0
0.0
0.0
0.0
0.0
0.0
0.0
0.0
0.0
0.0
0.0
0.0
0.0
0.0
0.0
0.0
0.0
0.0
0.0
0.0
0.0
0.018359999999999998
0.046810000000000004
0.07511
0.12468000000000001
0.17539
0.14501
0.10069
0.16225
0.23525
0.41049
0.59116
0.55215
0.48936
0.46787
0.41939
0.46473000000000003
0.5328999999999999
0.5530499999999999
0.57252
0.71369
0.8443999999999999
0.8855700000000001
0.9233
0.94587
0.9567599999999999
0.9531799999999999
0.94602
0.82192
0.68321
0.60919
0.558
0.6140599999999999
0.6411399999999999
0.6541399999999999
0.6501
0.554
0.45823
0.42304
0.38600999999999996
0.3277
0.27262000000000003
0.22615000000000002
0.18194
0.12024
0.06856
0.023690000000000003
0.0
0.0
0.0
0.0
0.0
0.0
0.0
0.0
0.0
0.0
0.0
0.0
0.0
0.0
0.0
0.0
0.0
0.0
0.0
0.0
0.0
0.0
0.0
0.0
0.0
0.0
0.0
0.0
0.0
0.0
0.0
0.0
0.0
0.0
0.0
0.0
0.0
0.0
0.0
0.0
0.0
0.0
0.0
0.0
0.0
0.0
0.0
0.0
0.0
0.0
0.02302
0.07696
0.13989
0.20019
0.27092
0.33531
0.40549
0.46617000000000003
0.5306000000000001
0.5432100000000001
0.54185
0.53884
0.536
0.49479
0.46657
0.38877
0.30296
0.25447
0.18971000000000002
0.1876
0.18547999999999998
0.3034
0.40858999999999995
0.44436000000000003
0.45562
0.57413
0.68844
0.58461
0.45646
0.47737999999999997
0.5183
0.42671
0.36101
0.52855
0.6628200000000001
0.48510000000000003
0.32059
0.30238
0.2921
0.32465
0.33456
0.26674000000000003
0.20568999999999998
0.13644
0.07808
0.02725
0.0
0.0
0.0
0.0
0.0
0.0
0.0
0.0
0.0
0.0
0.0
0.0
0.0
0.0
0.0
0.0
0.0
0.0
0.0
0.0
0.0
0.0
0.0
0.0
0.0
0.0
0.0
0.0
0.0
0.0
0.0
0.0
0.0
0.0
0.0
0.0
0.0
0.0
0.0
0.0
0.0
0.0
0.0
0.0
0.0
0.0
0.0
0.0
0.0
0.0
0.008150000000000001
0.0258
0.04449
0.07149
0.10801999999999999
0.18381999999999998
0.26479
0.33774
0.40693
0.30437000000000003
0.15508000000000002
0.16165000000000002
0.16799
0.23071
0.28225
0.32998
0.37925
0.34641000000000005
0.31244
0.27388999999999997
0.2164
0.27194
0.30906
0.29760000000000003
0.30817
0.42501
0.54026
0.6560900000000001
0.7653300000000001
0.65127
0.5218200000000001
0.48185
0.42461
0.40208999999999995
0.37887
0.3608
0.32535000000000003
0.21431999999999998
0.11671
0.13648
0.14393999999999998
0.11083
0.07945
0.053259999999999995
0.02776
0.0108
0.0
0.0
0.0
0.0
0.0
0.0
0.0
0.0
0.0
0.0
0.0
0.0
0.0
0.0
0.0
0.0
0.0
0.0
0.0
0.0
0.0
0.0
0.0
0.0
0.0
0.0
0.0
0.0
0.0
0.0
0.0
0.0
0.0
0.0
0.0
0.0
0.0
0.0
0.0
0.0
0.0
0.0
0.0
0.0
0.0
0.0
0.0
0.0
0.0
0.0
0.00263
0.0055
0.00834
0.011
0.01368
0.019030000000000002
0.024399999999999998
0.046740000000000004
0.0702
0.0843
0.09855
0.09207
0.08589
0.0787
0.07169
0.08398
0.09642
0.10531
0.1143
0.09165000000000001
0.06972
0.09667
0.12453
0.10158
0.07912999999999999
0.08238
0.08564
0.09514
0.10479000000000001
0.10231
0.09985
0.07906999999999999
0.05923
0.07632
0.0947
0.09134
0.08787
0.06509999999999999
0.04365
0.03554
0.027469999999999998
0.02286
0.018269999999999998
0.012539999999999999
0.00683
0.00354
0.0
0.0
0.0
0.0
0.0
0.0
0.0
0.0
0.0
0.0
0.0
0.0
0.0
0.0
0.0
0.0
0.0
0.0
0.0
0.0
0.0
0.0
0.0
0.0
0.0
0.0
0.0
0.0
0.0
0.0
0.0
0.0
0.0
0.0
0.0
0.0
0.0
0.0
0.0
0.0
0.0
0.0
0.0
0.0
0.0
0.0
0.0
0.0
0.0
0.0
0.00079
0.00227
0.00378
0.00492
0.006059999999999999
0.0075899999999999995
0.00912
0.01675
0.02442
0.0375
0.05064
0.0495
0.048369999999999996
0.037590000000000005
0.02683
0.03108
0.03534
0.03497
0.0346
0.03732
0.04003
0.04275
0.04546
0.04585
0.04623
0.0439
0.04157
0.0373
0.03304
0.03495
0.03686
0.032600000000000004
0.02835
0.023719999999999998
0.019100000000000002
0.01717
0.01525
0.01753
0.019809999999999998
0.014070000000000001
0.00835
0.0072
0.006059999999999999
0.00454
0.00302
0.00157
0.0
0.0
0.0
0.0
0.0
0.0
0.0
0.0
0.0
0.0
0.0
0.0
0.0
0.0
0.0
0.0
0.0
0.0
0.0
0.0
0.0
0.0
0.0
0.0
0.0
0.0
0.0
0.0
0.0
0.0
0.0
0.0
0.0
0.0
0.0
0.0
0.0
0.0
0.0
0.0
0.0
0.0
0.0
0.0
0.0
0.0
0.0
0.0
0.0
0.0
0.02801
0.09412000000000001
0.17614
0.24602000000000002
0.32585000000000003
0.39526999999999995
0.46926999999999996
0.53635
0.60039
0.66107
0.72158
0.7753300000000001
0.82757
0.8749
0.91991
0.9571000000000001
0.99121
1.01977
1.04474
1.0635299999999999
1.07843
1.0860699999999999
1.0896700000000001
1.0872899999999999
1.08087
1.06895
1.0531400000000002
1.03051
1.00429
0.97114
0.93486
0.89408
0.85078
0.79967
0.747
0.68923
0.63105
0.55765
0.48283
0.39506
0.31432
0.23954
0.1745
0.10649
0.045219999999999996
0.01469
0.0
0.0
0.0
0.0
0.0
0.0
0.0
0.0
0.0
0.0
0.0
0.0
0.0
0.0
0.0
0.0
0.0
0.0
0.0
0.0
0.0
0.0
0.0
0.0
0.0
0.0
0.0
0.0
0.0
0.0
0.0
0.0
0.0
0.0
0.0
0.0
0.0
0.0
0.0
0.0
0.0
0.0
0.0
0.0
0.0
0.0
0.0
0.0
0.0
0.0
0.008199999999999999
0.06396
0.13431
0.20504
0.28976
0.35778
0.4317
0.49702999999999997
0.5673400000000001
0.63022
0.69384
0.75103
0.80753
0.84838
0.89564
0.93467
0.97092
1.00277
1.03135
1.0503099999999999
1.06555
1.07504
1.0806
1.07808
1.07161
1.05965
1.04385
1.02245
0.9975
0.96578
0.93096
0.88834
0.84339
0.79303
0.74117
0.68959
0.63061
0.56416
0.49912
0.35944
0.23736000000000002
0.22233
0.20239
0.12356
0.05621
0.01829
0.0
0.0
0.0
0.0
0.0
0.0
0.0
0.0
0.0
0.0
0.0
0.0
0.0
0.0
0.0
0.0
0.0
0.0
0.0
0.0
0.0
0.0
0.0
0.0
0.0
0.0
0.0
0.0
0.0
0.0
0.0
0.0
0.0
0.0
0.0
0.0
0.0
0.0
0.0
0.0
0.0
0.0
0.0
0.0
0.0
0.0
0.0
0.0
0.0
0.0
0.00079
0.00264
0.00454
0.01066
0.01927
0.01995
0.02056
0.03111
0.04179
0.05886
0.07686
0.06573000000000001
0.05532
0.060770000000000005
0.06622
0.06354
0.06085
0.08366
0.10758
0.17079
0.25680000000000003
0.23808
0.21943000000000001
0.1884
0.17504
0.24968
0.30928
0.31512
0.32062
0.40009
0.45404
0.4249
0.39566
0.37091
0.3451
0.24123
0.12379000000000001
0.10989
0.08723
0.053520000000000005
0.028239999999999998
0.02057
0.01292
0.01289
0.01097
0.00315
0.0
0.0
0.0
0.0
0.0
0.0
0.0
0.0
0.0
0.0
0.0
0.0
0.0
0.0
0.0
0.0
0.0
0.0
0.0
0.0
0.0
0.0
0.0
0.0
0.0
0.0
0.0
0.0
0.0
0.0
0.0
0.0
0.0
0.0
0.0
0.0
0.0
0.0
0.0
0.0
0.0
0.0
0.0
0.0
0.0
0.0
0.0
0.0
0.0
0.0
0.00545
0.055799999999999995
0.12337000000000001
0.16751
0.21766
0.17517
0.09758
0.11348
0.13684000000000002
0.17675
0.21907
0.38356
0.55348
0.7029
0.84653
0.8482999999999999
0.8495199999999999
0.89688
0.9367000000000001
0.93551
0.92312
0.95477
0.9926799999999999
0.89383
0.77171
0.79107
0.8068500000000001
0.7047899999999999
0.5812
0.5257999999999999
0.45175
0.42716000000000004
0.42019
0.5099
0.5744900000000001
0.5818300000000001
0.57585
0.5146900000000001
0.4531
0.38485
0.32088
0.24878
0.18519999999999998
0.114
0.04158
0.0
0.0
0.0
0.0
0.0
0.0
0.0
0.0
0.0
0.0
0.0
0.0
0.0
0.0
0.0
0.0
0.0
0.0
0.0
0.0
0.0
0.0
0.0
0.0
0.0
0.0
0.0
0.0
0.0
0.0
0.0
0.0
0.0
0.0
0.0
0.0
0.0
0.0
0.0
0.0
0.0
0.0
0.0
0.0
0.0
0.0
0.0
0.0
0.0
0.0
0.0
0.00299
0.02851
0.06589
0.08885
0.11929000000000001
0.12196
0.11281999999999999
0.14922
0.17806
0.16588
0.16319
0.14873
0.12337000000000001
0.29151
0.44372
0.52297
0.58362
0.5942999999999999
0.60342
0.47289
0.33853
0.30216000000000004
0.2437
0.23599
0.22831
0.19272999999999998
0.15797
0.22143000000000002
0.27004
0.30589
0.34082
0.25843
0.16646
0.14865
0.1311
0.10335
0.07657
0.05534
0.03571
0.022719999999999997
0.009869999999999999
0.00758
0.0053
0.00404
0.00275
0.0
0.0
0.0
0.0
0.0
0.0
0.0
0.0
0.0
0.0
0.0
0.0
0.0
0.0
0.0
0.0
0.0
0.0
0.0
0.0
0.0
0.0
0.0
0.0
0.0
0.0
0.0
0.0
0.0
0.0
0.0
0.0
0.0
0.0
0.0
0.0
0.0
0.0
0.0
0.0
0.0
0.0
0.0
0.0
0.0
0.0
0.0
0.0
0.0
0.0
0.0
0.00157
0.00607
0.01064
0.018670000000000003
0.026719999999999997
0.03132
0.03593
0.06412000000000001
0.09297
0.20952
0.32563
0.41336
0.49008999999999997
0.47762
0.44025
0.5391900000000001
0.6213500000000001
0.6923400000000001
0.74291
0.6732899999999999
0.62298
0.63147
0.63874
0.6559400000000001
0.67159
0.7604099999999999
0.82252
0.9056900000000001
0.96013
0.9409299999999999
0.92787
0.88707
0.84378
0.79388
0.7424400000000001
0.68433
0.62587
0.56617
0.50217
0.43049
0.36265
0.27814999999999995
0.20664
0.12408
0.046520000000000006
0.0
0.0
0.0
0.0
0.0
0.0
0.0
0.0
0.0
0.0
0.0
0.0
0.0
0.0
0.0
0.0
0.0
0.0
0.0
0.0
0.0
0.0
0.0
0.0
0.0
0.0
0.0
0.0
0.0
0.0
0.0
0.0
0.0
0.0
0.0
0.0
0.0
0.0
0.0
0.0
0.0
0.0
0.0
0.0
0.0
0.0
0.0
0.0
0.0
0.0
0.0
0.0023599999999999997
0.0519
0.11313
0.20091
0.30751999999999996
0.33802
0.35831999999999997
0.47326999999999997
0.6009
0.6531699999999999
0.7036
0.7495
0.7928
0.84725
0.8907999999999999
0.93367
0.9742799999999999
1.0127000000000002
1.0483399999999998
1.06771
1.08322
1.09208
1.0969200000000001
1.09366
1.0863800000000001
1.0731300000000001
1.0560399999999999
1.0341099999999999
1.00858
0.97575
0.9398099999999999
0.89778
0.85329
0.80303
0.7512000000000001
0.6923400000000001
0.63315
0.57243
0.50746
0.43378
0.36411
0.28517000000000003
0.21455000000000002
0.12838999999999998
0.047560000000000005
0.0
0.0
0.0
0.0
0.0
0.0
0.0
0.0
0.0
0.0
0.0
0.0
0.0
0.0
0.0
0.0
0.0
0.0
0.0
0.0
0.0
0.0
0.0
0.0
0.0
0.0
0.0
0.0
0.0
0.0
0.0
0.0
0.0
0.0
0.0
0.0
0.0
0.0
0.0
0.0
0.0
0.0
0.0
0.0
0.0
0.0
0.0
0.0
0.0
0.0
0.0
0.0
0.06731999999999999
0.16357
0.2329
0.31141
0.3821
0.45817
0.52471
0.59338
0.65444
0.7089500000000001
0.7627
0.81532
0.86066
0.90384
0.94098
0.97512
1.00139
1.0241900000000002
1.04151
1.05508
1.0622
1.0654400000000002
1.06197
1.0546300000000002
1.04145
1.0245499999999998
1.00183
0.97574
0.94276
0.90685
0.86537
0.82168
0.77126
0.71954
0.66788
0.60917
0.54235
0.47739
0.40562
0.33825
0.26267
0.19458
0.11173999999999999
0.037579999999999995
0.0
0.0
0.0
0.0
0.0
0.0
0.0
0.0
0.0
0.0
0.0
0.0
0.0
0.0
0.0
0.0
0.0
0.0
0.0
0.0
0.0
0.0
0.0
0.0
0.0
0.0
0.0
0.0
0.0
0.0
0.0
0.0
0.0
0.0
0.0
0.0
0.0
0.0
0.0
0.0
0.0
0.0
0.0
0.0
0.0
0.0
0.0
0.0
0.0
0.0
0.0
0.0
0.00933
0.01294
0.020980000000000002
0.02904
0.03635
0.04367
0.040170000000000004
0.0367
0.039409999999999994
0.04213
0.044840000000000005
0.04757
0.061130000000000004
0.07506
0.07833
0.08161
0.08534
0.08907999999999999
0.08823
0.08739
0.075
0.06323
0.06556000000000001
0.06788
0.14077
0.20982
0.39491000000000004
0.57808
0.5523899999999999
0.52563
0.49207
0.45861
0.46728
0.48792
0.40728
0.34769
0.37691
0.3856
0.31369
0.2524
0.20811000000000002
0.1625
0.09434000000000001
0.032119999999999996
0.0
0.0
0.0
0.0
0.0
0.0
0.0
0.0
0.0
0.0
0.0
0.0
0.0
0.0
0.0
0.0
0.0
0.0
0.0
0.0
0.0
0.0
0.0
0.0
0.0
0.0
0.0
0.0
0.0
0.0
0.0
0.0
0.0
0.0
0.0
0.0
0.0
0.0
0.0
0.0
0.0
0.0
0.0
0.0
0.0
0.0
0.0
0.0
0.0
0.0
0.0
0.0
0.06863
0.16613
0.23578
0.32098000000000004
0.39335000000000003
0.47108
0.5398099999999999
0.6108
0.674
0.73073
0.78654
0.8412000000000001
0.8891100000000001
0.9348099999999999
0.97241
1.00697
1.03432
1.0580999999999998
1.07769
1.09346
1.10227
1.10707
1.10509
1.0990799999999998
1.08706
1.0711300000000001
1.04833
1.0219099999999999
0.9887699999999999
0.95251
0.90951
0.86403
0.81061
0.7559
0.69586
0.6356499999999999
0.5737599999999999
0.50775
0.43215
0.36092
0.27954
0.20711000000000002
0.11520999999999999
0.03519
0.0
0.0
0.0
0.0
0.0
0.0
0.0
0.0
0.0
0.0
0.0
0.0
0.0
0.0
0.0
0.0
0.0
0.0
0.0
0.0
0.0
0.0
0.0
0.0
0.0
0.0
0.0
0.0
0.0
0.0
0.0
0.0
0.0
0.0
0.0
0.0
0.0
0.0
0.0
0.0
0.0
0.0
0.0
0.0
0.0
0.0
0.0
0.0
0.0
0.0
0.0
0.0
0.06329
0.15847999999999998
0.2268
0.30943
0.38045
0.45698
0.5239400000000001
0.5931799999999999
0.6548999999999999
0.71012
0.76307
0.8148
0.86117
0.90538
0.94321
0.97822
1.00729
1.03301
1.05161
1.06651
1.0749600000000001
1.07952
1.07773
1.07203
1.05924
1.0427
0.98413
0.9358099999999999
0.85149
0.76079
0.6818500000000001
0.61436
0.6422599999999999
0.6526799999999999
0.5808099999999999
0.5116
0.4372
0.36145
0.32873
0.28837999999999997
0.22150999999999998
0.16247
0.08775
0.02414
0.0
0.0
0.0
0.0
0.0
0.0
0.0
0.0
0.0
0.0
0.0
0.0
0.0
0.0
0.0
0.0
0.0
0.0
0.0
0.0
0.0
0.0
0.0
0.0
0.0
0.0
0.0
0.0
0.0
0.0
0.0
0.0
0.0
0.0
0.0
0.0
0.0
0.0
0.0
0.0
0.0
0.0
0.0
0.0
0.0
0.0
0.0
0.0
0.0
0.0
0.0
0.0
0.019559999999999998
0.05546
0.10633
0.17445
0.23478
0.30279
0.34595
0.38903
0.44112
0.49477
0.54041
0.5859500000000001
0.6050599999999999
0.62071
0.6145
0.62624
0.63144
0.6343799999999999
0.64899
0.6622899999999999
0.68521
0.70682
0.72604
0.7671399999999999
0.7532000000000001
0.7373
0.7427699999999999
0.7445
0.72648
0.70572
0.67018
0.63328
0.61811
0.6071
0.59048
0.56745
0.5284
0.48382
0.39247000000000004
0.30833
0.23361
0.16831000000000002
0.08887
0.023649999999999997
0.0
0.0
0.0
0.0
0.0
0.0
0.0
0.0
0.0
0.0
0.0
0.0
0.0
0.0
0.0
0.0
0.0
0.0
0.0
0.0
0.0
0.0
0.0
0.0
0.0
0.0
0.0
0.0
0.0
0.0
0.0
0.0
0.0
0.0
0.0
0.0
0.0
0.0
0.0
0.0
0.0
0.0
0.0
0.0
0.0
0.0
0.0
0.0
0.0
0.0
0.0
0.0
0.0555
0.14398
0.21978
0.30544
0.37483999999999995
0.45380000000000004
0.52207
0.59292
0.6556000000000001
0.71876
0.76767
0.82251
0.87021
0.91595
0.95441
0.99003
1.01923
1.04504
1.06419
1.0796199999999998
1.08806
1.0925799999999999
1.09122
1.0859100000000002
1.0729600000000001
1.05622
1.03127
1.0029
0.96927
0.9326599999999999
0.89025
0.84553
0.7942
0.74152
0.6880700000000001
0.6273500000000001
0.55929
0.49301999999999996
0.41699
0.34579000000000004
0.26268
0.19397999999999999
0.10183
0.02916
0.0
0.0
0.0
0.0
0.0
0.0
0.0
0.0
0.0
0.0
0.0
0.0
0.0
0.0
0.0
0.0
0.0
0.0
0.0
0.0
0.0
0.0
0.0
0.0
0.0
0.0
0.0
0.0
0.0
0.0
0.0
0.0
0.0
0.0
0.0
0.0
0.0
0.0
0.0
0.0
0.0
0.0
0.0
0.0
0.0
0.0
0.0
0.0
0.0
0.0
0.0
0.0
0.02029
0.04347
0.09987
0.15716999999999998
0.21936000000000003
0.27758
0.27252
0.25938
0.32635000000000003
0.38331
0.39885000000000004
0.39344999999999997
0.46134
0.51262
0.57592
0.64143
0.6997599999999999
0.73599
0.67547
0.63499
0.60697
0.5526
0.52842
0.5036700000000001
0.46217
0.39736
0.42607999999999996
0.43025
0.51041
0.56221
0.50619
0.4521
0.42937000000000003
0.40488999999999997
0.44148000000000004
0.45130000000000003
0.42525
0.40137
0.3
0.21749000000000002
0.12819999999999998
0.0571
0.02775
0.00362
0.0
0.0
0.0
0.0
0.0
0.0
0.0
0.0
0.0
0.0
0.0
0.0
0.0
0.0
0.0
0.0
0.0
0.0
0.0
0.0
0.0
0.0
0.0
0.0
0.0
0.0
0.0
0.0
0.0
0.0
0.0
0.0
0.0
0.0
0.0
0.0
0.0
0.0
0.0
0.0
0.0
0.0
0.0
0.0
0.0
0.0
0.0
0.0
0.0
0.0
0.0
0.0
0.00539
0.00872
0.00863
0.00834
0.00948
0.01063
0.01102
0.01141
0.01294
0.01448
0.016399999999999998
0.01833
0.022940000000000002
0.027559999999999998
0.02911
0.030670000000000003
0.03646
0.04226
0.04961
0.056979999999999996
0.05002
0.04306
0.03804
0.03302
0.03263
0.032240000000000005
0.029920000000000002
0.027600000000000003
0.03066
0.03372
0.032549999999999996
0.03138
0.03253
0.03363
0.037200000000000004
0.04044
0.027989999999999998
0.01597
0.01025
0.00454
0.00454
0.00454
0.00275
0.00079
0.0
0.0
0.0
0.0
0.0
0.0
0.0
0.0
0.0
0.0
0.0
0.0
0.0
0.0
0.0
0.0
0.0
0.0
0.0
0.0
0.0
0.0
0.0
0.0
0.0
0.0
0.0
0.0
0.0
0.0
0.0
0.0
0.0
0.0
0.0
0.0
0.0
0.0
0.0
0.0
0.0
0.0
0.0
0.0
0.0
0.0
0.0
0.0
0.0
0.0
0.0
0.0
0.038060000000000004
0.10449
0.1758
0.25544
0.29574
0.3359
0.28211
0.18703999999999998
0.16219
0.13313
0.19279
0.24328
0.35962
0.48569999999999997
0.43412
0.39844999999999997
0.45635000000000003
0.51588
0.64302
0.7754
0.92352
1.0347899999999999
0.90139
0.72999
0.63993
0.57528
0.4486
0.32694
0.30852999999999997
0.29024
0.24827000000000002
0.2077
0.16599
0.11602
0.08824
0.061590000000000006
0.03908
0.0175
0.01659
0.01533
0.03635
0.04887
0.01563
0.0
0.0
0.0
0.0
0.0
0.0
0.0
0.0
0.0
0.0
0.0
0.0
0.0
0.0
0.0
0.0
0.0
0.0
0.0
0.0
0.0
0.0
0.0
0.0
0.0
0.0
0.0
0.0
0.0
0.0
0.0
0.0
0.0
0.0
0.0
0.0
0.0
0.0
0.0
0.0
0.0
0.0
0.0
0.0
0.0
0.0
0.0
0.0
0.0
0.0
0.0
0.0
0.0
0.01038
0.02718
0.04761
0.0707
0.22171000000000002
0.37929
0.46169
0.55083
0.61434
0.67528
0.7323999999999999
0.78914
0.83804
0.88538
0.9231900000000001
0.95838
0.9783999999999999
0.99476
0.9969
0.99491
1.02838
1.04473
1.04418
1.03996
1.0282
1.01284
0.99025
0.96441
0.9317300000000001
0.89632
0.8621599999999999
0.81579
0.71427
0.62241
0.48261000000000004
0.36548
0.24663
0.15443
0.09993
0.04428
0.08223
0.10158
0.03972
0.0
0.0
0.0
0.0
0.0
0.0
0.0
0.0
0.0
0.0
0.0
0.0
0.0
0.0
0.0
0.0
0.0
0.0
0.0
0.0
0.0
0.0
0.0
0.0
0.0
0.0
0.0
0.0
0.0
0.0
0.0
0.0
0.0
0.0
0.0
0.0
0.0
0.0
0.0
0.0
0.0
0.0
0.0
0.0
0.0
0.0
0.0
0.0
0.0
0.0
0.0
0.0
0.0
0.0448
0.12448000000000001
0.20873
0.30036
0.36981
0.4497
0.5186499999999999
0.59037
0.65296
0.7160700000000001
0.7651
0.82036
0.86924
0.9163300000000001
0.9538
0.9884700000000001
1.0159099999999999
1.0399500000000002
1.05943
1.07523
1.08346
1.08782
1.0855
1.07928
1.0646600000000002
1.0463099999999999
1.02352
0.9973
0.96376
0.92729
0.88436
0.83928
0.78567
0.73097
0.67118
0.61738
0.5477799999999999
0.48042
0.40287
0.33072
0.24458000000000002
0.17249
0.06817000000000001
0.0
0.0
0.0
0.0
0.0
0.0
0.0
0.0
0.0
0.0
0.0
0.0
0.0
0.0
0.0
0.0
0.0
0.0
0.0
0.0
0.0
0.0
0.0
0.0
0.0
0.0
0.0
0.0
0.0
0.0
0.0
0.0
0.0
0.0
0.0
0.0
0.0
0.0
0.0
0.0
0.0
0.0
0.0
0.0
0.0
0.0
0.0
0.0
0.0
0.0
0.0
0.0
0.0
0.039
0.10941
0.19134
0.27958
0.35151
0.43045999999999995
0.49498000000000003
0.56592
0.62741
0.6896100000000001
0.74401
0.79753
0.84456
0.88971
0.91704
0.9517899999999999
0.97954
1.00412
1.02217
1.03674
1.045
1.04962
1.04829
1.04326
1.03289
1.01886
0.9959600000000001
0.96975
0.93698
0.90137
0.85921
0.8149500000000001
0.76487
0.72092
0.6600900000000001
0.59957
0.48579
0.38047000000000003
0.28372
0.20428
0.17934
0.14965
0.05874
0.0
0.0
0.0
0.0
0.0
0.0
0.0
0.0
0.0
0.0
0.0
0.0
0.0
0.0
0.0
0.0
0.0
0.0
0.0
0.0
0.0
0.0
0.0
0.0
0.0
0.0
0.0
0.0
0.0
0.0
0.0
0.0
0.0
0.0
0.0
0.0
0.0
0.0
0.0
0.0
0.0
0.0
0.0
0.0
0.0
0.0
0.0
0.0
0.0
0.0
0.0
0.0
0.0
0.02407
0.07196999999999999
0.15255000000000002
0.242
0.31247
0.39026
0.45756
0.52852
0.5903400000000001
0.65346
0.71402
0.77124
0.826
0.87989
0.90696
0.94148
0.96986
0.99517
1.01202
1.02543
1.0323399999999998
1.0356400000000001
1.02363
0.99454
0.92572
0.8453200000000001
0.8764400000000001
0.89943
0.78546
0.66631
0.6134299999999999
0.5612699999999999
0.52687
0.49131
0.39273
0.31883
0.22159
0.14725
0.10563
0.07648999999999999
0.05374
0.03016
0.01532
0.0
0.0
0.0
0.0
0.0
0.0
0.0
0.0
0.0
0.0
0.0
0.0
0.0
0.0
0.0
0.0
0.0
0.0
0.0
0.0
0.0
0.0
0.0
0.0
0.0
0.0
0.0
0.0
0.0
0.0
0.0
0.0
0.0
0.0
0.0
0.0
0.0
0.0
0.0
0.0
0.0
0.0
0.0
0.0
0.0
0.0
0.0
0.0
0.0
0.0
0.0
0.0
0.0
0.019489999999999997
0.05978
0.12093999999999999
0.18439
0.14966
0.10382
0.06061
0.01598
0.022109999999999998
0.02826
0.03134
0.03443
0.07557
0.12143999999999999
0.14994
0.19585
0.15663999999999997
0.13409000000000001
0.18943000000000002
0.26999
0.26955
0.26913
0.26491000000000003
0.26073
0.21040999999999999
0.18352000000000002
0.24105000000000001
0.28017000000000003
0.2534
0.22723
0.21225
0.19703
0.18616
0.17513
0.13926
0.10455
0.111
0.11725
0.10878
0.09082
0.06344
0.03456
0.01482
0.0
0.0
0.0
0.0
0.0
0.0
0.0
0.0
0.0
0.0
0.0
0.0
0.0
0.0
0.0
0.0
0.0
0.0
0.0
0.0
0.0
0.0
0.0
0.0
0.0
0.0
0.0
0.0
0.0
0.0
0.0
0.0
0.0
0.0
0.0
0.0
0.0
0.0
0.0
0.0
0.0
0.0
0.0
0.0
0.0
0.0
0.0
0.0
0.0
0.0
0.0
0.0
0.0
0.00393
0.0076
0.01679
0.02618
0.03842
0.0506
0.06417
0.07795
0.09009
0.10228
0.11154
0.12115999999999999
0.12298
0.12478
0.12742
0.13028
0.16684000000000002
0.20464
0.23752
0.25058
0.16401
0.10186
0.11220999999999999
0.12281
0.10990000000000001
0.09720999999999999
0.07970000000000001
0.0631
0.05185
0.04063
0.039850000000000003
0.039060000000000004
0.038270000000000005
0.03749
0.03055
0.023629999999999998
0.0175
0.01139
0.00948
0.00758
0.0066500000000000005
0.0057
0.0032
0.0
0.0
0.0
0.0
0.0
0.0
0.0
0.0
0.0
0.0
0.0
0.0
0.0
0.0
0.0
0.0
0.0
0.0
0.0
0.0
0.0
0.0
0.0
0.0
0.0
0.0
0.0
0.0
0.0
0.0
0.0
0.0
0.0
0.0
0.0
0.0
0.0
0.0
0.0
0.0
0.0
0.0
0.0
0.0
0.0
0.0
0.0
0.0
0.0
0.0
0.0
0.0
0.0
0.00787
0.08144
0.18893000000000001
0.28714
0.36342
0.44369
0.5153
0.59013
0.65475
0.72021
0.7767999999999999
0.82401
0.8697
0.91337
0.9524400000000001
0.98882
1.01751
1.04297
1.06276
1.0789300000000002
1.08733
1.0919100000000002
1.09041
1.08506
1.06946
1.05021
1.0269300000000001
1.00027
0.96508
0.92711
0.88334
0.83747
0.78498
0.73878
0.67535
0.61241
0.54173
0.4735
0.39421
0.32065
0.23084
0.14361000000000002
0.05248
0.0
0.0
0.0
0.0
0.0
0.0
0.0
0.0
0.0
0.0
0.0
0.0
0.0
0.0
0.0
0.0
0.0
0.0
0.0
0.0
0.0
0.0
0.0
0.0
0.0
0.0
0.0
0.0
0.0
0.0
0.0
0.0
0.0
0.0
0.0
0.0
0.0
0.0
0.0
0.0
0.0
0.0
0.0
0.0
0.0
0.0
0.0
0.0
0.0
0.0
0.0
0.0
0.0
0.0
0.08629
0.19347999999999999
0.29101
0.361
0.44261
0.51242
0.58531
0.64861
0.71263
0.76
0.81349
0.85977
0.90412
0.94212
0.9773999999999999
1.00572
1.0307899999999999
1.0489300000000001
1.06345
1.06944
1.0716400000000001
0.8945299999999999
0.6782999999999999
0.6989500000000001
0.71646
0.76711
0.8240700000000001
0.60715
0.36910000000000004
0.32788
0.28796
0.28669
0.28382999999999997
0.30138
0.29678
0.23057
0.16096000000000002
0.12098
0.08373
0.05188
0.01586
0.00745
0.0
0.0
0.0
0.0
0.0
0.0
0.0
0.0
0.0
0.0
0.0
0.0
0.0
0.0
0.0
0.0
0.0
0.0
0.0
0.0
0.0
0.0
0.0
0.0
0.0
0.0
0.0
0.0
0.0
0.0
0.0
0.0
0.0
0.0
0.0
0.0
0.0
0.0
0.0
0.0
0.0
0.0
0.0
0.0
0.0
0.0
0.0
0.0
0.0
0.0
0.0
0.0
0.0
0.0
0.01085
0.01763
0.02215
0.03253
0.04333
0.0494
0.055630000000000006
0.057909999999999996
0.06039
0.07313
0.08602
0.09268000000000001
0.09941
0.12985
0.16135
0.16521
0.1692
0.13194999999999998
0.09653
0.09253
0.08856
0.11043
0.13290000000000002
0.16027000000000002
0.18872999999999998
0.16213999999999998
0.13622
0.13629
0.13641999999999999
0.12146
0.10673
0.09695999999999999
0.08712
0.07004
0.053439999999999994
0.044840000000000005
0.03673
0.09151000000000001
0.12841999999999998
0.06303
0.0091
0.00439
0.0
0.0
0.0
0.0
0.0
0.0
0.0
0.0
0.0
0.0
0.0
0.0
0.0
0.0
0.0
0.0
0.0
0.0
0.0
0.0
0.0
0.0
0.0
0.0
0.0
0.0
0.0
0.0
0.0
0.0
0.0
0.0
0.0
0.0
0.0
0.0
0.0
0.0
0.0
0.0
0.0
0.0
0.0
0.0
0.0
0.0
0.0
0.0
0.0
0.0
0.0
0.0
0.0
0.0
0.00835
0.01188
0.01445
0.02057
0.02671
0.02209
0.0175
0.01751
0.01752
0.019829999999999997
0.02214
0.02599
0.02984
0.03524
0.04065
0.04298
0.04531
0.0916
0.15506
0.14928999999999998
0.15681
0.12725
0.0986
0.07825
0.05923
0.10438
0.15364
0.25889999999999996
0.32483
0.38556999999999997
0.44183
0.24634
0.05603
0.05293
0.04994
0.04057
0.03132
0.02364
0.01598
0.01184
0.00753
0.00361
0.0
0.0
0.0
0.0
0.0
0.0
0.0
0.0
0.0
0.0
0.0
0.0
0.0
0.0
0.0
0.0
0.0
0.0
0.0
0.0
0.0
0.0
0.0
0.0
0.0
0.0
0.0
0.0
0.0
0.0
0.0
0.0
0.0
0.0
0.0
0.0
0.0
0.0
0.0
0.0
0.0
0.0
0.0
0.0
0.0
0.0
0.0
0.0
0.0
0.0
0.0
0.0
0.0
0.0
0.06724
0.17234
0.27042
0.34624
0.42947
0.49795
0.5696
0.63201
0.69526
0.7435
0.7982
0.84441
0.88886
0.92684
0.9622
0.99068
1.01598
1.0341500000000001
1.04881
1.05677
1.06102
1.05742
1.0501099999999999
1.03697
1.02026
0.99617
0.96889
0.93487
0.89824
0.8540099999999999
0.80798
0.75419
0.70716
0.6271100000000001
0.5539
0.39067
0.23172
0.17912
0.13133
0.09207
0.04775
0.0167
0.0
0.0
0.0
0.0
0.0
0.0
0.0
0.0
0.0
0.0
0.0
0.0
0.0
0.0
0.0
0.0
0.0
0.0
0.0
0.0
0.0
0.0
0.0
0.0
0.0
0.0
0.0
0.0
0.0
0.0
0.0
0.0
0.0
0.0
0.0
0.0
0.0
0.0
0.0
0.0
0.0
0.0
0.0
0.0
0.0
0.0
0.0
0.0
0.0
0.0
0.0
0.0
0.0
0.0
0.0363
0.11625
0.19044999999999998
0.24712
0.30997
0.35091
0.39157
0.41673000000000004
0.4382
0.47981
0.5213099999999999
0.52615
0.54862
0.63762
0.70813
0.84981
0.97526
0.9934
1.0082200000000001
1.01491
1.0181
1.01588
0.99721
0.93326
0.86261
0.62183
0.33482
0.29623
0.2585
0.26564
0.27199
0.21496
0.16066999999999998
0.15188
0.14251
0.09503
0.04598
0.03365
0.02214
0.0147
0.0073
0.0035800000000000003
0.0
0.0
0.0
0.0
0.0
0.0
0.0
0.0
0.0
0.0
0.0
0.0
0.0
0.0
0.0
0.0
0.0
0.0
0.0
0.0
0.0
0.0
0.0
0.0
0.0
0.0
0.0
0.0
0.0
0.0
0.0
0.0
0.0
0.0
0.0
0.0
0.0
0.0
0.0
0.0
0.0
0.0
0.0
0.0
0.0
0.0
0.0
0.0
0.0
0.0
0.0
0.0
0.0
0.0
0.01287
0.07139
0.13718
0.07937000000000001
0.00834
0.01711
0.025929999999999998
0.025929999999999998
0.02594
0.02826
0.03057
0.03674
0.04292
0.03331
0.023719999999999998
0.024489999999999998
0.02527
0.03886
0.05251
0.045439999999999994
0.038380000000000004
0.035679999999999996
0.032979999999999995
0.039520000000000007
0.04607
0.04182
0.03756
0.038700000000000005
0.03984
0.05102
0.062270000000000006
0.060840000000000005
0.05953
0.04365
0.02823
0.019030000000000002
0.009859999999999999
0.00796
0.006059999999999999
0.0041600000000000005
0.00227
0.0011799999999999998
0.0
0.0
0.0
0.0
0.0
0.0
0.0
0.0
0.0
0.0
0.0
0.0
0.0
0.0
0.0
0.0
0.0
0.0
0.0
0.0
0.0
0.0
0.0
0.0
0.0
0.0
0.0
0.0
0.0
0.0
0.0
0.0
0.0
0.0
0.0
0.0
0.0
0.0
0.0
0.0
0.0
0.0
0.0
0.0
0.0
0.0
0.0
0.0
0.0
0.0
0.0
0.0
0.0
0.0
0.06303
0.16783
0.27847000000000005
0.35334
0.44295
0.51659
0.59362
0.6589299999999999
0.7251299999999999
0.78404
0.8338
0.8830800000000001
0.9306
0.9697
1.00613
1.03643
1.06346
1.08225
1.09737
1.10682
1.11239
1.10971
1.10314
1.09019
1.07349
1.0507
1.02447
0.98976
0.95212
0.90849
0.8627
0.80891
0.75402
0.6975
0.6339199999999999
0.56048
0.48963
0.40384
0.32463
0.21685
0.1041
0.00747
0.0
0.0
0.0
0.0
0.0
0.0
0.0
0.0
0.0
0.0
0.0
0.0
0.0
0.0
0.0
0.0
0.0
0.0
0.0
0.0
0.0
0.0
0.0
0.0
0.0
0.0
0.0
0.0
0.0
0.0
0.0
0.0
0.0
0.0
0.0
0.0
0.0
0.0
0.0
0.0
0.0
0.0
0.0
0.0
0.0
0.0
0.0
0.0
0.0
0.0
0.0
0.0
0.0
0.0
0.06274
0.16766
0.2806
0.35493
0.44372
0.51467
0.5886699999999999
0.65355
0.7193099999999999
0.77777
0.8270599999999999
0.87476
0.92063
0.95792
0.9924400000000001
1.02028
1.0448499999999998
1.06401
1.07957
1.0863399999999999
1.08931
1.08579
1.0785
1.0653299999999999
1.04854
1.02464
0.9974700000000001
0.9620299999999999
0.92395
0.87976
0.8336699999999999
0.7884
0.7333200000000001
0.66944
0.60621
0.53253
0.46179000000000003
0.37651999999999997
0.30398000000000003
0.20202
0.08848
0.0
0.0
0.0
0.0
0.0
0.0
0.0
0.0
0.0
0.0
0.0
0.0
0.0
0.0
0.0
0.0
0.0
0.0
0.0
0.0
0.0
0.0
0.0
0.0
0.0
0.0
0.0
0.0
0.0
0.0
0.0
0.0
0.0
0.0
0.0
0.0
0.0
0.0
0.0
0.0
0.0
0.0
0.0
0.0
0.0
0.0
0.0
0.0
0.0
0.0
0.0
0.0
0.0
0.0
0.0
0.0023599999999999997
0.00721
0.01216
0.01828
0.02441
0.02939
0.034390000000000004
0.039009999999999996
0.04365
0.04018
0.036719999999999996
0.04251
0.04832
0.05607
0.06383
0.049909999999999996
0.03603
0.03643
0.03682
0.04222
0.047630000000000006
0.04029
0.03297
0.02912
0.02527
0.027559999999999998
0.02986
0.02793
0.02599
0.027899999999999998
0.02981
0.022510000000000002
0.01523
0.01408
0.01292
0.012150000000000001
0.01139
0.0091
0.0068200000000000005
0.00649
0.005679999999999999
0.0
0.0
0.0
0.0
0.0
0.0
0.0
0.0
0.0
0.0
0.0
0.0
0.0
0.0
0.0
0.0
0.0
0.0
0.0
0.0
0.0
0.0
0.0
0.0
0.0
0.0
0.0
0.0
0.0
0.0
0.0
0.0
0.0
0.0
0.0
0.0
0.0
0.0
0.0
0.0
0.0
0.0
0.0
0.0
0.0
0.0
0.0
0.0
0.0
0.0
0.0
0.0
0.0
0.0
0.0
0.00079
0.00264
0.00454
0.005679999999999999
0.0068200000000000005
0.009869999999999999
0.01292
0.02478
0.0367
0.04751
0.05836
0.07629999999999999
0.09487999999999999
0.07217
0.05221
0.062
0.07198
0.12938999999999998
0.19094
0.18378
0.17668999999999999
0.13638
0.09781999999999999
0.08424
0.07097
0.05804
0.045259999999999995
0.04679
0.04832
0.0545
0.06069
0.05526
0.04983
0.037469999999999996
0.025160000000000002
0.02132
0.0175
0.014060000000000001
0.01063
0.009470000000000001
0.00754
0.0
0.0
0.0
0.0
0.0
0.0
0.0
0.0
0.0
0.0
0.0
0.0
0.0
0.0
0.0
0.0
0.0
0.0
0.0
0.0
0.0
0.0
0.0
0.0
0.0
0.0
0.0
0.0
0.0
0.0
0.0
0.0
0.0
0.0
0.0
0.0
0.0
0.0
0.0
0.0
0.0
0.0
0.0
0.0
0.0
0.0
0.0
0.0
0.0
0.0
0.0
0.0
0.0
0.0
0.0
0.006889999999999999
0.009710000000000002
0.0114
0.01675
0.0221
0.03132
0.04057
0.05593
0.07212
0.05565
0.04211
0.05565
0.06983
0.07307
0.07636
0.07536
0.07440999999999999
0.09985
0.12636
0.11595
0.10574
0.09859
0.09156
0.08768000000000001
0.08385
0.08615
0.08855
0.09243000000000001
0.09655
0.08516
0.07392
0.07382999999999999
0.07368999999999999
0.07006
0.07196
0.03825
0.01291
0.009859999999999999
0.0068200000000000005
0.0053
0.00393
0.0
0.0
0.0
0.0
0.0
0.0
0.0
0.0
0.0
0.0
0.0
0.0
0.0
0.0
0.0
0.0
0.0
0.0
0.0
0.0
0.0
0.0
0.0
0.0
0.0
0.0
0.0
0.0
0.0
0.0
0.0
0.0
0.0
0.0
0.0
0.0
0.0
0.0
0.0
0.0
0.0
0.0
0.0
0.0
0.0
0.0
0.0
0.0
0.0
0.0
0.0
0.0
0.0
0.0
0.0
0.00431
0.00622
0.00758
0.01024
0.01291
0.014060000000000001
0.015210000000000001
0.0156
0.01599
0.02441
0.032869999999999996
0.03596
0.039049999999999994
0.04292
0.046799999999999994
0.045259999999999995
0.04373
0.054950000000000006
0.06620000000000001
0.07051
0.07515000000000001
0.076
0.07687000000000001
0.06736
0.05843
0.05842
0.05841
0.06304
0.06801
0.05372
0.039810000000000005
0.17949
0.28284
0.43322000000000005
0.5619
0.48522000000000004
0.41276999999999997
0.3272
0.24950999999999998
0.15215
0.0499
0.0
0.0
0.0
0.0
0.0
0.0
0.0
0.0
0.0
0.0
0.0
0.0
0.0
0.0
0.0
0.0
0.0
0.0
0.0
0.0
0.0
0.0
0.0
0.0
0.0
0.0
0.0
0.0
0.0
0.0
0.0
0.0
0.0
0.0
0.0
0.0
0.0
0.0
0.0
0.0
0.0
0.0
0.0
0.0
0.0
0.0
0.0
0.0
0.0
0.0
0.0
0.0
0.0
0.0
0.0
0.04137
0.13781000000000002
0.25215
0.33326
0.41881999999999997
0.49149
0.56775
0.6325299999999999
0.69837
0.756
0.81313
0.85212
0.89788
0.93498
0.9694400000000001
0.99749
1.02239
1.0408499999999998
1.0558299999999998
1.06355
1.06763
1.0579100000000001
1.0446099999999998
1.0408199999999999
1.03324
1.0047000000000001
0.97329
0.94601
0.9155800000000001
0.8724
0.8361799999999999
0.7732
0.7103200000000001
0.6515700000000001
0.59284
0.52623
0.46158
0.36052
0.27529000000000003
0.16469999999999999
0.0523
0.0
0.0
0.0
0.0
0.0
0.0
0.0
0.0
0.0
0.0
0.0
0.0
0.0
0.0
0.0
0.0
0.0
0.0
0.0
0.0
0.0
0.0
0.0
0.0
0.0
0.0
0.0
0.0
0.0
0.0
0.0
0.0
0.0
0.0
0.0
0.0
0.0
0.0
0.0
0.0
0.0
0.0
0.0
0.0
0.0
0.0
0.0
0.0
0.0
0.0
0.0
0.0
0.0
0.0
0.0
0.027989999999999998
0.12379000000000001
0.23902
0.31839999999999996
0.40204
0.47602999999999995
0.55415
0.62013
0.68753
0.74573
0.8036
0.8437
0.89077
0.93049
0.96774
0.99712
1.0234299999999998
1.04219
1.05751
1.0653299999999999
1.06948
1.06609
1.05902
1.0473299999999999
1.03209
1.00882
0.9823500000000001
0.9489099999999999
0.9128
0.86985
0.82501
0.77979
0.72484
0.66152
0.5989
0.5254500000000001
0.455
0.36835
0.28886
0.18447999999999998
0.07245
0.0
0.0
0.0
0.0
0.0
0.0
0.0
0.0
0.0
0.0
0.0
0.0
0.0
0.0
0.0
0.0
0.0
0.0
0.0
0.0
0.0
0.0
0.0
0.0
0.0
0.0
0.0
0.0
0.0
0.0
0.0
0.0
0.0
0.0
0.0
0.0
0.0
0.0
0.0
0.0
0.0
0.0
0.0
0.0
0.0
0.0
0.0
0.0
0.0
0.0
0.0
0.0
0.0
0.0
0.0
0.004719999999999999
0.08963
0.20999
0.27638
0.34946
0.36125
0.36228
0.40031
0.4372
0.42243
0.42074
0.48227
0.5680599999999999
0.53073
0.51041
0.46852
0.44658
0.56897
0.66961
0.71262
0.72987
0.83014
0.93855
0.8844
0.8274
0.81772
0.80504
0.8422000000000001
0.8644
0.80691
0.7547699999999999
0.5684
0.38933999999999996
0.36866000000000004
0.36217
0.30657
0.25421
0.24134
0.22596
0.14147
0.05206
0.0
0.0
0.0
0.0
0.0
0.0
0.0
0.0
0.0
0.0
0.0
0.0
0.0
0.0
0.0
0.0
0.0
0.0
0.0
0.0
0.0
0.0
0.0
0.0
0.0
0.0
0.0
0.0
0.0
0.0
0.0
0.0
0.0
0.0
0.0
0.0
0.0
0.0
0.0
0.0
0.0
0.0
0.0
0.0
0.0
0.0
0.0
0.0
0.0
0.0
0.0
0.0
0.0
0.0
0.0
0.0
0.04222
0.10031999999999999
0.16466
0.22411
0.29912
0.38266
0.34244
0.30741
0.41908999999999996
0.56326
0.60021
0.63612
0.77649
0.9054
0.9084099999999999
0.91472
0.94996
0.99042
0.97322
0.96027
0.98763
1.01854
1.00222
0.99501
0.97356
0.94905
0.85691
0.7487999999999999
0.74336
0.7321799999999999
0.6887000000000001
0.6439600000000001
0.60293
0.5558
0.48896
0.42155000000000004
0.33248
0.25245
0.1421
0.033729999999999996
0.0
0.0
0.0
0.0
0.0
0.0
0.0
0.0
0.0
0.0
0.0
0.0
0.0
0.0
0.0
0.0
0.0
0.0
0.0
0.0
0.0
0.0
0.0
0.0
0.0
0.0
0.0
0.0
0.0
0.0
0.0
0.0
0.0
0.0
0.0
0.0
0.0
0.0
0.0
0.0
0.0
0.0
0.0
0.0
0.0
0.0
0.0
0.0
0.0
0.0
0.0
0.0
0.0
0.0
0.0
0.0
0.03649
0.08985
0.18168
0.27438999999999997
0.31583999999999995
0.35843
0.43433
0.52298
0.6203
0.72257
0.7906799999999999
0.8660599999999999
0.8997
0.9305
0.95168
0.96946
1.00411
1.03583
1.04459
1.04981
1.04956
1.04572
1.0345
1.01978
0.99588
0.96889
0.93472
0.8980199999999999
0.8543999999999999
0.80899
0.755
0.70029
0.63807
0.5765399999999999
0.50763
0.43767
0.35245
0.27507
0.16729
0.06124
0.0
0.0
0.0
0.0
0.0
0.0
0.0
0.0
0.0
0.0
0.0
0.0
0.0
0.0
0.0
0.0
0.0
0.0
0.0
0.0
0.0
0.0
0.0
0.0
0.0
0.0
0.0
0.0
0.0
0.0
0.0
0.0
0.0
0.0
0.0
0.0
0.0
0.0
0.0
0.0
0.0
0.0
0.0
0.0
0.0
0.0
0.0
0.0
0.0
0.0
0.0
0.0
0.0
0.0
0.0
0.0
0.09591
0.22416
0.3049
0.39975
0.47572000000000003
0.5561499999999999
0.62315
0.69169
0.75039
0.8003899999999999
0.85024
0.89862
0.9379
0.97472
1.0019
1.0259200000000002
1.04496
1.06054
1.07
1.07579
1.07429
1.06907
1.0543
1.036
1.01331
0.98737
0.95365
0.9172899999999999
0.8723
0.82551
0.77344
0.72062
0.6645700000000001
0.6016699999999999
0.52904
0.45941000000000004
0.37269
0.2932
0.18422999999999998
0.07248
0.0
0.0
0.0
0.0
0.0
0.0
0.0
0.0
0.0
0.0
0.0
0.0
0.0
0.0
0.0
0.0
0.0
0.0
0.0
0.0
0.0
0.0
0.0
0.0
0.0
0.0
0.0
0.0
0.0
0.0
0.0
0.0
0.0
0.0
0.0
0.0
0.0
0.0
0.0
0.0
0.0
0.0
0.0
0.0
0.0
0.0
0.0
0.0
0.0
0.0
0.0
0.0
0.0
0.0
0.0
0.0
0.05833
0.15521000000000001
0.23377
0.32106
0.39488
0.47397
0.54059
0.6095499999999999
0.6682899999999999
0.72748
0.77891
0.8295
0.86972
0.90799
0.9315599999999999
0.95958
0.9795900000000001
0.9964700000000001
1.00541
1.01098
1.01886
1.02298
1.02243
1.0055800000000001
0.98287
0.95714
0.93465
0.89837
0.8532799999999999
0.80649
0.752
0.69697
0.63252
0.56913
0.49773
0.42573
0.33866
0.25989999999999996
0.15381
0.05145
0.0
0.0
0.0
0.0
0.0
0.0
0.0
0.0
0.0
0.0
0.0
0.0
0.0
0.0
0.0
0.0
0.0
0.0
0.0
0.0
0.0
0.0
0.0
0.0
0.0
0.0
0.0
0.0
0.0
0.0
0.0
0.0
0.0
0.0
0.0
0.0
0.0
0.0
0.0
0.0
0.0
0.0
0.0
0.0
0.0
0.0
0.0
0.0
0.0
0.0
0.0
0.0
0.0
0.0
0.0
0.0
0.0718
0.17824
0.22132
0.25755
0.22469999999999998
0.17277
0.13635
0.08123999999999999
0.09971
0.11857
0.13277
0.14739
0.1539
0.16059
0.19163
0.24568
0.25342
0.26133
0.27115
0.28116
0.28864
0.29622000000000004
0.30328
0.31028
0.3083
0.30617
0.29111000000000004
0.27620999999999996
0.29988
0.30201
0.27853
0.25508000000000003
0.23693999999999998
0.21805000000000002
0.17948
0.1427
0.10683
0.07324
0.04069
0.00847
0.0
0.0
0.0
0.0
0.0
0.0
0.0
0.0
0.0
0.0
0.0
0.0
0.0
0.0
0.0
0.0
0.0
0.0
0.0
0.0
0.0
0.0
0.0
0.0
0.0
0.0
0.0
0.0
0.0
0.0
0.0
0.0
0.0
0.0
0.0
0.0
0.0
0.0
0.0
0.0
0.0
0.0
0.0
0.0
0.0
0.0
0.0
0.0
0.0
0.0
0.0
0.0
0.0
0.0
0.0
0.0
0.00617
0.00853
0.00807
0.00758
0.02818
0.05151
0.07922
0.10842
0.10858
0.10884999999999999
0.09040999999999999
0.06434999999999999
0.07501000000000001
0.08596
0.08129
0.07676999999999999
0.07221
0.06772
0.06501
0.062299999999999994
0.05881
0.05532
0.12938999999999998
0.21941999999999998
0.22488999999999998
0.25089
0.28079000000000004
0.28808999999999996
0.33638
0.38112
0.44317
0.49651999999999996
0.48170999999999997
0.45518000000000003
0.43047
0.40313
0.31568
0.2366
0.13446
0.03692
0.0
0.0
0.0
0.0
0.0
0.0
0.0
0.0
0.0
0.0
0.0
0.0
0.0
0.0
0.0
0.0
0.0
0.0
0.0
0.0
0.0
0.0
0.0
0.0
0.0
0.0
0.0
0.0
0.0
0.0
0.0
0.0
0.0
0.0
0.0
0.0
0.0
0.0
0.0
0.0
0.0
0.0
0.0
0.0
0.0
0.0
0.0
0.0
0.0
0.0
0.0
0.0
0.0
0.0
0.0
0.0
0.06847
0.16997
0.26164
0.35569
0.432
0.5141
0.5116499999999999
0.49289
0.5777100000000001
0.65911
0.6686
0.6648
0.67476
0.68114
0.66811
0.6277999999999999
0.68741
0.72301
0.72036
0.7156
0.70592
0.6944
0.63454
0.5981799999999999
0.5622999999999999
0.52634
0.53964
0.54964
0.49855
0.44883999999999996
0.4259
0.40138999999999997
0.40741000000000005
0.39144
0.32385
0.26136000000000004
0.19165000000000001
0.11863
0.06858
0.01825
0.0
0.0
0.0
0.0
0.0
0.0
0.0
0.0
0.0
0.0
0.0
0.0
0.0
0.0
0.0
0.0
0.0
0.0
0.0
0.0
0.0
0.0
0.0
0.0
0.0
0.0
0.0
0.0
0.0
0.0
0.0
0.0
0.0
0.0
0.0
0.0
0.0
0.0
0.0
0.0
0.0
0.0
0.0
0.0
0.0
0.0
0.0
0.0
0.0
0.0
0.0
0.0
0.0
0.0
0.0
0.0
0.01036
0.02887
0.09976
0.16494
0.12654
0.07005
0.06931999999999999
0.07511
0.2454
0.39193
0.40187
0.38823
0.22773
0.05218
0.05877
0.06538
0.08077
0.0968
0.09584000000000001
0.09495
0.11237
0.13021000000000002
0.10288
0.07664
0.059770000000000004
0.04369
0.0948
0.14473
0.46156
0.70904
0.71323
0.7162999999999999
0.65246
0.5894299999999999
0.51522
0.44418
0.35687
0.28447
0.16427
0.05258
0.0
0.0
0.0
0.0
0.0
0.0
0.0
0.0
0.0
0.0
0.0
0.0
0.0
0.0
0.0
0.0
0.0
0.0
0.0
0.0
0.0
0.0
0.0
0.0
0.0
0.0
0.0
0.0
0.0
0.0
0.0
0.0
0.0
0.0
0.0
0.0
0.0
0.0
0.0
0.0
0.0
0.0
0.0
0.0
0.0
0.0
0.0
0.0
0.0
0.0
0.0
0.0
0.0
0.0
0.0
0.0
0.026609999999999998
0.08203
0.15113
0.21712
0.33553
0.46785000000000004
0.56853
0.67169
0.73207
0.79239
0.84256
0.8912599999999999
0.92843
0.96301
0.98254
1.00997
1.03017
1.0470599999999999
1.05681
1.06304
0.9402
0.78043
0.61324
0.45189999999999997
0.52659
0.57364
0.64843
0.69269
0.74079
0.77019
0.60465
0.44517
0.5150800000000001
0.56512
0.49517
0.42836
0.29747
0.18367
0.11906
0.052469999999999996
0.0
0.0
0.0
0.0
0.0
0.0
0.0
0.0
0.0
0.0
0.0
0.0
0.0
0.0
0.0
0.0
0.0
0.0
0.0
0.0
0.0
0.0
0.0
0.0
0.0
0.0
0.0
0.0
0.0
0.0
0.0
0.0
0.0
0.0
0.0
0.0
0.0
0.0
0.0
0.0
0.0
0.0
0.0
0.0
0.0
0.0
0.0
0.0
0.0
0.0
0.0
0.0
0.0
0.0
0.0
0.0
0.06865
0.17746
0.28261000000000003
0.38122
0.46052
0.54447
0.61446
0.68633
0.7470399999999999
0.8076599999999999
0.84996
0.89901
0.9402699999999999
0.97923
1.01112
1.0400399999999999
1.0613
1.0791300000000001
1.08966
1.09651
1.0958800000000002
1.09149
1.0796700000000001
1.0642
1.04175
1.01598
0.9837400000000001
0.9487000000000001
0.90551
0.8603099999999999
0.80633
0.7514700000000001
0.69543
0.6323200000000001
0.5560499999999999
0.48278
0.39187
0.30794
0.18353
0.06295
0.0
0.0
0.0
0.0
0.0
0.0
0.0
0.0
0.0
0.0
0.0
0.0
0.0
0.0
0.0
0.0
0.0
0.0
0.0
0.0
0.0
0.0
0.0
0.0
0.0
0.0
0.0
0.0
0.0
0.0
0.0
0.0
0.0
0.0
0.0
0.0
0.0
0.0
0.0
0.0
0.0
0.0
0.0
0.0
0.0
0.0
0.0
0.0
0.0
0.0
0.0
0.0
0.0
0.0
0.0
0.0
0.062490000000000004
0.16349
0.26576
0.36211
0.43895999999999996
0.5209900000000001
0.58901
0.65913
0.71739
0.76732
0.81578
0.86298
0.90219
0.93911
0.96947
0.99694
1.01718
1.03412
1.0439100000000001
1.05016
1.04977
1.0458
1.03454
1.01983
0.99633
0.96977
0.93588
0.8995
0.85312
0.79584
0.75498
0.71215
0.60348
0.50642
0.30082
0.10265
0.07262
0.03625
0.02528
0.00734
0.0
0.0
0.0
0.0
0.0
0.0
0.0
0.0
0.0
0.0
0.0
0.0
0.0
0.0
0.0
0.0
0.0
0.0
0.0
0.0
0.0
0.0
0.0
0.0
0.0
0.0
0.0
0.0
0.0
0.0
0.0
0.0
0.0
0.0
0.0
0.0
0.0
0.0
0.0
0.0
0.0
0.0
0.0
0.0
0.0
0.0
0.0
0.0
0.0
0.0
0.0
0.0
0.0
0.0
0.0
0.0
0.0056
0.01358
0.0559
0.09334
0.07668000000000001
0.0554
0.055619999999999996
0.05996
0.08742
0.12765
0.1702
0.2145
0.22418000000000002
0.23389
0.25478
0.27624
0.25315
0.22991
0.37543
0.52365
0.63971
0.72802
0.68164
0.63422
0.51637
0.40424
0.35011000000000003
0.29728
0.19399
0.10348
0.07869
0.054869999999999995
0.11170999999999999
0.15894999999999998
0.10776000000000001
0.06373
0.038369999999999994
0.01447
0.00968
0.00466
0.0
0.0
0.0
0.0
0.0
0.0
0.0
0.0
0.0
0.0
0.0
0.0
0.0
0.0
0.0
0.0
0.0
0.0
0.0
0.0
0.0
0.0
0.0
0.0
0.0
0.0
0.0
0.0
0.0
0.0
0.0
0.0
0.0
0.0
0.0
0.0
0.0
0.0
0.0
0.0
0.0
0.0
0.0
0.0
0.0
0.0
0.0
0.0
0.0
0.0
0.0
0.0
0.0
0.0
0.0
0.0
0.00368
0.00873
0.0067800000000000004
0.0053
0.00834
0.01139
0.02807
0.04503
0.05919
0.07428
0.07376
0.07352
0.0799
0.08635
0.09995
0.11386
0.10768000000000001
0.10178
0.09747
0.09329000000000001
0.07635
0.06073
0.06422
0.06781999999999999
0.06498000000000001
0.062259999999999996
0.07309
0.08493
0.07024
0.05603
0.04094
0.025929999999999998
0.02286
0.01979
0.0175
0.0152
0.01177
0.00834
0.00558
0.00273
0.0
0.0
0.0
0.0
0.0
0.0
0.0
0.0
0.0
0.0
0.0
0.0
0.0
0.0
0.0
0.0
0.0
0.0
0.0
0.0
0.0
0.0
0.0
0.0
0.0
0.0
0.0
0.0
0.0
0.0
0.0
0.0
0.0
0.0
0.0
0.0
0.0
0.0
0.0
0.0
0.0
0.0
0.0
0.0
0.0
0.0
0.0
0.0
0.0
0.0
0.0
0.0
0.0
0.0
0.0
0.0
0.0023599999999999997
0.00455
0.00873
0.01292
0.01712
0.02133
0.03016
0.039020000000000006
0.06326
0.09889
0.18319
0.29225
0.29637
0.30042
0.24198
0.20418
0.13533
0.06228
0.06342
0.06456999999999999
0.057479999999999996
0.05038
0.05589
0.06139
0.06729
0.07316
0.12716
0.19065000000000001
0.36047
0.52177
0.57238
0.60411
0.55703
0.50978
0.45809
0.40742
0.32385
0.24841999999999997
0.14092
0.04192
0.0
0.0
0.0
0.0
0.0
0.0
0.0
0.0
0.0
0.0
0.0
0.0
0.0
0.0
0.0
0.0
0.0
0.0
0.0
0.0
0.0
0.0
0.0
0.0
0.0
0.0
0.0
0.0
0.0
0.0
0.0
0.0
0.0
0.0
0.0
0.0
0.0
0.0
0.0
0.0
0.0
0.0
0.0
0.0
0.0
0.0
0.0
0.0
0.0
0.0
0.0
0.0
0.0
0.0
0.0
0.0
0.004719999999999999
0.01499
0.09874
0.18619
0.30586
0.44135
0.4298
0.40464999999999995
0.42617
0.44606999999999997
0.37361
0.29312
0.38581
0.50499
0.50382
0.50069
0.43533
0.39098
0.41311000000000003
0.43517
0.44938
0.46313
0.52366
0.55833
0.5621900000000001
0.56416
0.55804
0.54995
0.5640700000000001
0.55333
0.53999
0.52298
0.5468
0.54836
0.49307
0.43867
0.32089999999999996
0.21296
0.12938
0.0495
0.0
0.0
0.0
0.0
0.0
0.0
0.0
0.0
0.0
0.0
0.0
0.0
0.0
0.0
0.0
0.0
0.0
0.0
0.0
0.0
0.0
0.0
0.0
0.0
0.0
0.0
0.0
0.0
0.0
0.0
0.0
0.0
0.0
0.0
0.0
0.0
0.0
0.0
0.0
0.0
0.0
0.0
0.0
0.0
0.0
0.0
0.0
0.0
0.0
0.0
0.0
0.0
0.0
0.0
0.0
0.0
0.00747
0.09502
0.21893
0.32644
0.40602999999999995
0.49227
0.56161
0.6285700000000001
0.6907300000000001
0.75334
0.8057799999999999
0.85721
0.84603
0.83569
0.64695
0.40914
0.34947
0.26431
0.26074
0.25724
0.24852000000000002
0.23997
0.25903
0.27818
0.2933
0.308
0.28793
0.26825
0.24425
0.22083000000000003
0.19429
0.1687
0.13929
0.11105
0.07689
0.054060000000000004
0.03756
0.02069
0.01744
0.01098
0.0
0.0
0.0
0.0
0.0
0.0
0.0
0.0
0.0
0.0
0.0
0.0
0.0
0.0
0.0
0.0
0.0
0.0
0.0
0.0
0.0
0.0
0.0
0.0
0.0
0.0
0.0
0.0
0.0
0.0
0.0
0.0
0.0
0.0
0.0
0.0
0.0
0.0
0.0
0.0
0.0
0.0
0.0
0.0
0.0
0.0
0.0
0.0
0.0
0.0
0.0
0.0
0.0
0.0
0.0
0.0
0.0
0.02546
0.09140999999999999
0.14364
0.16873
0.19528
0.27501
0.37932
0.55165
0.7282000000000001
0.79247
0.85675
0.9043300000000001
0.9501799999999999
0.97164
1.0009400000000002
1.02114
1.03808
0.9582
0.8687699999999999
0.78913
0.71949
0.56079
0.40588
0.31894
0.21276
0.22012
0.22648
0.5215299999999999
0.7428400000000001
0.50129
0.26852
0.14752
0.04204
0.032369999999999996
0.02512
0.01775
0.01064
0.0085
0.00551
0.0
0.0
0.0
0.0
0.0
0.0
0.0
0.0
0.0
0.0
0.0
0.0
0.0
0.0
0.0
0.0
0.0
0.0
0.0
0.0
0.0
0.0
0.0
0.0
0.0
0.0
0.0
0.0
0.0
0.0
0.0
0.0
0.0
0.0
0.0
0.0
0.0
0.0
0.0
0.0
0.0
0.0
0.0
0.0
0.0
0.0
0.0
0.0
0.0
0.0
0.0
0.0
0.0
0.0
0.0
0.0
0.0
0.09012
0.21927000000000002
0.33796
0.39803
0.46142
0.53414
0.61042
0.68759
0.7730499999999999
0.8255800000000001
0.8675499999999999
0.8696900000000001
0.8621
0.93504
1.00186
0.97717
0.94143
0.90375
0.86081
0.83773
0.8032999999999999
0.88628
0.94447
0.84045
0.7189500000000001
0.66469
0.6107100000000001
0.5737899999999999
0.5363300000000001
0.50806
0.47824
0.41935
0.36310000000000003
0.29769
0.22375
0.16219
0.10704999999999999
0.06018
0.0146
0.0
0.0
0.0
0.0
0.0
0.0
0.0
0.0
0.0
0.0
0.0
0.0
0.0
0.0
0.0
0.0
0.0
0.0
0.0
0.0
0.0
0.0
0.0
0.0
0.0
0.0
0.0
0.0
0.0
0.0
0.0
0.0
0.0
0.0
0.0
0.0
0.0
0.0
0.0
0.0
0.0
0.0
0.0
0.0
0.0
0.0
0.0
0.0
0.0
0.0
0.0
0.0
0.0
0.0
0.0
0.0
0.0
0.03983
0.12552
0.1953
0.25219
0.31457999999999997
0.36963999999999997
0.42754000000000003
0.44297000000000003
0.45485000000000003
0.43949
0.43994
0.45992
0.47895
0.50773
0.53632
0.5527000000000001
0.56814
0.57423
0.57926
0.59809
0.6156900000000001
0.61622
0.61529
0.5917899999999999
0.56749
0.52527
0.48352999999999996
0.44477999999999995
0.4065
0.32131
0.25871
0.19611
0.12431
0.11143
0.09844
0.1015
0.10149
0.06687
0.02932
0.0
0.0
0.0
0.0
0.0
0.0
0.0
0.0
0.0
0.0
0.0
0.0
0.0
0.0
0.0
0.0
0.0
0.0
0.0
0.0
0.0
0.0
0.0
0.0
0.0
0.0
0.0
0.0
0.0
0.0
0.0
0.0
0.0
0.0
0.0
0.0
0.0
0.0
0.0
0.0
0.0
0.0
0.0
0.0
0.0
0.0
0.0
0.0
0.0
0.0
0.0
0.0
0.0
0.0
0.0
0.0
0.0
0.00652
0.01457
0.02325
0.02997
0.038770000000000006
0.05793
0.07733
0.10533
0.13444
0.21438
0.30258999999999997
0.30639999999999995
0.28895
0.26793
0.246
0.24517
0.24452000000000002
0.1756
0.13008
0.12905
0.12815000000000001
0.15063
0.17373
0.17737999999999998
0.18124
0.16902
0.1571
0.11916
0.08298
0.06428
0.046740000000000004
0.04443
0.04224
0.03481
0.0275
0.0206
0.013710000000000002
0.01299
0.01074
0.0
0.0
0.0
0.0
0.0
0.0
0.0
0.0
0.0
0.0
0.0
0.0
0.0
0.0
0.0
0.0
0.0
0.0
0.0
0.0
0.0
0.0
0.0
0.0
0.0
0.0
0.0
0.0
0.0
0.0
0.0
0.0
0.0
0.0
0.0
0.0
0.0
0.0
0.0
0.0
0.0
0.0
0.0
0.0
0.0
0.0
0.0
0.0
0.0
0.0
0.0
0.0
0.0
0.0
0.0
0.0
0.0
0.00435
0.00821
0.01216
0.01559
0.019030000000000002
0.02056
0.02209
0.029
0.03593
0.04796
0.06024
0.05036
0.04058
0.046759999999999996
0.05296
0.04871
0.044469999999999996
0.06006
0.07665000000000001
0.10939
0.1569
0.11941
0.09626
0.0885
0.08086
0.09470999999999999
0.11903
0.10509
0.08284
0.062299999999999994
0.04366
0.17771
0.29102999999999996
0.32581
0.3535
0.26758
0.19144
0.10423
0.020309999999999998
0.0
0.0
0.0
0.0
0.0
0.0
0.0
0.0
0.0
0.0
0.0
0.0
0.0
0.0
0.0
0.0
0.0
0.0
0.0
0.0
0.0
0.0
0.0
0.0
0.0
0.0
0.0
0.0
0.0
0.0
0.0
0.0
0.0
0.0
0.0
0.0
0.0
0.0
0.0
0.0
0.0
0.0
0.0
0.0
0.0
0.0
0.0
0.0
0.0
0.0
0.0
0.0
0.0
0.0
0.0
0.0
0.0
0.026690000000000002
0.07906999999999999
0.12337000000000001
0.16411
0.20792
0.25827999999999995
0.31187
0.35775999999999997
0.40551
0.53374
0.6603300000000001
0.69129
0.7203999999999999
0.77437
0.82732
0.8162200000000001
0.80084
0.71417
0.60925
0.61515
0.61972
0.60842
0.59593
0.69557
0.77539
0.83937
0.8875
0.6760499999999999
0.44358
0.35888
0.26238
0.21875999999999998
0.17776
0.12512
0.08843999999999999
0.060719999999999996
0.02921
0.02555
0.01721
0.0
0.0
0.0
0.0
0.0
0.0
0.0
0.0
0.0
0.0
0.0
0.0
0.0
0.0
0.0
0.0
0.0
0.0
0.0
0.0
0.0
0.0
0.0
0.0
0.0
0.0
0.0
0.0
0.0
0.0
0.0
0.0
0.0
0.0
0.0
0.0
0.0
0.0
0.0
0.0
0.0
0.0
0.0
0.0
0.0
0.0
0.0
0.0
0.0
0.0
0.0
0.0
0.0
0.0
0.0
0.0
0.0
0.0838
0.18384999999999999
0.27864999999999995
0.36489
0.46012000000000003
0.5628
0.68083
0.74893
0.81757
0.87376
0.92859
0.97353
1.00572
1.04006
1.07139
1.0949
1.11493
1.12298
1.12725
1.1231600000000002
1.11533
1.10433
1.10177
1.07993
1.05467
1.01699
0.97663
0.9298
0.88101
0.82597
0.76991
0.70397
0.63851
0.55948
0.48343
0.3892
0.31213
0.17969
0.05925
0.0
0.0
0.0
0.0
0.0
0.0
0.0
0.0
0.0
0.0
0.0
0.0
0.0
0.0
0.0
0.0
0.0
0.0
0.0
0.0
0.0
0.0
0.0
0.0
0.0
0.0
0.0
0.0
0.0
0.0
0.0
0.0
0.0
0.0
0.0
0.0
0.0
0.0
0.0
0.0
0.0
0.0
0.0
0.0
0.0
0.0
0.0
0.0
0.0
0.0
0.0
0.0
0.0
0.0
0.0
0.0
0.0
0.03576
0.10305
0.16036
0.20919
0.26280000000000003
0.2859
0.32443
0.42926
0.52444
0.61423
0.70051
0.72248
0.74133
0.72393
0.71327
0.7177899999999999
0.71982
0.7773
0.84523
0.91213
0.96735
0.91365
0.85133
0.7393200000000001
0.6406000000000001
0.64279
0.64159
0.5576599999999999
0.45699
0.40888
0.36244
0.34125
0.3185
0.27215
0.22806
0.17447
0.12576
0.07341
0.02174
0.0
0.0
0.0
0.0
0.0
0.0
0.0
0.0
0.0
0.0
0.0
0.0
0.0
0.0
0.0
0.0
0.0
0.0
0.0
0.0
0.0
0.0
0.0
0.0
0.0
0.0
0.0
0.0
0.0
0.0
0.0
0.0
0.0
0.0
0.0
0.0
0.0
0.0
0.0
0.0
0.0
0.0
0.0
0.0
0.0
0.0
0.0
0.0
0.0
0.0
0.0
0.0
0.0
0.0
0.0
0.0
0.0
0.023289999999999998
0.08275
0.14055
0.21465
0.28434
0.33532
0.38898
0.41751
0.44431
0.44843
0.46998
0.52085
0.5955499999999999
0.57616
0.5771499999999999
0.6485
0.69662
0.72334
0.7484
0.7459
0.74133
0.61549
0.5170399999999999
0.64238
0.73811
0.77906
0.80302
0.7293099999999999
0.65585
0.44007
0.21154
0.22058000000000003
0.22797
0.17309
0.12226999999999999
0.07687999999999999
0.04461
0.02837
0.013300000000000001
0.0
0.0
0.0
0.0
0.0
0.0
0.0
0.0
0.0
0.0
0.0
0.0
0.0
0.0
0.0
0.0
0.0
0.0
0.0
0.0
0.0
0.0
0.0
0.0
0.0
0.0
0.0
0.0
0.0
0.0
0.0
0.0
0.0
0.0
0.0
0.0
0.0
0.0
0.0
0.0
0.0
0.0
0.0
0.0
0.0
0.0
0.0
0.0
0.0
0.0
0.0
0.0
0.0
0.0
0.0
0.0
0.0
0.00638
0.01659
0.028059999999999998
0.0426
0.056909999999999995
0.07359
0.09067
0.09935
0.10818000000000001
0.11463
0.12135
0.13266999999999998
0.14431
0.15868000000000002
0.17343
0.16605
0.15884
0.17351
0.18852000000000002
0.24230000000000002
0.2756
0.27238
0.26927999999999996
0.22428
0.16215000000000002
0.14607
0.13043000000000002
0.12188
0.11351
0.09776
0.08231999999999999
0.08677
0.09148999999999999
0.07574
0.06055
0.04471
0.028739999999999998
0.02137
0.0105
0.0
0.0
0.0
0.0
0.0
0.0
0.0
0.0
0.0
0.0
0.0
0.0
0.0
0.0
0.0
0.0
0.0
0.0
0.0
0.0
0.0
0.0
0.0
0.0
0.0
0.0
0.0
0.0
0.0
0.0
0.0
0.0
0.0
0.0
0.0
0.0
0.0
0.0
0.0
0.0
0.0
0.0
0.0
0.0
0.0
0.0
0.0
0.0
0.0
0.0
0.0
0.0
0.0
0.0
0.0
0.0
0.0
0.00517
0.02585
0.05921
0.09039
0.12331
0.16306
0.20584
0.18639
0.16504
0.24123
0.32125
0.37742000000000003
0.41505000000000003
0.43360000000000004
0.45116
0.47275
0.49447
0.55824
0.6216
0.608
0.59309
0.6611
0.70226
0.56626
0.45823
0.40673000000000004
0.33517
0.4136
0.4648
0.37310000000000004
0.27055
0.21916999999999998
0.17073
0.27522
0.3629
0.2898
0.22441
0.12458
0.02768
0.0
0.0
0.0
0.0
0.0
0.0
0.0
0.0
0.0
0.0
0.0
0.0
0.0
0.0
0.0
0.0
0.0
0.0
0.0
0.0
0.0
0.0
0.0
0.0
0.0
0.0
0.0
0.0
0.0
0.0
0.0
0.0
0.0
0.0
0.0
0.0
0.0
0.0
0.0
0.0
0.0
0.0
0.0
0.0
0.0
0.0
0.0
0.0
0.0
0.0
0.0
0.0
0.0
0.0
0.0
0.0
0.0
0.02151
0.09508
0.16875
0.24009
0.32111
0.41781999999999997
0.51862
0.59649
0.6725099999999999
0.73013
0.7876599999999999
0.83312
0.87707
0.90895
0.93828
0.95066
0.9596399999999999
0.9798600000000001
0.99699
0.98023
0.9598300000000001
0.86214
0.74386
0.6207
0.47873000000000004
0.40495
0.35536
0.39107
0.40182
0.39133
0.37916000000000005
0.37055
0.33957
0.37767
0.39913
0.31976
0.24731
0.14152
0.039729999999999994
0.0
0.0
0.0
0.0
0.0
0.0
0.0
0.0
0.0
0.0
0.0
0.0
0.0
0.0
0.0
0.0
0.0
0.0
0.0
0.0
0.0
0.0
0.0
0.0
0.0
0.0
0.0
0.0
0.0
0.0
0.0
0.0
0.0
0.0
0.0
0.0
0.0
0.0
0.0
0.0
0.0
0.0
0.0
0.0
0.0
0.0
0.0
0.0
0.0
0.0
0.0
0.0
0.0
0.0
0.0
0.0
0.0
0.03007
0.10308
0.17703
0.23659
0.30354000000000003
0.36182
0.42371
0.55138
0.6822699999999999
0.76859
0.85437
0.8986000000000001
0.9409400000000001
0.97477
1.00593
1.02899
1.0488
1.06202
1.07171
1.0735599999999998
1.07176
1.06146
1.0476400000000001
1.02654
1.00223
0.9719800000000001
0.93898
0.89844
0.85581
0.80553
0.75425
0.6982
0.63481
0.53036
0.43901
0.335
0.2422
0.15531
0.06725
0.0
0.0
0.0
0.0
0.0
0.0
0.0
0.0
0.0
0.0
0.0
0.0
0.0
0.0
0.0
0.0
0.0
0.0
0.0
0.0
0.0
0.0
0.0
0.0
0.0
0.0
0.0
0.0
0.0
0.0
0.0
0.0
0.0
0.0
0.0
0.0
0.0
0.0
0.0
0.0
0.0
0.0
0.0
0.0
0.0
0.0
0.0
0.0
0.0
0.0
0.0
0.0
0.0
0.0
0.0
0.0
0.0
0.05974
0.1784
0.30091
0.38388
0.47374
0.54601
0.6214400000000001
0.68362
0.73854
0.7899299999999999
0.8404400000000001
0.8829400000000001
0.92353
0.9567100000000001
0.98719
0.9810800000000001
0.95739
0.87672
0.7712899999999999
0.82248
0.86295
0.9418099999999999
0.99572
0.98858
0.97774
0.94848
0.91652
0.87975
0.84074
0.78926
0.73693
0.68376
0.62307
0.54955
0.47893
0.36011000000000004
0.25064
0.15203999999999998
0.05378
0.0
0.0
0.0
0.0
0.0
0.0
0.0
0.0
0.0
0.0
0.0
0.0
0.0
0.0
0.0
0.0
0.0
0.0
0.0
0.0
0.0
0.0
0.0
0.0
0.0
0.0
0.0
0.0
0.0
0.0
0.0
0.0
0.0
0.0
0.0
0.0
0.0
0.0
0.0
0.0
0.0
0.0
0.0
0.0
0.0
0.0
0.0
0.0
0.0
0.0
0.0
0.0
0.0
0.0
0.0
0.0
0.0
0.01609
0.05974
0.10485
0.15613
0.21298
0.27399
0.35719999999999996
0.41476999999999997
0.47516
0.5161100000000001
0.55703
0.5801799999999999
0.60138
0.60781
0.58901
0.59529
0.5999500000000001
0.56022
0.49443
0.53531
0.5512400000000001
0.56226
0.5719500000000001
0.56743
0.5615399999999999
0.54798
0.53303
0.48369
0.43565
0.42872000000000005
0.43781
0.47539
0.50986
0.38545
0.28126
0.2293
0.18111000000000002
0.10664
0.02892
0.0
0.0
0.0
0.0
0.0
0.0
0.0
0.0
0.0
0.0
0.0
0.0
0.0
0.0
0.0
0.0
0.0
0.0
0.0
0.0
0.0
0.0
0.0
0.0
0.0
0.0
0.0
0.0
0.0
0.0
0.0
0.0
0.0
0.0
0.0
0.0
0.0
0.0
0.0
0.0
0.0
0.0
0.0
0.0
0.0
0.0
0.0
0.0
0.0
0.0
0.0
0.0
0.0
0.0
0.0
0.0
0.0
0.00641
0.0065899999999999995
0.006059999999999999
0.00796
0.009859999999999999
0.01291
0.01597
0.01712
0.018269999999999998
0.02364
0.02902
0.02634
0.02366
0.02597
0.02828
0.0256
0.02293
0.03022
0.03753
0.03446
0.03138
0.030989999999999997
0.030600000000000002
0.02983
0.02905
0.02828
0.0275
0.020980000000000002
0.01447
0.013699999999999999
0.01293
0.01064
0.00835
0.00758
0.0068200000000000005
0.005679999999999999
0.00454
0.00302
0.00157
0.0
0.0
0.0
0.0
0.0
0.0
0.0
0.0
0.0
0.0
0.0
0.0
0.0
0.0
0.0
0.0
0.0
0.0
0.0
0.0
0.0
0.0
0.0
0.0
0.0
0.0
0.0
0.0
0.0
0.0
0.0
0.0
0.0
0.0
0.0
0.0
0.0
0.0
0.0
0.0
0.0
0.0
0.0
0.0
0.0
0.0
0.0
0.0
0.0
0.0
0.0
0.0
0.0
0.0
0.0
0.0
0.0
0.03494
0.1013
0.17149
0.28079000000000004
0.40594
0.36307999999999996
0.29837
0.28806
0.28931999999999997
0.18406
0.07992
0.11422
0.15045
0.15125
0.15242
0.1459
0.13967
0.12309
0.09569
0.08882
0.08199
0.08493
0.08791
0.11549
0.13240000000000002
0.15246
0.1721
0.109
0.04607
0.12102
0.17851
0.16893
0.15919
0.12218000000000001
0.08795
0.05274
0.02953
0.020640000000000002
0.01227
0.0
0.0
0.0
0.0
0.0
0.0
0.0
0.0
0.0
0.0
0.0
0.0
0.0
0.0
0.0
0.0
0.0
0.0
0.0
0.0
0.0
0.0
0.0
0.0
0.0
0.0
0.0
0.0
0.0
0.0
0.0
0.0
0.0
0.0
0.0
0.0
0.0
0.0
0.0
0.0
0.0
0.0
0.0
0.0
0.0
0.0
0.0
0.0
0.0
0.0
0.0
0.0
0.0
0.0
0.0
0.0
0.0
0.03164
0.13905
0.26198
0.34776999999999997
0.4427
0.5112300000000001
0.5907899999999999
0.65577
0.72174
0.77724
0.83211
0.87513
0.91616
0.9501799999999999
0.97033
0.99526
1.01717
1.0285199999999999
1.03648
1.03983
1.03972
1.0324200000000001
1.0217
1.00364
0.98241
0.95268
0.92027
0.87974
0.84663
0.76743
0.69508
0.6593300000000001
0.626
0.55416
0.48486
0.39905
0.31914
0.20581
0.08403000000000001
0.0
0.0
0.0
0.0
0.0
0.0
0.0
0.0
0.0
0.0
0.0
0.0
0.0
0.0
0.0
0.0
0.0
0.0
0.0
0.0
0.0
0.0
0.0
0.0
0.0
0.0
0.0
0.0
0.0
0.0
0.0
0.0
0.0
0.0
0.0
0.0
0.0
0.0
0.0
0.0
0.0
0.0
0.0
0.0
0.0
0.0
0.0
0.0
0.0
0.0
0.0
0.0
0.0
0.0
0.0
0.0
0.0
0.038340000000000006
0.14266
0.26230000000000003
0.34823000000000004
0.43755
0.51627
0.5991299999999999
0.66259
0.7269500000000001
0.78066
0.82452
0.8675
0.90866
0.94274
0.97419
0.9958400000000001
1.01433
1.02621
1.03467
1.0379800000000001
1.0378
1.02942
1.01765
0.99762
0.97454
0.88228
0.78649
0.57705
0.35037999999999997
0.25858
0.15556999999999999
0.09654
0.038259999999999995
0.030940000000000002
0.02364
0.01751
0.0114
0.00992
0.00747
0.0
0.0
0.0
0.0
0.0
0.0
0.0
0.0
0.0
0.0
0.0
0.0
0.0
0.0
0.0
0.0
0.0
0.0
0.0
0.0
0.0
0.0
0.0
0.0
0.0
0.0
0.0
0.0
0.0
0.0
0.0
0.0
0.0
0.0
0.0
0.0
0.0
0.0
0.0
0.0
0.0
0.0
0.0
0.0
0.0
0.0
0.0
0.0
0.0
0.0
0.0
0.0
0.0
0.0
0.0
0.0
0.0
0.038200000000000005
0.13302
0.27963
0.36915
0.46554
0.50026
0.5258700000000001
0.63087
0.7489
0.79513
0.84825
0.89278
0.9354199999999999
0.97047
1.00286
1.02723
1.04838
1.06246
1.07301
1.0763900000000002
1.07613
1.06897
1.05822
1.03956
1.01752
0.98981
0.9591799999999999
0.91918
0.87695
0.8284199999999999
0.77866
0.71856
0.65872
0.58797
0.52428
0.43849
0.3585
0.22899
0.10291
0.0
0.0
0.0
0.0
0.0
0.0
0.0
0.0
0.0
0.0
0.0
0.0
0.0
0.0
0.0
0.0
0.0
0.0
0.0
0.0
0.0
0.0
0.0
0.0
0.0
0.0
0.0
0.0
0.0
0.0
0.0
0.0
0.0
0.0
0.0
0.0
0.0
0.0
0.0
0.0
0.0
0.0
0.0
0.0
0.0
0.0
0.0
0.0
0.0
0.0
0.0
0.0
0.0
0.0
0.0
0.0
0.0
0.0071200000000000005
0.03356
0.09197
0.13022999999999998
0.16987
0.20518
0.2419
0.42110000000000003
0.6116900000000001
0.71384
0.81555
0.81701
0.81992
0.69843
0.55311
0.5427000000000001
0.5302899999999999
0.52118
0.48678
0.56014
0.60858
0.677
0.71954
0.64859
0.55602
0.60291
0.62342
0.54876
0.47507
0.34743999999999997
0.23341
0.2195
0.20583
0.26831
0.31982
0.32887
0.31858
0.20708000000000001
0.08301
0.0
0.0
0.0
0.0
0.0
0.0
0.0
0.0
0.0
0.0
0.0
0.0
0.0
0.0
0.0
0.0
0.0
0.0
0.0
0.0
0.0
0.0
0.0
0.0
0.0
0.0
0.0
0.0
0.0
0.0
0.0
0.0
0.0
0.0
0.0
0.0
0.0
0.0
0.0
0.0
0.0
0.0
0.0
0.0
0.0
0.0
0.0
0.0
0.0
0.0
0.0
0.0
0.0
0.0
0.0
0.0
0.0
0.004719999999999999
0.10167
0.23339
0.31803
0.4096
0.48428
0.56338
0.62734
0.68713
0.74276
0.7979299999999999
0.84314
0.8866900000000001
0.92204
0.95494
0.98076
1.0035800000000001
1.01796
1.02902
1.03497
1.03743
1.02135
1.01428
0.99633
0.97526
0.95728
0.92508
0.8864500000000001
0.84575
0.79498
0.74321
0.6818200000000001
0.62087
0.5479299999999999
0.47758
0.39749
0.31827
0.20158
0.07853
0.0
0.0
0.0
0.0
0.0
0.0
0.0
0.0
0.0
0.0
0.0
0.0
0.0
0.0
0.0
0.0
0.0
0.0
0.0
0.0
0.0
0.0
0.0
0.0
0.0
0.0
0.0
0.0
0.0
0.0
0.0
0.0
0.0
0.0
0.0
0.0
0.0
0.0
0.0
0.0
0.0
0.0
0.0
0.0
0.0
0.0
0.0
0.0
0.0
0.0
0.0
0.0
0.0
0.0
0.0
0.0
0.0
0.00157
0.0126
0.01604
0.02698
0.03781
0.05169
0.06556000000000001
0.08940000000000001
0.11405
0.16054
0.19612000000000002
0.21309
0.23066
0.14648
0.06147
0.0545
0.047549999999999995
0.04293
0.038310000000000004
0.038310000000000004
0.038310000000000004
0.07506
0.11810999999999999
0.12941999999999998
0.14113
0.18900999999999998
0.22081
0.15241
0.08012999999999999
0.11566
0.15615
0.24342
0.30779
0.26198
0.21805000000000002
0.14107
0.0596
0.03673
0.01148
0.0
0.0
0.0
0.0
0.0
0.0
0.0
0.0
0.0
0.0
0.0
0.0
0.0
0.0
0.0
0.0
0.0
0.0
0.0
0.0
0.0
0.0
0.0
0.0
0.0
0.0
0.0
0.0
0.0
0.0
0.0
0.0
0.0
0.0
0.0
0.0
0.0
0.0
0.0
0.0
0.0
0.0
0.0
0.0
0.0
0.0
0.0
0.0
0.0
0.0
0.0
0.0
0.0
0.0
0.0
0.0
0.0
0.0023599999999999997
0.009460000000000001
0.01218
0.01868
0.0252
0.03134
0.0375
0.06247
0.08929999999999999
0.07431
0.06043
0.04548
0.03057
0.046759999999999996
0.06302
0.044840000000000005
0.026760000000000003
0.02255
0.01833
0.019870000000000002
0.0214
0.02293
0.024460000000000003
0.02139
0.01832
0.024059999999999998
0.02981
0.02558
0.02135
0.01829
0.015220000000000001
0.01216
0.00911
0.00758
0.006059999999999999
0.0053
0.00454
0.00302
0.00157
0.0
0.0
0.0
0.0
0.0
0.0
0.0
0.0
0.0
0.0
0.0
0.0
0.0
0.0
0.0
0.0
0.0
0.0
0.0
0.0
0.0
0.0
0.0
0.0
0.0
0.0
0.0
0.0
0.0
0.0
0.0
0.0
0.0
0.0
0.0
0.0
0.0
0.0
0.0
0.0
0.0
0.0
0.0
0.0
0.0
0.0
0.0
0.0
0.0
0.0
0.0
0.0
0.0
0.0
0.0
0.0
0.0
0.00315
0.01752
0.022760000000000002
0.03959
0.05578
0.09242
0.12328
0.22258
0.33325
0.40045
0.47179000000000004
0.54883
0.6075
0.5465599999999999
0.50345
0.52554
0.54698
0.56456
0.5813400000000001
0.58876
0.5950700000000001
0.55708
0.51858
0.44287
0.39188
0.38139
0.37043
0.38841000000000003
0.42333
0.42668
0.42674
0.34507
0.25397
0.20535
0.15991999999999998
0.1087
0.05153
0.037770000000000005
0.02127
0.0
0.0
0.0
0.0
0.0
0.0
0.0
0.0
0.0
0.0
0.0
0.0
0.0
0.0
0.0
0.0
0.0
0.0
0.0
0.0
0.0
0.0
0.0
0.0
0.0
0.0
0.0
0.0
0.0
0.0
0.0
0.0
0.0
0.0
0.0
0.0
0.0
0.0
0.0
0.0
0.0
0.0
0.0
0.0
0.0
0.0
0.0
0.0
0.0
0.0
0.0
0.0
0.0
0.0
0.0
0.0
0.0
0.00315
0.02551
0.06191
0.11944
0.16956
0.21877000000000002
0.27167
0.22081
0.16238999999999998
0.17884
0.19577
0.32171
0.4564
0.46532
0.473
0.50697
0.54092
0.58077
0.62024
0.6463
0.69612
0.82621
0.94171
0.90616
0.86834
0.74385
0.61511
0.7073200000000001
0.7806900000000001
0.6979299999999999
0.61726
0.50893
0.41689
0.33614
0.24702000000000002
0.1866
0.13199
0.09132
0.03458
0.0
0.0
0.0
0.0
0.0
0.0
0.0
0.0
0.0
0.0
0.0
0.0
0.0
0.0
0.0
0.0
0.0
0.0
0.0
0.0
0.0
0.0
0.0
0.0
0.0
0.0
0.0
0.0
0.0
0.0
0.0
0.0
0.0
0.0
0.0
0.0
0.0
0.0
0.0
0.0
0.0
0.0
0.0
0.0
0.0
0.0
0.0
0.0
0.0
0.0
0.0
0.0
0.0
0.0
0.0
0.0
0.0
0.0
0.00786
0.00911
0.013689999999999999
0.018269999999999998
0.023629999999999998
0.02901
0.041729999999999996
0.055740000000000005
0.06001
0.06439
0.051770000000000004
0.04057
0.04444
0.048310000000000006
0.03829
0.028300000000000002
0.026
0.0237
0.02179
0.019870000000000002
0.02831
0.03676
0.038299999999999994
0.03983
0.05063
0.06147
0.0541
0.046740000000000004
0.03363
0.02057
0.01751
0.01445
0.014060000000000001
0.01367
0.00948
0.0053
0.004030000000000001
0.0028
0.0011799999999999998
0.0
0.0
0.0
0.0
0.0
0.0
0.0
0.0
0.0
0.0
0.0
0.0
0.0
0.0
0.0
0.0
0.0
0.0
0.0
0.0
0.0
0.0
0.0
0.0
0.0
0.0
